1, 0.0779, 35
2, 0.0786, 59
3, 0.0813, 83
4, 0.0892, 106
5, 0.0972, 130
6, 0.1037, 153
7, 0.1095, 177
8, 0.1147, 200
9, 0.1209, 223
10, 0.1261, 246
11, 0.1342, 269
12, 0.1423, 292
13, 0.1493, 315
14, 0.153, 338
15, 0.1609, 361
16, 0.1716, 384
17, 0.1843, 407
18, 0.1887, 430
19, 0.1924, 453
20, 0.1951, 477
21, 0.1966, 500
22, 0.1946, 523
23, 0.1932, 546
24, 0.1942, 569
25, 0.1963, 593
26, 0.1975, 621
27, 0.2013, 648
28, 0.2052, 671
29, 0.2135, 695
30, 0.2208, 718
31, 0.2313, 742
32, 0.2399, 765
33, 0.2452, 789
34, 0.2475, 812
35, 0.2528, 835
36, 0.2562, 859
37, 0.2616, 882
38, 0.2668, 905
39, 0.2708, 929
40, 0.2755, 952
41, 0.2779, 975
42, 0.2809, 999
43, 0.2835, 1022
44, 0.2869, 1045
45, 0.2929, 1069
46, 0.2964, 1092
47, 0.3006, 1116
48, 0.303, 1139
49, 0.3061, 1162
50, 0.3085, 1186
51, 0.311, 1209
52, 0.3138, 1233
53, 0.317, 1256
54, 0.3191, 1280
55, 0.3217, 1303
56, 0.3252, 1327
57, 0.3279, 1350
58, 0.3304, 1374
59, 0.3327, 1397
60, 0.3352, 1421
61, 0.338, 1444
62, 0.3398, 1467
63, 0.3419, 1490
64, 0.3433, 1513
65, 0.3452, 1537
66, 0.3481, 1569
67, 0.3504, 1592
68, 0.352, 1616
69, 0.3542, 1639
70, 0.357, 1662
71, 0.3589, 1686
72, 0.3606, 1709
73, 0.3622, 1732
74, 0.3652, 1755
75, 0.3674, 1779
76, 0.3693, 1802
77, 0.3716, 1826
78, 0.3728, 1849
79, 0.3744, 1873
80, 0.3765, 1896
81, 0.378, 1919
82, 0.3807, 1943
83, 0.3827, 1966
84, 0.3864, 1990
85, 0.3882, 2013
86, 0.3893, 2037
87, 0.3908, 2061
88, 0.3929, 2084
89, 0.3946, 2108
90, 0.3961, 2132
91, 0.3976, 2155
92, 0.3985, 2179
93, 0.4011, 2202
94, 0.4019, 2226
95, 0.4037, 2249
96, 0.4057, 2273
97, 0.4076, 2296
98, 0.4089, 2320
99, 0.4116, 2343
100, 0.4136, 2367
101, 0.4148, 2390
102, 0.4157, 2414
103, 0.4167, 2437
104, 0.4193, 2461
105, 0.4206, 2484
106, 0.4216, 2508
107, 0.4229, 2532
108, 0.425, 2564
109, 0.4265, 2587
110, 0.4272, 2611
111, 0.4283, 2635
112, 0.4297, 2658
113, 0.4307, 2681
114, 0.432, 2705
115, 0.4323, 2728
116, 0.433, 2751
117, 0.4338, 2775
118, 0.4347, 2798
119, 0.4359, 2822
120, 0.4375, 2846
121, 0.4383, 2869
122, 0.4388, 2893
123, 0.4396, 2916
124, 0.4407, 2939
125, 0.4416, 2963
126, 0.4425, 2987
127, 0.4435, 3010
128, 0.4452, 3033
129, 0.4459, 3057
130, 0.447, 3080
131, 0.4468, 3104
132, 0.4479, 3127
133, 0.4485, 3151
134, 0.4505, 3174
135, 0.4514, 3198
136, 0.4507, 3221
137, 0.4519, 3245
138, 0.4534, 3268
139, 0.455, 3292
140, 0.4563, 3316
141, 0.4578, 3339
142, 0.4578, 3363
143, 0.4579, 3386
144, 0.4589, 3410
145, 0.4591, 3434
146, 0.4597, 3458
147, 0.4607, 3481
148, 0.4618, 3505
149, 0.4627, 3528
150, 0.4641, 3552
151, 0.4654, 3583
152, 0.4662, 3607
153, 0.4666, 3630
154, 0.4677, 3654
155, 0.4684, 3677
156, 0.4691, 3700
157, 0.4699, 3724
158, 0.4711, 3748
159, 0.472, 3771
160, 0.4739, 3795
161, 0.4747, 3818
162, 0.4754, 3842
163, 0.4759, 3865
164, 0.4766, 3889
165, 0.4775, 3912
166, 0.4782, 3936
167, 0.4795, 3959
168, 0.48, 3982
169, 0.4801, 4006
170, 0.4815, 4030
171, 0.4826, 4053
172, 0.483, 4077
173, 0.4844, 4100
174, 0.4859, 4124
175, 0.486, 4147
176, 0.4871, 4171
177, 0.4874, 4194
178, 0.4882, 4218
179, 0.4891, 4241
180, 0.4894, 4265
181, 0.4898, 4289
182, 0.4916, 4312
183, 0.493, 4335
184, 0.4935, 4359
185, 0.4947, 4382
186, 0.4951, 4406
187, 0.4954, 4430
188, 0.4959, 4453
189, 0.4957, 4476
190, 0.4959, 4508
191, 0.4964, 4531
192, 0.497, 4554
193, 0.4982, 4578
194, 0.4987, 4601
195, 0.4994, 4624
196, 0.4999, 4648
197, 0.4996, 4671
198, 0.5004, 4695
199, 0.5007, 4719
200, 0.5011, 4742
201, 0.502, 4766
202, 0.5021, 4789
203, 0.5029, 4813
204, 0.5041, 4836
205, 0.5046, 4860
206, 0.5056, 4883
207, 0.5052, 4907
208, 0.5056, 4930
209, 0.5064, 4954
210, 0.5069, 4977
211, 0.5074, 5001
212, 0.5079, 5024
213, 0.5083, 5048
214, 0.509, 5071
215, 0.5094, 5095
216, 0.5093, 5118
217, 0.5109, 5142
218, 0.5118, 5165
219, 0.513, 5189
220, 0.5139, 5212
221, 0.5144, 5236
222, 0.5149, 5259
223, 0.5157, 5283
224, 0.516, 5306
225, 0.5165, 5330
226, 0.5172, 5354
227, 0.5183, 5377
228, 0.5193, 5401
229, 0.52, 5433
230, 0.5202, 5456
231, 0.5214, 5480
232, 0.5225, 5503
233, 0.5229, 5527
234, 0.5241, 5550
235, 0.525, 5573
236, 0.5249, 5597
237, 0.5251, 5620
238, 0.5251, 5644
239, 0.5261, 5667
240, 0.5274, 5690
241, 0.528, 5714
242, 0.5287, 5737
243, 0.5282, 5761
244, 0.5281, 5784
245, 0.5286, 5808
246, 0.5294, 5831
247, 0.5293, 5855
248, 0.5301, 5878
249, 0.5309, 5902
250, 0.532, 5926
251, 0.5326, 5949
252, 0.5327, 5972
253, 0.5332, 5996
254, 0.5331, 6019
255, 0.534, 6042
256, 0.5345, 6066
257, 0.5357, 6089
258, 0.5361, 6113
259, 0.5354, 6136
260, 0.5358, 6159
261, 0.5358, 6183
262, 0.5365, 6206
263, 0.5369, 6229
264, 0.5375, 6253
265, 0.5378, 6277
266, 0.5385, 6301
267, 0.5388, 6324
268, 0.5402, 6348
269, 0.54, 6372
270, 0.5406, 6396
271, 0.5406, 6428
272, 0.5407, 6451
273, 0.542, 6475
274, 0.5425, 6498
275, 0.543, 6522
276, 0.5436, 6545
277, 0.5439, 6569
278, 0.5446, 6593
279, 0.546, 6616
280, 0.5457, 6640
281, 0.5453, 6664
282, 0.5451, 6687
283, 0.546, 6711
284, 0.5465, 6734
285, 0.547, 6757
286, 0.5481, 6781
287, 0.5481, 6804
288, 0.5486, 6828
289, 0.5489, 6852
290, 0.5494, 6875
291, 0.5496, 6899
292, 0.5498, 6922
293, 0.5503, 6946
294, 0.5502, 6969
295, 0.5503, 6993
296, 0.5506, 7016
297, 0.551, 7039
298, 0.5516, 7063
299, 0.5521, 7087
300, 0.5532, 7110
301, 0.5534, 7134
302, 0.5535, 7158
303, 0.5542, 7181
304, 0.5544, 7205
305, 0.5544, 7228
306, 0.5549, 7252
307, 0.5557, 7275
308, 0.5557, 7299
309, 0.5567, 7322
310, 0.5567, 7346
311, 0.5576, 7370
312, 0.5572, 7401
313, 0.559, 7424
314, 0.5589, 7448
315, 0.56, 7471
316, 0.5604, 7495
317, 0.5617, 7518
318, 0.561, 7542
319, 0.562, 7565
320, 0.5619, 7589
321, 0.5621, 7612
322, 0.562, 7636
323, 0.5624, 7659
324, 0.5623, 7683
325, 0.5635, 7706
326, 0.5635, 7730
327, 0.5649, 7753
328, 0.5645, 7777
329, 0.5647, 7800
330, 0.5655, 7824
331, 0.5665, 7847
332, 0.5666, 7871
333, 0.5669, 7895
334, 0.5672, 7918
335, 0.5668, 7942
336, 0.5678, 7965
337, 0.5677, 7989
338, 0.5684, 8013
339, 0.5687, 8036
340, 0.5692, 8060
341, 0.569, 8083
342, 0.5695, 8107
343, 0.5699, 8130
344, 0.5695, 8154
345, 0.571, 8178
346, 0.5713, 8201
347, 0.5715, 8225
348, 0.5724, 8249
349, 0.5724, 8272
350, 0.5735, 8296
351, 0.573, 8319
352, 0.5739, 8343
353, 0.5735, 8366
354, 0.574, 8390
355, 0.574, 8413
356, 0.5748, 8445
357, 0.5749, 8468
358, 0.5753, 8492
359, 0.5762, 8515
360, 0.5767, 8539
361, 0.5772, 8562
362, 0.5778, 8586
363, 0.5775, 8609
364, 0.5777, 8633
365, 0.5784, 8656
366, 0.5788, 8680
367, 0.5787, 8703
368, 0.5791, 8727
369, 0.5796, 8750
370, 0.5795, 8773
371, 0.5795, 8797
372, 0.5804, 8820
373, 0.5804, 8844
374, 0.5805, 8867
375, 0.581, 8890
376, 0.5815, 8914
377, 0.5819, 8937
378, 0.5816, 8960
379, 0.5824, 8984
380, 0.5834, 9007
381, 0.5835, 9031
382, 0.5828, 9054
383, 0.5829, 9078
384, 0.583, 9101
385, 0.5835, 9125
386, 0.5832, 9149
387, 0.5833, 9173
388, 0.5832, 9196
389, 0.5837, 9220
390, 0.5834, 9244
391, 0.5845, 9267
392, 0.5842, 9291
393, 0.5847, 9314
394, 0.5849, 9338
395, 0.585, 9361
396, 0.5854, 9385
397, 0.5858, 9408
398, 0.5862, 9432
399, 0.5862, 9464
400, 0.5866, 9488
401, 0.587, 9511
402, 0.5874, 9535
403, 0.5869, 9558
404, 0.5874, 9582
405, 0.5871, 9606
406, 0.5871, 9629
407, 0.5875, 9653
408, 0.5871, 9676
409, 0.588, 9699
410, 0.5873, 9723
411, 0.5882, 9746
412, 0.5879, 9770
413, 0.5878, 9794
414, 0.5887, 9817
415, 0.589, 9841
416, 0.5891, 9864
417, 0.589, 9888
418, 0.5897, 9911
419, 0.5904, 9935
420, 0.5902, 9959
421, 0.5903, 9982
422, 0.5898, 10006
423, 0.5907, 10029
424, 0.5902, 10053
425, 0.5903, 10076
426, 0.5907, 10099
427, 0.5911, 10123
428, 0.5916, 10146
429, 0.5919, 10170
430, 0.5926, 10202
431, 0.593, 10226
432, 0.5935, 10250
433, 0.5933, 10273
434, 0.5937, 10296
435, 0.5938, 10319
436, 0.5938, 10343
437, 0.5943, 10366
438, 0.5951, 10391
439, 0.5955, 10421
440, 0.5966, 10445
441, 0.5966, 10468
442, 0.5973, 10492
443, 0.5973, 10516
444, 0.5977, 10539
445, 0.598, 10563
446, 0.5979, 10586
447, 0.5981, 10610
448, 0.5984, 10633
449, 0.5983, 10657
450, 0.5988, 10680
451, 0.5984, 10703
452, 0.5991, 10727
453, 0.5988, 10751
454, 0.5995, 10774
455, 0.5988, 10797
456, 0.5993, 10821
457, 0.5999, 10844
458, 0.5994, 10868
459, 0.6005, 10891
460, 0.5998, 10914
461, 0.6003, 10938
462, 0.6011, 10961
463, 0.6011, 10985
464, 0.6022, 11008
465, 0.6021, 11031
466, 0.6025, 11055
467, 0.6026, 11078
468, 0.6025, 11102
469, 0.6029, 11126
470, 0.6022, 11149
471, 0.6035, 11173
472, 0.6023, 11196
473, 0.6035, 11219
474, 0.6025, 11243
475, 0.6032, 11266
476, 0.6033, 11290
477, 0.6041, 11313
478, 0.604, 11337
479, 0.6045, 11362
480, 0.6041, 11394
481, 0.605, 11420
482, 0.6053, 11446
483, 0.6046, 11472
484, 0.6057, 11498
485, 0.6063, 11524
486, 0.6053, 11548
487, 0.6064, 11572
488, 0.6059, 11596
489, 0.6072, 11619
490, 0.6071, 11643
491, 0.6073, 11667
492, 0.608, 11690
493, 0.6081, 11714
494, 0.6076, 11738
495, 0.6076, 11761
496, 0.608, 11785
497, 0.608, 11808
498, 0.6082, 11832
499, 0.6095, 11855
500, 0.6084, 11878
501, 0.61, 11902
502, 0.6095, 11925
503, 0.6097, 11949
504, 0.6105, 11972
505, 0.6099, 11996
506, 0.6101, 12019
507, 0.6104, 12043
508, 0.6106, 12066
509, 0.6104, 12090
510, 0.6105, 12113
511, 0.611, 12136
512, 0.6109, 12160
513, 0.6107, 12183
514, 0.6115, 12206
515, 0.6112, 12230
516, 0.611, 12253
517, 0.6112, 12277
518, 0.6111, 12301
519, 0.6111, 12324
520, 0.611, 12348
521, 0.6109, 12380
522, 0.6121, 12403
523, 0.6116, 12426
524, 0.6116, 12450
525, 0.6121, 12473
526, 0.6122, 12497
527, 0.6124, 12520
528, 0.6124, 12544
529, 0.6127, 12568
530, 0.6129, 12591
531, 0.6129, 12615
532, 0.6129, 12638
533, 0.6141, 12661
534, 0.6129, 12685
535, 0.6147, 12708
536, 0.6143, 12732
537, 0.6151, 12755
538, 0.615, 12779
539, 0.6149, 12802
540, 0.6152, 12825
541, 0.6152, 12848
542, 0.6155, 12872
543, 0.6159, 12895
544, 0.6155, 12918
545, 0.6168, 12942
546, 0.6157, 12965
547, 0.6164, 12989
548, 0.6168, 13012
549, 0.6168, 13036
550, 0.6164, 13059
551, 0.6161, 13083
552, 0.6165, 13106
553, 0.6164, 13130
554, 0.6172, 13153
555, 0.617, 13177
556, 0.6171, 13201
557, 0.6173, 13224
558, 0.6179, 13248
559, 0.6177, 13272
560, 0.618, 13296
561, 0.6182, 13319
562, 0.6173, 13343
563, 0.6177, 13366
564, 0.6181, 13390
565, 0.618, 13420
566, 0.6186, 13445
567, 0.6185, 13468
568, 0.6186, 13492
569, 0.6184, 13515
570, 0.6186, 13539
571, 0.6188, 13562
572, 0.6187, 13586
573, 0.6186, 13609
574, 0.6182, 13633
575, 0.6187, 13656
576, 0.6182, 13685
577, 0.618, 13709
578, 0.6184, 13732
579, 0.6181, 13755
580, 0.6192, 13778
581, 0.6185, 13802
582, 0.6191, 13825
583, 0.6185, 13849
584, 0.6191, 13872
585, 0.6189, 13896
586, 0.6188, 13919
587, 0.6189, 13943
588, 0.6196, 13966
589, 0.6189, 13989
590, 0.6191, 14012
591, 0.6201, 14036
592, 0.6192, 14059
593, 0.6194, 14083
594, 0.6193, 14106
595, 0.6195, 14129
596, 0.6198, 14153
597, 0.6196, 14176
598, 0.6206, 14200
599, 0.6202, 14223
600, 0.6198, 14247
601, 0.6197, 14270
602, 0.6209, 14294
603, 0.6199, 14318
604, 0.621, 14341
605, 0.6208, 14365
606, 0.6205, 14388
607, 0.6209, 14419
608, 0.6205, 14443
609, 0.6206, 14467
610, 0.6209, 14490
611, 0.6209, 14514
612, 0.6206, 14537
613, 0.6212, 14560
614, 0.6207, 14584
615, 0.6212, 14607
616, 0.6206, 14631
617, 0.6217, 14654
618, 0.6212, 14678
619, 0.6213, 14701
620, 0.621, 14724
621, 0.6211, 14748
622, 0.6211, 14771
623, 0.6211, 14795
624, 0.6215, 14818
625, 0.6211, 14841
626, 0.6221, 14865
627, 0.6213, 14888
628, 0.6216, 14912
629, 0.6219, 14935
630, 0.6218, 14959
631, 0.6223, 14983
632, 0.6225, 15006
633, 0.6223, 15029
634, 0.6226, 15053
635, 0.6224, 15076
636, 0.623, 15100
637, 0.6224, 15123
638, 0.6225, 15147
639, 0.6218, 15171
640, 0.6216, 15194
641, 0.6227, 15217
642, 0.6219, 15241
643, 0.6218, 15265
644, 0.6226, 15288
645, 0.6226, 15314
646, 0.6224, 15343
647, 0.6233, 15366
648, 0.6222, 15389
649, 0.6234, 15413
650, 0.6226, 15436
651, 0.623, 15459
652, 0.6234, 15482
653, 0.6232, 15506
654, 0.6238, 15529
655, 0.6235, 15553
656, 0.6234, 15576
657, 0.6238, 15600
658, 0.6238, 15623
659, 0.6238, 15647
660, 0.6236, 15670
661, 0.6239, 15694
662, 0.6239, 15717
663, 0.6241, 15740
664, 0.6237, 15764
665, 0.6242, 15787
666, 0.6234, 15811
667, 0.6246, 15834
668, 0.624, 15858
669, 0.6243, 15881
670, 0.6237, 15905
671, 0.6239, 15929
672, 0.6244, 15952
673, 0.6243, 15976
674, 0.6241, 15999
675, 0.6243, 16023
676, 0.6239, 16046
677, 0.6239, 16070
678, 0.6244, 16093
679, 0.6242, 16117
680, 0.6248, 16140
681, 0.6245, 16164
682, 0.6249, 16188
683, 0.6247, 16212
684, 0.6252, 16243
685, 0.6249, 16267
686, 0.6247, 16290
687, 0.6246, 16314
688, 0.6251, 16337
689, 0.6246, 16360
690, 0.6252, 16384
691, 0.6245, 16407
692, 0.6253, 16431
693, 0.6244, 16454
694, 0.625, 16478
695, 0.6243, 16501
696, 0.6251, 16525
697, 0.625, 16549
698, 0.6249, 16573
699, 0.6254, 16596
700, 0.6258, 16620
