1, 0.0767, 35
2, 0.0807, 58
3, 0.0822, 81
4, 0.0853, 104
5, 0.0893, 127
6, 0.0937, 151
7, 0.0993, 174
8, 0.1062, 197
9, 0.1106, 219
10, 0.1163, 242
11, 0.1203, 265
12, 0.1249, 288
13, 0.129, 311
14, 0.1328, 334
15, 0.1356, 356
16, 0.1396, 379
17, 0.1425, 402
18, 0.1467, 426
19, 0.1497, 449
20, 0.1548, 472
21, 0.1577, 495
22, 0.1596, 520
23, 0.1636, 550
24, 0.1688, 573
25, 0.1756, 596
26, 0.1822, 619
27, 0.1882, 643
28, 0.1919, 666
29, 0.1927, 689
30, 0.1954, 712
31, 0.197, 735
32, 0.1984, 758
33, 0.198, 781
34, 0.1977, 804
35, 0.1984, 827
36, 0.1992, 850
37, 0.2012, 873
38, 0.2028, 896
39, 0.2048, 918
40, 0.2092, 941
41, 0.2154, 964
42, 0.2199, 987
43, 0.2268, 1010
44, 0.2341, 1033
45, 0.2412, 1056
46, 0.2449, 1078
47, 0.2465, 1101
48, 0.2493, 1125
49, 0.2513, 1148
50, 0.2543, 1171
51, 0.2583, 1194
52, 0.2622, 1217
53, 0.2663, 1240
54, 0.2692, 1264
55, 0.2723, 1287
56, 0.276, 1310
57, 0.2788, 1333
58, 0.2807, 1356
59, 0.2831, 1379
60, 0.2855, 1402
61, 0.2877, 1425
62, 0.2916, 1448
63, 0.2943, 1471
64, 0.2974, 1494
65, 0.2997, 1517
66, 0.3004, 1540
67, 0.3008, 1569
68, 0.3037, 1594
69, 0.3067, 1617
70, 0.3097, 1639
71, 0.3126, 1662
72, 0.3146, 1685
73, 0.316, 1708
74, 0.3178, 1731
75, 0.3188, 1754
76, 0.3214, 1778
77, 0.3243, 1801
78, 0.3267, 1824
79, 0.3276, 1847
80, 0.328, 1870
81, 0.331, 1893
82, 0.3326, 1916
83, 0.3332, 1939
84, 0.3355, 1962
85, 0.3365, 1985
86, 0.3375, 2008
87, 0.3393, 2031
88, 0.341, 2053
89, 0.3418, 2076
90, 0.344, 2099
91, 0.3454, 2122
92, 0.3471, 2145
93, 0.3487, 2168
94, 0.3519, 2191
95, 0.3547, 2214
96, 0.3572, 2237
97, 0.3579, 2260
98, 0.3589, 2283
99, 0.359, 2306
100, 0.361, 2329
101, 0.3618, 2352
102, 0.3628, 2375
103, 0.365, 2398
104, 0.3659, 2420
105, 0.3679, 2443
106, 0.3682, 2466
107, 0.3703, 2489
108, 0.3718, 2512
109, 0.3738, 2535
110, 0.3754, 2567
111, 0.377, 2590
112, 0.3782, 2613
113, 0.3802, 2636
114, 0.3812, 2660
115, 0.3832, 2683
116, 0.3842, 2706
117, 0.3852, 2729
118, 0.3863, 2752
119, 0.388, 2774
120, 0.3891, 2797
121, 0.3907, 2820
122, 0.3919, 2843
123, 0.3928, 2866
124, 0.3945, 2889
125, 0.3969, 2913
126, 0.3987, 2936
127, 0.4004, 2959
128, 0.401, 2982
129, 0.4013, 3005
130, 0.4025, 3028
131, 0.4023, 3052
132, 0.4023, 3075
133, 0.4034, 3098
134, 0.4044, 3121
135, 0.4043, 3144
136, 0.406, 3167
137, 0.4062, 3190
138, 0.4075, 3213
139, 0.4092, 3236
140, 0.4104, 3260
141, 0.4105, 3283
142, 0.4121, 3306
143, 0.4125, 3329
144, 0.4135, 3352
145, 0.4143, 3375
146, 0.4165, 3398
147, 0.4175, 3421
148, 0.4186, 3444
149, 0.4208, 3476
150, 0.4235, 3499
151, 0.4246, 3522
152, 0.4252, 3545
153, 0.4253, 3568
154, 0.4257, 3591
155, 0.4265, 3614
156, 0.4264, 3637
157, 0.4283, 3661
158, 0.4281, 3684
159, 0.4286, 3707
160, 0.4296, 3730
161, 0.4307, 3753
162, 0.4308, 3776
163, 0.4316, 3800
164, 0.4323, 3823
165, 0.4333, 3846
166, 0.4335, 3869
167, 0.434, 3892
168, 0.4352, 3916
169, 0.4356, 3939
170, 0.4359, 3962
171, 0.4363, 3985
172, 0.4371, 4008
173, 0.4377, 4032
174, 0.4387, 4055
175, 0.4396, 4078
176, 0.44, 4101
177, 0.4404, 4124
178, 0.441, 4148
179, 0.4418, 4171
180, 0.442, 4194
181, 0.4425, 4217
182, 0.4427, 4240
183, 0.4437, 4263
184, 0.4442, 4286
185, 0.4446, 4309
186, 0.4456, 4332
187, 0.4462, 4356
188, 0.4471, 4379
189, 0.4481, 4402
190, 0.449, 4425
191, 0.4497, 4449
192, 0.4514, 4477
193, 0.452, 4503
194, 0.4528, 4526
195, 0.4541, 4549
196, 0.4544, 4573
197, 0.4551, 4596
198, 0.4556, 4619
199, 0.4569, 4642
200, 0.4578, 4666
201, 0.4579, 4689
202, 0.4587, 4712
203, 0.4606, 4735
204, 0.4607, 4758
205, 0.4611, 4781
206, 0.4618, 4805
207, 0.462, 4828
208, 0.4629, 4851
209, 0.4641, 4875
210, 0.4649, 4898
211, 0.4661, 4921
212, 0.4673, 4945
213, 0.4678, 4968
214, 0.4686, 4991
215, 0.4694, 5014
216, 0.4702, 5037
217, 0.4716, 5060
218, 0.4719, 5083
219, 0.4729, 5106
220, 0.4733, 5129
221, 0.4739, 5152
222, 0.4746, 5175
223, 0.4745, 5199
224, 0.4753, 5222
225, 0.4757, 5245
226, 0.475, 5268
227, 0.4755, 5292
228, 0.4756, 5315
229, 0.4765, 5338
230, 0.4774, 5362
231, 0.4789, 5385
232, 0.4792, 5407
233, 0.4798, 5430
234, 0.4804, 5455
235, 0.4809, 5485
236, 0.4812, 5509
237, 0.4817, 5532
238, 0.4821, 5555
239, 0.4833, 5578
240, 0.4837, 5600
241, 0.4841, 5623
242, 0.4842, 5646
243, 0.485, 5669
244, 0.4848, 5692
245, 0.4846, 5716
246, 0.4845, 5739
247, 0.4852, 5762
248, 0.4858, 5785
249, 0.4863, 5808
250, 0.487, 5831
251, 0.4879, 5854
252, 0.4882, 5877
253, 0.4891, 5900
254, 0.4898, 5923
255, 0.4898, 5946
256, 0.4904, 5969
257, 0.491, 5992
258, 0.4909, 6015
259, 0.4912, 6038
260, 0.4924, 6061
261, 0.4931, 6085
262, 0.4935, 6108
263, 0.494, 6131
264, 0.4941, 6154
265, 0.4946, 6177
266, 0.4948, 6200
267, 0.4947, 6223
268, 0.4952, 6246
269, 0.4955, 6270
270, 0.4962, 6293
271, 0.497, 6316
272, 0.4976, 6339
273, 0.498, 6362
274, 0.4981, 6385
275, 0.4986, 6409
276, 0.4989, 6432
277, 0.4989, 6455
278, 0.5002, 6478
279, 0.5011, 6503
280, 0.5012, 6532
281, 0.5016, 6555
282, 0.5021, 6578
283, 0.503, 6601
284, 0.5041, 6624
285, 0.5042, 6647
286, 0.504, 6670
287, 0.5043, 6693
288, 0.5049, 6716
289, 0.5048, 6740
290, 0.5058, 6763
291, 0.5058, 6786
292, 0.5064, 6809
293, 0.507, 6833
294, 0.5074, 6856
295, 0.5074, 6879
296, 0.5079, 6902
297, 0.5086, 6926
298, 0.5089, 6949
299, 0.5096, 6972
300, 0.5099, 6995
301, 0.5106, 7018
302, 0.511, 7041
303, 0.5119, 7064
304, 0.5126, 7087
305, 0.5136, 7110
306, 0.5143, 7132
307, 0.5151, 7155
308, 0.5155, 7178
309, 0.5158, 7201
310, 0.5162, 7225
311, 0.5166, 7248
312, 0.5165, 7271
313, 0.5169, 7294
314, 0.5171, 7317
315, 0.5175, 7341
316, 0.5179, 7364
317, 0.5187, 7387
318, 0.5186, 7410
319, 0.5187, 7433
320, 0.5188, 7457
321, 0.5192, 7480
322, 0.5195, 7503
323, 0.52, 7526
324, 0.52, 7558
325, 0.5203, 7581
326, 0.5201, 7604
327, 0.5206, 7627
328, 0.5214, 7651
329, 0.5215, 7674
330, 0.5222, 7697
331, 0.5224, 7720
332, 0.5223, 7743
333, 0.5228, 7767
334, 0.5226, 7790
335, 0.5225, 7813
336, 0.5232, 7836
337, 0.5233, 7859
338, 0.5244, 7882
339, 0.5245, 7906
340, 0.5253, 7929
341, 0.525, 7952
342, 0.5252, 7975
343, 0.525, 7998
344, 0.5258, 8021
345, 0.5261, 8044
346, 0.5263, 8067
347, 0.5262, 8090
348, 0.5263, 8113
349, 0.5271, 8136
350, 0.5273, 8159
351, 0.5279, 8181
352, 0.5282, 8204
353, 0.5282, 8228
354, 0.5288, 8251
355, 0.5294, 8274
356, 0.53, 8297
357, 0.53, 8320
358, 0.5302, 8343
359, 0.5307, 8366
360, 0.5313, 8389
361, 0.532, 8412
362, 0.5321, 8437
363, 0.5322, 8466
364, 0.5328, 8489
365, 0.5333, 8512
366, 0.5335, 8535
367, 0.5339, 8558
368, 0.5345, 8581
369, 0.5339, 8604
370, 0.5347, 8627
371, 0.5346, 8650
372, 0.5353, 8674
373, 0.5355, 8697
374, 0.5357, 8720
375, 0.5361, 8743
376, 0.5363, 8766
377, 0.5361, 8789
378, 0.5365, 8812
379, 0.5362, 8836
380, 0.5369, 8859
381, 0.5372, 8882
382, 0.5377, 8905
383, 0.5379, 8928
384, 0.5385, 8952
385, 0.5391, 8975
386, 0.539, 8998
387, 0.5396, 9021
388, 0.5397, 9044
389, 0.5406, 9067
390, 0.541, 9091
391, 0.5416, 9114
392, 0.5412, 9137
393, 0.5412, 9160
394, 0.5419, 9183
395, 0.5421, 9207
396, 0.5422, 9230
397, 0.5425, 9253
398, 0.5429, 9276
399, 0.5434, 9299
400, 0.5437, 9322
401, 0.5441, 9345
402, 0.5442, 9369
403, 0.544, 9391
404, 0.5451, 9414
405, 0.5456, 9439
406, 0.546, 9469
407, 0.5465, 9492
408, 0.5471, 9515
409, 0.5473, 9538
410, 0.548, 9561
411, 0.5476, 9584
412, 0.5484, 9607
413, 0.5487, 9630
414, 0.549, 9653
415, 0.5488, 9676
416, 0.5489, 9699
417, 0.5495, 9722
418, 0.5499, 9745
419, 0.5506, 9768
420, 0.5509, 9791
421, 0.5513, 9814
422, 0.5512, 9837
423, 0.5513, 9860
424, 0.5511, 9883
425, 0.5514, 9907
426, 0.5519, 9930
427, 0.5527, 9953
428, 0.5531, 9976
429, 0.5539, 9999
430, 0.5536, 10023
431, 0.5539, 10046
432, 0.5544, 10069
433, 0.5548, 10092
434, 0.5551, 10116
435, 0.5558, 10139
436, 0.5562, 10162
437, 0.5563, 10185
438, 0.5564, 10209
439, 0.557, 10232
440, 0.5575, 10255
441, 0.5575, 10279
442, 0.5578, 10302
443, 0.5577, 10325
444, 0.558, 10351
445, 0.5583, 10380
446, 0.5579, 10403
447, 0.5586, 10425
448, 0.559, 10448
449, 0.5587, 10471
450, 0.559, 10495
451, 0.5594, 10518
452, 0.5598, 10540
453, 0.5601, 10563
454, 0.5603, 10586
455, 0.5603, 10609
456, 0.5609, 10632
457, 0.5611, 10655
458, 0.5614, 10678
459, 0.5622, 10702
460, 0.5626, 10725
461, 0.5628, 10748
462, 0.5625, 10771
463, 0.5629, 10794
464, 0.5633, 10817
465, 0.5636, 10840
466, 0.5637, 10863
467, 0.5642, 10886
468, 0.5651, 10909
469, 0.5656, 10932
470, 0.5663, 10956
471, 0.5663, 10978
472, 0.5663, 11001
473, 0.5667, 11025
474, 0.567, 11048
475, 0.5668, 11071
476, 0.5674, 11094
477, 0.5674, 11117
478, 0.5679, 11140
479, 0.5684, 11163
480, 0.5687, 11186
481, 0.5689, 11209
482, 0.5686, 11232
483, 0.5693, 11255
484, 0.5703, 11278
485, 0.5705, 11301
486, 0.571, 11324
487, 0.5716, 11349
488, 0.5718, 11379
489, 0.5724, 11402
490, 0.5729, 11425
491, 0.5734, 11448
492, 0.5732, 11471
493, 0.5732, 11494
494, 0.5734, 11517
495, 0.574, 11540
496, 0.5742, 11563
497, 0.5743, 11586
498, 0.574, 11609
499, 0.574, 11632
500, 0.5747, 11656
501, 0.5747, 11679
502, 0.5753, 11702
503, 0.5746, 11725
504, 0.5748, 11748
505, 0.5757, 11771
506, 0.5761, 11794
507, 0.5763, 11817
508, 0.5764, 11840
509, 0.5778, 11863
510, 0.5775, 11886
511, 0.5781, 11909
512, 0.5779, 11933
513, 0.5789, 11956
514, 0.5787, 11979
515, 0.5793, 12002
516, 0.5792, 12025
517, 0.5804, 12048
518, 0.58, 12072
519, 0.581, 12095
520, 0.5806, 12118
521, 0.5811, 12141
522, 0.5811, 12164
523, 0.5812, 12187
524, 0.5815, 12210
525, 0.5817, 12234
526, 0.5815, 12257
527, 0.582, 12280
528, 0.582, 12303
529, 0.5822, 12327
530, 0.5827, 12350
531, 0.5829, 12378
532, 0.583, 12404
533, 0.5828, 12427
534, 0.5828, 12450
535, 0.5827, 12473
536, 0.5832, 12496
537, 0.5832, 12520
538, 0.5833, 12543
539, 0.5839, 12566
540, 0.5843, 12589
541, 0.5843, 12612
542, 0.5852, 12635
543, 0.5848, 12658
544, 0.5851, 12681
545, 0.585, 12704
546, 0.585, 12727
547, 0.5855, 12750
548, 0.5857, 12774
549, 0.5858, 12797
550, 0.5859, 12830
551, 0.5862, 12853
552, 0.5865, 12876
553, 0.5862, 12899
554, 0.5867, 12922
555, 0.5866, 12945
556, 0.5867, 12969
557, 0.5872, 12992
558, 0.5872, 13015
559, 0.5872, 13038
560, 0.5876, 13062
561, 0.5876, 13085
562, 0.5879, 13108
563, 0.588, 13131
564, 0.588, 13155
565, 0.5885, 13178
566, 0.5886, 13201
567, 0.5887, 13224
568, 0.5893, 13247
569, 0.5892, 13271
570, 0.5895, 13299
571, 0.59, 13325
572, 0.5902, 13349
573, 0.5903, 13372
574, 0.5908, 13395
575, 0.5906, 13419
576, 0.5916, 13442
577, 0.5912, 13465
578, 0.5918, 13489
579, 0.5917, 13512
580, 0.592, 13535
581, 0.5919, 13558
582, 0.592, 13581
583, 0.5917, 13604
584, 0.5921, 13628
585, 0.592, 13651
586, 0.5924, 13674
587, 0.5923, 13697
588, 0.5924, 13721
589, 0.5925, 13744
590, 0.593, 13767
591, 0.5935, 13790
592, 0.594, 13813
593, 0.5941, 13836
594, 0.5944, 13860
595, 0.5944, 13883
596, 0.5954, 13906
597, 0.595, 13929
598, 0.5958, 13953
599, 0.5953, 13976
600, 0.5958, 13999
601, 0.5956, 14022
602, 0.596, 14045
603, 0.5964, 14068
604, 0.5968, 14091
605, 0.5965, 14114
606, 0.5967, 14138
607, 0.5961, 14161
608, 0.5963, 14184
609, 0.5965, 14207
610, 0.5963, 14230
611, 0.5967, 14254
612, 0.5965, 14277
613, 0.5968, 14300
614, 0.5974, 14323
615, 0.5975, 14346
616, 0.5974, 14378
617, 0.5976, 14401
618, 0.5976, 14424
619, 0.5976, 14447
620, 0.5981, 14471
621, 0.598, 14494
622, 0.5979, 14517
623, 0.5987, 14540
624, 0.5989, 14563
625, 0.5996, 14586
626, 0.599, 14610
627, 0.5995, 14633
628, 0.5995, 14656
629, 0.5997, 14679
630, 0.5995, 14703
631, 0.5996, 14726
632, 0.5993, 14749
633, 0.6001, 14772
634, 0.5999, 14795
635, 0.6002, 14819
636, 0.6001, 14842
637, 0.6007, 14865
638, 0.6001, 14888
639, 0.6009, 14912
640, 0.6005, 14935
641, 0.6005, 14958
642, 0.6009, 14982
643, 0.6012, 15005
644, 0.6008, 15028
645, 0.6017, 15051
646, 0.6011, 15074
647, 0.6019, 15097
648, 0.6019, 15120
649, 0.6022, 15143
650, 0.6032, 15166
651, 0.6026, 15189
652, 0.603, 15212
653, 0.6038, 15235
654, 0.6034, 15258
655, 0.6044, 15281
656, 0.6044, 15304
657, 0.6036, 15327
658, 0.6045, 15359
659, 0.6043, 15382
660, 0.6043, 15406
661, 0.6048, 15429
662, 0.6049, 15452
663, 0.605, 15475
664, 0.6047, 15498
665, 0.6052, 15522
666, 0.605, 15545
667, 0.6054, 15570
668, 0.6049, 15596
669, 0.6055, 15622
670, 0.6052, 15649
671, 0.6054, 15676
672, 0.6051, 15710
673, 0.6055, 15734
674, 0.6058, 15758
675, 0.6063, 15783
676, 0.6059, 15808
677, 0.6058, 15834
678, 0.6062, 15865
679, 0.6062, 15891
680, 0.6065, 15917
681, 0.6064, 15943
682, 0.6071, 15968
683, 0.6072, 15994
684, 0.6072, 16023
685, 0.6076, 16049
686, 0.6074, 16078
687, 0.6075, 16111
688, 0.6077, 16144
689, 0.6079, 16171
690, 0.6079, 16204
691, 0.6082, 16232
692, 0.6083, 16265
693, 0.6087, 16300
694, 0.6088, 16331
695, 0.6093, 16357
696, 0.6097, 16381
697, 0.61, 16406
698, 0.6101, 16437
699, 0.6098, 16465
700, 0.6098, 16490
701, 0.6098, 16514
702, 0.6096, 16537
703, 0.6102, 16560
704, 0.6101, 16583
705, 0.6106, 16606
706, 0.6106, 16629
707, 0.6106, 16652
708, 0.6108, 16675
709, 0.611, 16698
710, 0.6107, 16721
711, 0.6114, 16744
712, 0.6114, 16766
713, 0.6119, 16790
714, 0.612, 16813
715, 0.6116, 16836
716, 0.612, 16859
717, 0.6116, 16882
718, 0.6125, 16905
719, 0.6125, 16928
720, 0.6123, 16952
721, 0.6127, 16975
722, 0.6126, 16998
723, 0.6128, 17021
724, 0.6132, 17044
725, 0.6134, 17067
726, 0.6132, 17090
727, 0.6138, 17113
728, 0.6137, 17136
729, 0.6138, 17159
730, 0.6142, 17182
731, 0.6143, 17206
732, 0.6145, 17229
733, 0.6145, 17252
734, 0.6145, 17275
735, 0.6149, 17298
736, 0.6145, 17322
737, 0.615, 17345
738, 0.6144, 17377
739, 0.6144, 17404
740, 0.6147, 17427
741, 0.6148, 17450
742, 0.6149, 17473
743, 0.615, 17496
744, 0.6151, 17520
745, 0.6149, 17543
746, 0.6151, 17566
747, 0.6153, 17590
748, 0.6156, 17613
749, 0.6152, 17636
750, 0.6158, 17659
751, 0.6158, 17682
752, 0.6162, 17705
753, 0.6164, 17728
754, 0.6166, 17751
755, 0.617, 17774
756, 0.6168, 17798
757, 0.6172, 17821
758, 0.6175, 17844
759, 0.6177, 17867
760, 0.6174, 17891
761, 0.6182, 17914
762, 0.618, 17937
763, 0.6185, 17960
764, 0.6192, 17983
765, 0.6186, 18007
766, 0.619, 18030
767, 0.619, 18053
768, 0.6191, 18076
769, 0.6189, 18100
770, 0.6189, 18123
771, 0.6195, 18146
772, 0.6198, 18169
773, 0.6189, 18193
774, 0.6189, 18216
775, 0.6184, 18239
776, 0.6194, 18262
777, 0.6187, 18285
778, 0.6189, 18309
779, 0.6188, 18332
780, 0.6191, 18355
781, 0.6191, 18385
782, 0.6192, 18411
783, 0.6189, 18434
784, 0.6193, 18457
785, 0.6186, 18481
786, 0.62, 18504
787, 0.6194, 18527
788, 0.6196, 18550
789, 0.6193, 18573
790, 0.6194, 18597
791, 0.6191, 18620
792, 0.6199, 18643
793, 0.6193, 18666
794, 0.6198, 18690
795, 0.6193, 18713
796, 0.6202, 18737
797, 0.6199, 18760
798, 0.6205, 18783
799, 0.6199, 18806
800, 0.6207, 18829
801, 0.6202, 18852
802, 0.6206, 18875
803, 0.6198, 18899
804, 0.621, 18922
805, 0.6203, 18945
806, 0.6202, 18969
807, 0.6209, 18992
808, 0.6208, 19015
809, 0.6203, 19038
810, 0.621, 19061
811, 0.6206, 19084
812, 0.6213, 19108
813, 0.6213, 19131
814, 0.6217, 19154
815, 0.6221, 19177
816, 0.6216, 19201
817, 0.622, 19224
818, 0.6214, 19247
819, 0.6218, 19270
820, 0.6212, 19293
821, 0.6213, 19317
822, 0.6217, 19340
823, 0.6223, 19363
824, 0.6217, 19386
825, 0.6219, 19409
826, 0.6218, 19439
827, 0.6221, 19464
828, 0.6222, 19487
829, 0.6224, 19510
830, 0.6224, 19533
831, 0.6225, 19556
832, 0.6225, 19579
833, 0.6223, 19602
834, 0.6223, 19625
835, 0.6228, 19648
836, 0.6231, 19672
837, 0.6232, 19695
838, 0.6231, 19718
839, 0.6232, 19741
840, 0.6232, 19764
841, 0.6234, 19787
842, 0.623, 19810
843, 0.6239, 19833
844, 0.6234, 19856
845, 0.6236, 19879
846, 0.6233, 19903
847, 0.6234, 19926
848, 0.6235, 19949
849, 0.6239, 19972
850, 0.6235, 19995
851, 0.6239, 20019
852, 0.6239, 20042
853, 0.6239, 20065
854, 0.6242, 20088
855, 0.6247, 20111
856, 0.6245, 20134
857, 0.6249, 20157
858, 0.6249, 20180
859, 0.6252, 20203
860, 0.6257, 20226
861, 0.6258, 20249
862, 0.6257, 20273
863, 0.6256, 20296
864, 0.6258, 20319
865, 0.6257, 20342
866, 0.6256, 20365
867, 0.6261, 20388
868, 0.6265, 20410
869, 0.6266, 20434
870, 0.6265, 20457
871, 0.6266, 20480
872, 0.6266, 20512
873, 0.6269, 20535
874, 0.6269, 20558
875, 0.6263, 20582
876, 0.6268, 20604
877, 0.6266, 20628
878, 0.6259, 20651
879, 0.6262, 20674
880, 0.6258, 20697
881, 0.6262, 20720
882, 0.6263, 20744
883, 0.6261, 20767
884, 0.6266, 20790
885, 0.6262, 20813
886, 0.6268, 20837
887, 0.6262, 20860
888, 0.627, 20883
889, 0.6267, 20906
890, 0.6269, 20929
891, 0.6267, 20952
892, 0.6266, 20975
893, 0.6261, 20998
894, 0.6263, 21021
895, 0.6261, 21044
896, 0.6265, 21068
897, 0.6264, 21091
898, 0.6262, 21114
899, 0.6263, 21137
900, 0.6268, 21160
901, 0.6267, 21184
902, 0.6268, 21207
903, 0.6267, 21230
904, 0.6273, 21254
905, 0.6266, 21277
906, 0.6274, 21300
907, 0.6268, 21323
908, 0.6271, 21347
909, 0.6272, 21370
910, 0.6267, 21393
911, 0.6269, 21418
912, 0.627, 21448
913, 0.6264, 21471
914, 0.6268, 21494
915, 0.6265, 21518
916, 0.6271, 21541
917, 0.6263, 21564
918, 0.627, 21587
919, 0.6273, 21610
920, 0.6271, 21633
921, 0.6275, 21656
922, 0.6272, 21679
923, 0.6273, 21702
924, 0.627, 21726
925, 0.6273, 21749
926, 0.6273, 21773
927, 0.6269, 21796
928, 0.6272, 21819
929, 0.6278, 21843
930, 0.6273, 21866
931, 0.6271, 21889
932, 0.6281, 21913
933, 0.6277, 21936
934, 0.6277, 21959
935, 0.6275, 21982
936, 0.6278, 22006
937, 0.6274, 22029
938, 0.6273, 22052
939, 0.6274, 22075
940, 0.6276, 22098
941, 0.6273, 22121
942, 0.6276, 22144
943, 0.6276, 22167
944, 0.6278, 22190
945, 0.6282, 22213
946, 0.6278, 22236
947, 0.628, 22260
948, 0.6282, 22283
949, 0.6282, 22306
950, 0.6278, 22329
951, 0.6277, 22352
952, 0.6271, 22376
953, 0.6277, 22399
954, 0.6276, 22422
955, 0.6276, 22445
956, 0.6274, 22471
957, 0.6277, 22500
958, 0.6281, 22523
959, 0.628, 22547
960, 0.6284, 22570
961, 0.6283, 22593
962, 0.6281, 22616
963, 0.6287, 22639
964, 0.6288, 22662
965, 0.6284, 22685
966, 0.6278, 22708
967, 0.6283, 22732
968, 0.6279, 22755
969, 0.6283, 22778
970, 0.628, 22801
971, 0.628, 22824
972, 0.6282, 22847
973, 0.6285, 22870
974, 0.6281, 22893
975, 0.6277, 22916
976, 0.6282, 22940
977, 0.6276, 22963
978, 0.6274, 22986
979, 0.6278, 23009
980, 0.6276, 23033
981, 0.6273, 23056
982, 0.6276, 23079
983, 0.6272, 23103
984, 0.6271, 23126
985, 0.6275, 23149
986, 0.627, 23172
987, 0.627, 23196
988, 0.6275, 23220
989, 0.6277, 23243
990, 0.627, 23267
991, 0.6279, 23290
992, 0.6264, 23313
993, 0.6275, 23336
994, 0.6267, 23359
995, 0.6276, 23383
996, 0.6278, 23415
997, 0.628, 23438
998, 0.6278, 23462
999, 0.6281, 23485
1000, 0.6283, 23508
1001, 0.6285, 23531
1002, 0.6279, 23554
1003, 0.6287, 23577
1004, 0.6285, 23600
1005, 0.629, 23624
1006, 0.629, 23647
1007, 0.6287, 23670
1008, 0.6286, 23693
1009, 0.6281, 23717
1010, 0.6283, 23740
1011, 0.6284, 23763
1012, 0.6286, 23786
1013, 0.6283, 23809
1014, 0.6282, 23832
1015, 0.6282, 23855
1016, 0.6279, 23879
1017, 0.6274, 23902
1018, 0.6277, 23925
1019, 0.6282, 23948
1020, 0.6274, 23972
1021, 0.6278, 23995
1022, 0.6273, 24018
1023, 0.6275, 24041
1024, 0.6273, 24064
1025, 0.6272, 24088
1026, 0.6265, 24111
1027, 0.6272, 24134
1028, 0.6273, 24156
1029, 0.6271, 24180
1030, 0.6274, 24202
1031, 0.6266, 24225
1032, 0.627, 24249
1033, 0.6267, 24272
1034, 0.6274, 24295
1035, 0.627, 24318
1036, 0.6273, 24341
1037, 0.6268, 24364
1038, 0.6268, 24392
1039, 0.6267, 24415
1040, 0.6267, 24438
1041, 0.6268, 24461
1042, 0.6265, 24494
1043, 0.6263, 24517
1044, 0.626, 24540
1045, 0.6261, 24563
1046, 0.6264, 24586
1047, 0.6261, 24609
1048, 0.6262, 24632
1049, 0.6262, 24655
1050, 0.6266, 24679
1051, 0.6259, 24702
1052, 0.6259, 24725
1053, 0.6257, 24748
1054, 0.6255, 24772
1055, 0.6257, 24795
1056, 0.6253, 24819
1057, 0.6257, 24843
1058, 0.6263, 24866
1059, 0.6253, 24889
1060, 0.6262, 24912
1061, 0.6251, 24935
1062, 0.6255, 24959
1063, 0.625, 24982
1064, 0.626, 25006
1065, 0.6251, 25029
1066, 0.626, 25053
1067, 0.6255, 25077
1068, 0.626, 25100
1069, 0.6261, 25124
1070, 0.6262, 25147
1071, 0.6259, 25171
1072, 0.6261, 25195
1073, 0.6256, 25218
1074, 0.6257, 25242
1075, 0.6258, 25266
1076, 0.6259, 25289
1077, 0.6256, 25313
1078, 0.6257, 25336
1079, 0.6255, 25360
1080, 0.6257, 25384
1081, 0.6254, 25417
1082, 0.6253, 25440
1083, 0.6249, 25464
1084, 0.6248, 25488
1085, 0.6245, 25511
1086, 0.6245, 25535
1087, 0.6247, 25558
1088, 0.624, 25582
1089, 0.6247, 25605
1090, 0.6241, 25629
1091, 0.6253, 25653
1092, 0.6245, 25676
1093, 0.6245, 25700
1094, 0.6244, 25723
1095, 0.6247, 25747
1096, 0.6242, 25771
1097, 0.6244, 25794
1098, 0.6242, 25818
1099, 0.6248, 25841
1100, 0.6243, 25865
1101, 0.6243, 25889
1102, 0.6246, 25912
1103, 0.6249, 25936
1104, 0.6244, 25959
1105, 0.6251, 25983
1106, 0.6245, 26007
1107, 0.6248, 26031
1108, 0.6241, 26054
1109, 0.6248, 26078
1110, 0.6243, 26101
1111, 0.6243, 26125
1112, 0.6237, 26149
1113, 0.6245, 26173
1114, 0.623, 26196
1115, 0.6239, 26220
1116, 0.6233, 26244
1117, 0.6232, 26267
1118, 0.623, 26291
1119, 0.6238, 26314
1120, 0.6237, 26338
1121, 0.6235, 26362
1122, 0.6235, 26385
1123, 0.6232, 26418
1124, 0.6239, 26441
1125, 0.624, 26465
1126, 0.6242, 26488
1127, 0.6239, 26512
1128, 0.6238, 26535
1129, 0.6237, 26559
1130, 0.6236, 26582
1131, 0.6241, 26606
1132, 0.6232, 26630
1133, 0.6236, 26653
1134, 0.6231, 26677
1135, 0.6231, 26700
1136, 0.6233, 26724
1137, 0.6243, 26747
1138, 0.6235, 26771
1139, 0.624, 26794
1140, 0.6241, 26818
1141, 0.6235, 26842
1142, 0.6239, 26865
1143, 0.6235, 26889
1144, 0.6232, 26916
1145, 0.6237, 26940
1146, 0.6231, 26963
1147, 0.6238, 26987
1148, 0.6229, 27010
1149, 0.6239, 27034
1150, 0.6237, 27058
1151, 0.624, 27081
1152, 0.6235, 27105
1153, 0.6236, 27129
1154, 0.6239, 27152
1155, 0.6239, 27176
1156, 0.624, 27200
1157, 0.6238, 27223
1158, 0.6239, 27247
1159, 0.6237, 27271
1160, 0.6244, 27294
1161, 0.624, 27318
1162, 0.6238, 27342
1163, 0.6238, 27365
1164, 0.6237, 27389
1165, 0.6238, 27412
1166, 0.6241, 27436
1167, 0.6237, 27460
1168, 0.6239, 27493
1169, 0.6237, 27517
1170, 0.6235, 27540
1171, 0.6242, 27564
1172, 0.624, 27587
1173, 0.6234, 27611
1174, 0.6233, 27635
1175, 0.6234, 27658
1176, 0.6237, 27681
1177, 0.6235, 27705
1178, 0.6235, 27728
1179, 0.6236, 27752
1180, 0.6233, 27775
1181, 0.6233, 27799
1182, 0.6233, 27823
1183, 0.6235, 27846
1184, 0.6238, 27870
1185, 0.6235, 27894
1186, 0.6233, 27917
1187, 0.6237, 27941
1188, 0.6235, 27965
1189, 0.6236, 27988
1190, 0.6238, 28012
1191, 0.6235, 28036
1192, 0.6234, 28059
1193, 0.6233, 28083
1194, 0.6229, 28106
1195, 0.6235, 28129
1196, 0.6238, 28153
1197, 0.6232, 28177
1198, 0.6236, 28200
1199, 0.6232, 28224
1200, 0.624, 28247
1201, 0.624, 28271
1202, 0.6234, 28295
1203, 0.6235, 28318
1204, 0.6245, 28342
1205, 0.6235, 28366
1206, 0.6243, 28390
1207, 0.6234, 28414
1208, 0.6236, 28437
1209, 0.6235, 28461
1210, 0.6235, 28484
1211, 0.6235, 28508
1212, 0.6236, 28532
1213, 0.6235, 28564
1214, 0.6229, 28588
1215, 0.6242, 28611
1216, 0.6236, 28635
1217, 0.6238, 28658
1218, 0.6236, 28682
1219, 0.6233, 28706
1220, 0.6229, 28729
1221, 0.6233, 28753
1222, 0.6234, 28776
1223, 0.6228, 28799
1224, 0.6234, 28823
1225, 0.6228, 28846
1226, 0.6223, 28870
1227, 0.6221, 28894
1228, 0.6222, 28917
1229, 0.6219, 28941
1230, 0.6221, 28965
1231, 0.6217, 28988
1232, 0.6226, 29012
1233, 0.6211, 29035
1234, 0.6219, 29059
1235, 0.621, 29083
1236, 0.6213, 29107
1237, 0.6206, 29131
1238, 0.6217, 29154
1239, 0.6206, 29178
1240, 0.6212, 29202
1241, 0.6217, 29225
1242, 0.6213, 29249
1243, 0.6214, 29273
1244, 0.6218, 29296
1245, 0.6213, 29320
1246, 0.6212, 29344
1247, 0.6218, 29367
1248, 0.6212, 29391
1249, 0.6211, 29415
1250, 0.6208, 29438
1251, 0.6207, 29462
1252, 0.621, 29494
1253, 0.6214, 29518
1254, 0.6206, 29542
1255, 0.6212, 29566
1256, 0.621, 29590
1257, 0.6211, 29613
1258, 0.6206, 29637
1259, 0.6212, 29661
1260, 0.6209, 29684
1261, 0.621, 29708
1262, 0.6216, 29732
1263, 0.6213, 29756
1264, 0.6209, 29780
1265, 0.6207, 29803
1266, 0.6212, 29827
1267, 0.6208, 29850
1268, 0.6211, 29874
1269, 0.6207, 29897
1270, 0.6207, 29921
1271, 0.6204, 29945
1272, 0.6206, 29968
1273, 0.6203, 29992
1274, 0.6205, 30016
1275, 0.6208, 30039
1276, 0.6203, 30063
1277, 0.6199, 30086
1278, 0.6204, 30110
1279, 0.6208, 30133
1280, 0.6202, 30157
1281, 0.6203, 30180
1282, 0.6199, 30203
1283, 0.6207, 30227
1284, 0.6208, 30251
1285, 0.62, 30274
1286, 0.6208, 30298
1287, 0.6204, 30321
1288, 0.6201, 30345
1289, 0.6206, 30368
1290, 0.6201, 30392
1291, 0.6197, 30416
1292, 0.62, 30439
1293, 0.6197, 30463
1294, 0.62, 30486
1295, 0.6202, 30518
1296, 0.6198, 30542
1297, 0.6196, 30565
1298, 0.6198, 30589
1299, 0.6195, 30612
1300, 0.6196, 30636
1301, 0.6196, 30659
1302, 0.6195, 30683
1303, 0.6191, 30707
1304, 0.6192, 30730
1305, 0.6196, 30754
1306, 0.6198, 30778
1307, 0.6187, 30801
1308, 0.62, 30825
1309, 0.6195, 30848
1310, 0.6196, 30872
1311, 0.6196, 30895
1312, 0.6199, 30919
1313, 0.6197, 30942
1314, 0.6198, 30968
1315, 0.62, 30994
1316, 0.6196, 31018
1317, 0.6199, 31042
1318, 0.6198, 31065
1319, 0.6195, 31089
1320, 0.6201, 31113
1321, 0.6198, 31136
1322, 0.6193, 31160
1323, 0.6203, 31184
1324, 0.6192, 31207
1325, 0.6201, 31231
1326, 0.6203, 31254
1327, 0.6201, 31278
1328, 0.6198, 31302
1329, 0.6197, 31325
1330, 0.6197, 31349
1331, 0.6198, 31372
1332, 0.6191, 31400
1333, 0.6195, 31424
1334, 0.6188, 31457
1335, 0.6196, 31480
1336, 0.6189, 31504
1337, 0.6195, 31528
1338, 0.619, 31551
1339, 0.6189, 31575
1340, 0.6186, 31598
1341, 0.6187, 31622
1342, 0.619, 31645
1343, 0.6192, 31669
1344, 0.6192, 31693
1345, 0.6187, 31716
1346, 0.6184, 31740
1347, 0.6187, 31763
1348, 0.6185, 31787
1349, 0.6178, 31811
1350, 0.6185, 31834
1351, 0.618, 31858
1352, 0.6183, 31881
1353, 0.6178, 31905
1354, 0.618, 31929
1355, 0.6183, 31953
1356, 0.6176, 31976
1357, 0.6177, 32000
1358, 0.618, 32024
1359, 0.617, 32047
1360, 0.6176, 32071
1361, 0.6175, 32095
1362, 0.6176, 32119
1363, 0.6172, 32142
1364, 0.6172, 32165
1365, 0.6178, 32189
1366, 0.6177, 32213
1367, 0.6171, 32237
1368, 0.6169, 32261
1369, 0.6171, 32284
1370, 0.6172, 32308
1371, 0.6169, 32332
1372, 0.617, 32355
1373, 0.6176, 32379
1374, 0.6173, 32402
1375, 0.6167, 32426
1376, 0.6174, 32458
1377, 0.6172, 32482
1378, 0.6167, 32506
1379, 0.6174, 32529
1380, 0.6168, 32553
1381, 0.6176, 32576
1382, 0.6168, 32600
1383, 0.617, 32624
1384, 0.6165, 32648
1385, 0.617, 32672
1386, 0.6164, 32695
1387, 0.6169, 32719
1388, 0.6166, 32742
1389, 0.6168, 32766
1390, 0.6162, 32790
1391, 0.6166, 32813
1392, 0.6165, 32837
1393, 0.6173, 32861
1394, 0.6169, 32884
1395, 0.6166, 32908
1396, 0.6165, 32931
1397, 0.6166, 32955
1398, 0.6163, 32979
1399, 0.6161, 33002
1400, 0.6158, 33026
1401, 0.6157, 33050
1402, 0.6159, 33074
1403, 0.6161, 33098
1404, 0.6159, 33121
1405, 0.6161, 33145
1406, 0.6159, 33169
1407, 0.6154, 33192
1408, 0.6156, 33216
1409, 0.6155, 33240
1410, 0.6154, 33264
1411, 0.6153, 33287
1412, 0.6157, 33311
1413, 0.6151, 33334
1414, 0.6155, 33358
1415, 0.6159, 33381
1416, 0.615, 33405
1417, 0.6154, 33437
1418, 0.6153, 33461
1419, 0.6154, 33485
1420, 0.6155, 33508
1421, 0.6154, 33532
1422, 0.6153, 33556
1423, 0.6155, 33580
1424, 0.6148, 33603
1425, 0.6149, 33627
1426, 0.6144, 33650
1427, 0.6154, 33674
1428, 0.6149, 33697
1429, 0.615, 33721
1430, 0.6145, 33745
1431, 0.6147, 33768
1432, 0.6143, 33792
1433, 0.6146, 33816
1434, 0.6142, 33839
1435, 0.6149, 33862
1436, 0.6148, 33886
1437, 0.6146, 33909
1438, 0.6146, 33933
1439, 0.6144, 33957
1440, 0.614, 33980
1441, 0.6143, 34004
1442, 0.6142, 34028
1443, 0.6141, 34051
1444, 0.6141, 34075
1445, 0.6137, 34099
1446, 0.6137, 34122
1447, 0.6139, 34146
1448, 0.6139, 34170
1449, 0.6138, 34193
1450, 0.6134, 34217
1451, 0.6139, 34241
1452, 0.6135, 34264
1453, 0.6134, 34288
1454, 0.6138, 34312
1455, 0.6136, 34335
1456, 0.6139, 34359
1457, 0.6131, 34392
1458, 0.6135, 34415
1459, 0.6129, 34439
1460, 0.613, 34462
1461, 0.6132, 34486
1462, 0.6131, 34509
1463, 0.6123, 34537
1464, 0.6133, 34561
1465, 0.6128, 34584
1466, 0.6129, 34608
1467, 0.6126, 34632
1468, 0.6121, 34655
1469, 0.6125, 34679
1470, 0.6123, 34702
1471, 0.612, 34726
1472, 0.6121, 34750
1473, 0.612, 34774
1474, 0.6126, 34797
1475, 0.6119, 34821
1476, 0.6118, 34844
1477, 0.612, 34868
1478, 0.6119, 34891
1479, 0.6115, 34914
1480, 0.6114, 34938
1481, 0.6114, 34962
1482, 0.6113, 34986
1483, 0.611, 35009
1484, 0.6113, 35033
1485, 0.6109, 35057
1486, 0.6113, 35080
1487, 0.6109, 35103
1488, 0.6111, 35127
1489, 0.6101, 35150
1490, 0.611, 35174
1491, 0.6109, 35201
1492, 0.6105, 35225
1493, 0.6108, 35249
1494, 0.6103, 35280
1495, 0.61, 35305
1496, 0.6101, 35328
1497, 0.6097, 35352
1498, 0.6101, 35375
1499, 0.6099, 35399
1500, 0.6101, 35422
1501, 0.6104, 35446
1502, 0.6105, 35470
1503, 0.6102, 35493
1504, 0.6105, 35517
1505, 0.6099, 35541
1506, 0.6101, 35564
1507, 0.6102, 35588
1508, 0.6102, 35611
1509, 0.6103, 35635
1510, 0.6098, 35658
1511, 0.6103, 35681
1512, 0.6099, 35705
1513, 0.6102, 35729
1514, 0.6095, 35752
1515, 0.6094, 35776
1516, 0.6095, 35799
1517, 0.61, 35823
1518, 0.6097, 35847
1519, 0.6094, 35870
1520, 0.6096, 35894
1521, 0.6093, 35918
1522, 0.6096, 35941
1523, 0.6093, 35965
1524, 0.6094, 35988
1525, 0.609, 36012
1526, 0.6092, 36036
1527, 0.6093, 36060
1528, 0.6086, 36083
1529, 0.6093, 36107
1530, 0.6093, 36131
1531, 0.6097, 36154
1532, 0.6098, 36178
1533, 0.6098, 36201
1534, 0.6092, 36225
1535, 0.6102, 36258
1536, 0.6092, 36281
1537, 0.6099, 36305
1538, 0.6093, 36328
1539, 0.6099, 36352
1540, 0.6095, 36376
1541, 0.6096, 36399
1542, 0.6095, 36423
1543, 0.609, 36446
1544, 0.6094, 36470
1545, 0.6091, 36493
1546, 0.6085, 36517
1547, 0.6095, 36541
1548, 0.6092, 36565
1549, 0.6087, 36588
1550, 0.6092, 36612
1551, 0.6083, 36636
1552, 0.6094, 36659
1553, 0.6085, 36683
1554, 0.6092, 36706
1555, 0.6083, 36730
1556, 0.6083, 36754
1557, 0.6095, 36777
1558, 0.6081, 36800
1559, 0.6085, 36824
1560, 0.6088, 36847
1561, 0.6087, 36871
1562, 0.6086, 36894
1563, 0.6086, 36918
1564, 0.6083, 36941
1565, 0.6083, 36965
1566, 0.6079, 36989
1567, 0.6084, 37012
1568, 0.6076, 37036
1569, 0.6081, 37060
1570, 0.6074, 37083
1571, 0.6075, 37107
1572, 0.6079, 37131
1573, 0.608, 37154
1574, 0.6086, 37178
1575, 0.608, 37201
1576, 0.6081, 37226
1577, 0.6085, 37258
1578, 0.607, 37281
1579, 0.6078, 37305
1580, 0.6072, 37328
1581, 0.6072, 37352
1582, 0.6078, 37376
1583, 0.6068, 37399
1584, 0.6074, 37423
1585, 0.6073, 37447
1586, 0.6071, 37470
1587, 0.6074, 37494
1588, 0.6071, 37518
1589, 0.6075, 37541
1590, 0.6068, 37565
1591, 0.6075, 37588
1592, 0.6081, 37612
1593, 0.6074, 37635
1594, 0.6077, 37659
1595, 0.6069, 37683
1596, 0.6075, 37706
1597, 0.6079, 37730
1598, 0.6079, 37754
1599, 0.6074, 37777
1600, 0.6076, 37801
1601, 0.6078, 37824
1602, 0.6085, 37848
1603, 0.6079, 37871
1604, 0.6072, 37894
1605, 0.6074, 37918
1606, 0.6078, 37941
1607, 0.6081, 37965
1608, 0.6078, 37988
1609, 0.6073, 38012
1610, 0.6079, 38035
1611, 0.6075, 38059
1612, 0.6076, 38083
1613, 0.6075, 38106
1614, 0.6077, 38130
1615, 0.6076, 38153
1616, 0.6082, 38177
1617, 0.6071, 38200
1618, 0.6088, 38224
1619, 0.6069, 38247
1620, 0.6083, 38271
1621, 0.6066, 38303
1622, 0.6082, 38327
1623, 0.6073, 38350
1624, 0.6084, 38374
1625, 0.6077, 38397
1626, 0.6073, 38421
1627, 0.6077, 38444
1628, 0.6077, 38468
1629, 0.6077, 38491
1630, 0.6087, 38515
1631, 0.6084, 38538
1632, 0.6081, 38562
1633, 0.6083, 38586
1634, 0.6086, 38609
1635, 0.608, 38633
1636, 0.6077, 38656
1637, 0.6083, 38680
1638, 0.6087, 38703
1639, 0.6081, 38727
1640, 0.6086, 38750
1641, 0.6081, 38774
1642, 0.6081, 38797
1643, 0.6079, 38821
1644, 0.6081, 38844
1645, 0.6081, 38868
1646, 0.6083, 38892
1647, 0.6082, 38916
1648, 0.6084, 38939
1649, 0.6077, 38963
1650, 0.6077, 38986
1651, 0.6075, 39010
1652, 0.608, 39034
1653, 0.6079, 39061
1654, 0.6085, 39085
1655, 0.6069, 39108
1656, 0.6082, 39132
1657, 0.6073, 39155
1658, 0.6078, 39179
1659, 0.6073, 39202
1660, 0.6082, 39226
1661, 0.6071, 39249
1662, 0.6071, 39274
1663, 0.6065, 39305
1664, 0.6071, 39329
1665, 0.6065, 39352
1666, 0.6077, 39376
1667, 0.6064, 39400
1668, 0.6074, 39423
1669, 0.6064, 39447
1670, 0.6079, 39471
1671, 0.606, 39495
1672, 0.6063, 39518
1673, 0.6071, 39542
1674, 0.6065, 39565
1675, 0.6068, 39589
1676, 0.6064, 39612
1677, 0.6065, 39635
1678, 0.6063, 39659
1679, 0.606, 39682
1680, 0.6072, 39706
1681, 0.6063, 39729
1682, 0.6071, 39753
1683, 0.6061, 39776
1684, 0.6064, 39800
1685, 0.6062, 39823
1686, 0.6066, 39847
1687, 0.6061, 39870
1688, 0.6065, 39894
1689, 0.606, 39917
1690, 0.6058, 39941
1691, 0.6066, 39964
1692, 0.6065, 39988
1693, 0.6068, 40011
1694, 0.6061, 40035
1695, 0.6068, 40059
1696, 0.6057, 40082
1697, 0.6066, 40106
1698, 0.606, 40129
1699, 0.6066, 40153
1700, 0.606, 40177
1701, 0.6065, 40200
1702, 0.606, 40224
1703, 0.6066, 40256
1704, 0.6054, 40280
1705, 0.6065, 40303
1706, 0.6057, 40327
1707, 0.6063, 40350
1708, 0.6057, 40374
1709, 0.6056, 40398
1710, 0.6061, 40422
1711, 0.6059, 40446
1712, 0.6056, 40469
1713, 0.6058, 40493
1714, 0.6054, 40517
1715, 0.6057, 40540
1716, 0.6049, 40564
1717, 0.6062, 40588
1718, 0.6062, 40611
1719, 0.6055, 40635
1720, 0.6047, 40658
1721, 0.6058, 40682
1722, 0.6062, 40705
1723, 0.6053, 40729
1724, 0.6054, 40752
1725, 0.6059, 40776
1726, 0.6054, 40800
1727, 0.6061, 40824
1728, 0.6054, 40848
1729, 0.606, 40872
1730, 0.605, 40895
1731, 0.6067, 40919
1732, 0.6051, 40943
1733, 0.6066, 40967
1734, 0.6048, 40990
1735, 0.6065, 41014
1736, 0.6049, 41037
1737, 0.6063, 41061
1738, 0.6051, 41085
1739, 0.6067, 41108
1740, 0.6044, 41131
1741, 0.607, 41155
1742, 0.6048, 41178
1743, 0.6062, 41202
1744, 0.6045, 41225
1745, 0.6061, 41249
1746, 0.6045, 41273
1747, 0.6066, 41297
1748, 0.6047, 41329
1749, 0.6064, 41353
1750, 0.6047, 41376
1751, 0.6057, 41400
1752, 0.6054, 41424
1753, 0.6062, 41447
1754, 0.6054, 41471
1755, 0.6059, 41495
1756, 0.6042, 41518
1757, 0.6061, 41542
1758, 0.6048, 41565
1759, 0.6063, 41589
1760, 0.6056, 41612
1761, 0.6059, 41636
1762, 0.6049, 41660
1763, 0.606, 41683
1764, 0.6051, 41707
1765, 0.6065, 41731
1766, 0.6054, 41755
1767, 0.6061, 41779
1768, 0.6048, 41802
1769, 0.6069, 41826
1770, 0.605, 41851
1771, 0.6061, 41888
1772, 0.6045, 41923
1773, 0.6056, 41947
1774, 0.6044, 41971
1775, 0.6055, 41994
1776, 0.6047, 42019
1777, 0.6057, 42042
1778, 0.6047, 42067
1779, 0.6051, 42092
1780, 0.605, 42116
1781, 0.6048, 42140
1782, 0.6047, 42163
1783, 0.6047, 42187
1784, 0.6049, 42211
1785, 0.605, 42240
1786, 0.6041, 42264
1787, 0.6043, 42288
1788, 0.604, 42312
1789, 0.6044, 42339
1790, 0.605, 42362
1791, 0.6042, 42386
1792, 0.6048, 42410
1793, 0.6038, 42433
1794, 0.6039, 42457
1795, 0.603, 42480
1796, 0.6039, 42504
1797, 0.6034, 42527
1798, 0.6044, 42551
1799, 0.6034, 42575
1800, 0.6039, 42598
1801, 0.6031, 42622
1802, 0.6045, 42645
1803, 0.6024, 42669
1804, 0.6033, 42693
1805, 0.6033, 42716
1806, 0.6029, 42740
1807, 0.603, 42764
1808, 0.6031, 42787
1809, 0.6028, 42811
1810, 0.6031, 42835
1811, 0.603, 42863
1812, 0.6032, 42886
1813, 0.6026, 42909
1814, 0.6028, 42933
1815, 0.6024, 42957
1816, 0.6025, 42980
1817, 0.6024, 43004
1818, 0.6025, 43027
1819, 0.6016, 43051
1820, 0.6022, 43075
1821, 0.6015, 43099
1822, 0.6024, 43122
1823, 0.6024, 43145
1824, 0.6015, 43169
1825, 0.6016, 43192
1826, 0.6026, 43225
1827, 0.602, 43249
1828, 0.6018, 43272
1829, 0.6014, 43296
1830, 0.6019, 43319
1831, 0.6012, 43343
1832, 0.6013, 43366
1833, 0.602, 43390
1834, 0.6019, 43414
1835, 0.6014, 43438
1836, 0.6017, 43461
1837, 0.6018, 43485
1838, 0.602, 43509
1839, 0.6017, 43532
1840, 0.6014, 43556
1841, 0.6018, 43580
1842, 0.6018, 43603
1843, 0.6024, 43627
1844, 0.6009, 43651
1845, 0.6019, 43674
1846, 0.6014, 43697
1847, 0.6023, 43721
1848, 0.6007, 43744
1849, 0.6022, 43768
1850, 0.6007, 43791
1851, 0.6021, 43814
1852, 0.6005, 43838
1853, 0.6013, 43862
1854, 0.6011, 43885
1855, 0.6015, 43909
1856, 0.6012, 43932
1857, 0.6012, 43955
1858, 0.6017, 43979
1859, 0.6017, 44003
1860, 0.6005, 44026
1861, 0.6014, 44050
1862, 0.6016, 44073
1863, 0.6016, 44097
1864, 0.6006, 44120
1865, 0.6012, 44143
1866, 0.6005, 44176
1867, 0.6009, 44200
1868, 0.6007, 44223
1869, 0.6014, 44247
1870, 0.6015, 44271
1871, 0.5997, 44294
1872, 0.6002, 44318
1873, 0.6005, 44341
1874, 0.6016, 44365
1875, 0.6003, 44388
1876, 0.6011, 44412
1877, 0.6008, 44435
1878, 0.6003, 44458
1879, 0.6017, 44482
1880, 0.5998, 44505
1881, 0.6013, 44529
1882, 0.5996, 44553
1883, 0.5997, 44576
1884, 0.6001, 44600
1885, 0.6015, 44623
1886, 0.6003, 44646
1887, 0.6003, 44670
1888, 0.6005, 44693
1889, 0.5991, 44717
1890, 0.6005, 44741
1891, 0.6002, 44764
1892, 0.6018, 44788
1893, 0.6005, 44811
1894, 0.5995, 44834
1895, 0.6007, 44857
1896, 0.5994, 44881
1897, 0.5997, 44905
1898, 0.5992, 44928
1899, 0.6014, 44951
1900, 0.6006, 44975
1901, 0.6001, 44998
1902, 0.6005, 45022
1903, 0.5987, 45045
1904, 0.5996, 45069
1905, 0.5989, 45102
1906, 0.5998, 45126
1907, 0.5981, 45149
1908, 0.6006, 45173
1909, 0.5982, 45197
1910, 0.6007, 45220
1911, 0.5987, 45244
1912, 0.6006, 45268
1913, 0.5989, 45291
1914, 0.5998, 45315
1915, 0.5987, 45339
1916, 0.6006, 45363
1917, 0.5985, 45386
1918, 0.6001, 45410
1919, 0.5999, 45434
1920, 0.6, 45457
1921, 0.5992, 45481
1922, 0.6004, 45505
1923, 0.5998, 45529
1924, 0.6002, 45552
1925, 0.5988, 45576
1926, 0.5983, 45599
1927, 0.5995, 45623
1928, 0.5996, 45646
1929, 0.597, 45670
1930, 0.598, 45693
1931, 0.5992, 45717
1932, 0.5988, 45741
1933, 0.5964, 45764
1934, 0.5992, 45788
1935, 0.5971, 45811
1936, 0.5985, 45835
1937, 0.5963, 45859
1938, 0.5983, 45883
1939, 0.5973, 45906
1940, 0.5968, 45930
1941, 0.5956, 45954
1942, 0.598, 45977
1943, 0.5953, 46001
1944, 0.5961, 46025
1945, 0.5966, 46048
1946, 0.5956, 46072
1947, 0.5958, 46096
1948, 0.5959, 46119
1949, 0.5965, 46143
1950, 0.5947, 46176
1951, 0.5969, 46199
1952, 0.5947, 46223
1953, 0.5956, 46246
1954, 0.5948, 46270
1955, 0.5968, 46293
1956, 0.5945, 46317
1957, 0.5959, 46341
1958, 0.595, 46365
1959, 0.5958, 46388
1960, 0.5948, 46412
1961, 0.5966, 46435
1962, 0.5964, 46459
1963, 0.5961, 46482
1964, 0.5972, 46506
1965, 0.5953, 46530
1966, 0.5978, 46553
1967, 0.596, 46577
1968, 0.5967, 46601
1969, 0.5971, 46624
1970, 0.5969, 46648
1971, 0.5955, 46672
1972, 0.5971, 46695
1973, 0.5952, 46718
1974, 0.5966, 46742
1975, 0.5966, 46766
1976, 0.5968, 46790
1977, 0.597, 46813
1978, 0.5968, 46837
1979, 0.5981, 46861
1980, 0.5964, 46884
1981, 0.598, 46908
1982, 0.5969, 46931
1983, 0.5984, 46955
1984, 0.598, 46978
1985, 0.5986, 47002
1986, 0.5974, 47026
1987, 0.5985, 47050
1988, 0.5977, 47074
1989, 0.5984, 47106
1990, 0.5973, 47130
1991, 0.6004, 47154
1992, 0.5986, 47177
1993, 0.6, 47201
1994, 0.5974, 47225
1995, 0.5987, 47249
1996, 0.5988, 47272
1997, 0.5992, 47296
1998, 0.5989, 47319
1999, 0.5984, 47342
2000, 0.5998, 47366
2001, 0.5998, 47389
2002, 0.5992, 47413
2003, 0.5995, 47436
2004, 0.5987, 47460
2005, 0.5992, 47483
2006, 0.5986, 47507
2007, 0.5987, 47530
2008, 0.5985, 47554
2009, 0.6001, 47577
2010, 0.5987, 47600
2011, 0.6004, 47624
2012, 0.5987, 47647
2013, 0.5993, 47671
2014, 0.5978, 47695
2015, 0.5991, 47718
2016, 0.5977, 47742
2017, 0.5985, 47765
2018, 0.5975, 47789
2019, 0.5988, 47813
2020, 0.5978, 47836
2021, 0.6001, 47860
2022, 0.5975, 47884
2023, 0.6006, 47907
2024, 0.5985, 47931
2025, 0.599, 47955
2026, 0.5981, 47978
2027, 0.5992, 48010
2028, 0.5985, 48034
2029, 0.5988, 48057
2030, 0.5982, 48080
2031, 0.5989, 48104
2032, 0.5985, 48127
2033, 0.5991, 48151
2034, 0.5989, 48174
2035, 0.5988, 48198
2036, 0.5992, 48221
2037, 0.5991, 48244
2038, 0.5996, 48268
2039, 0.5991, 48291
2040, 0.6, 48315
2041, 0.599, 48339
2042, 0.5995, 48363
2043, 0.5994, 48386
2044, 0.5987, 48410
2045, 0.5994, 48433
2046, 0.5987, 48457
2047, 0.5999, 48481
2048, 0.599, 48505
2049, 0.5991, 48528
2050, 0.5986, 48552
2051, 0.5995, 48575
2052, 0.5999, 48599
2053, 0.599, 48622
2054, 0.5998, 48646
2055, 0.5981, 48669
2056, 0.599, 48693
2057, 0.5994, 48716
2058, 0.6007, 48739
2059, 0.5995, 48763
2060, 0.6003, 48786
2061, 0.6007, 48810
2062, 0.6006, 48833
2063, 0.5999, 48857
2064, 0.5989, 48881
2065, 0.6005, 48904
2066, 0.5989, 48928
2067, 0.5992, 48951
2068, 0.5983, 48974
2069, 0.5999, 49007
2070, 0.5986, 49031
2071, 0.6, 49054
2072, 0.5981, 49078
2073, 0.6003, 49102
2074, 0.5988, 49126
2075, 0.5994, 49149
2076, 0.5989, 49172
2077, 0.5999, 49196
2078, 0.5984, 49219
2079, 0.5997, 49243
2080, 0.5992, 49267
2081, 0.6007, 49290
2082, 0.5988, 49314
2083, 0.5997, 49338
2084, 0.5988, 49361
2085, 0.5988, 49385
2086, 0.5991, 49409
2087, 0.5982, 49432
2088, 0.5976, 49456
2089, 0.5986, 49480
2090, 0.5987, 49503
2091, 0.5981, 49527
2092, 0.5986, 49551
2093, 0.5983, 49574
2094, 0.5986, 49597
2095, 0.5983, 49621
2096, 0.5981, 49644
2097, 0.5986, 49668
2098, 0.5971, 49691
2099, 0.5987, 49715
2100, 0.5983, 49738
2101, 0.5992, 49762
2102, 0.5965, 49785
2103, 0.599, 49809
2104, 0.598, 49832
2105, 0.5983, 49856
2106, 0.5982, 49880
2107, 0.5971, 49903
2108, 0.5981, 49927
2109, 0.5974, 49950
2110, 0.5972, 49974
2111, 0.5971, 49997
2112, 0.5973, 50030
2113, 0.5972, 50053
2114, 0.5979, 50077
2115, 0.5978, 50101
2116, 0.5971, 50124
2117, 0.5979, 50148
2118, 0.5971, 50172
2119, 0.5974, 50195
2120, 0.5962, 50219
2121, 0.5966, 50243
2122, 0.5972, 50266
2123, 0.5962, 50290
2124, 0.597, 50314
2125, 0.5973, 50337
2126, 0.5966, 50361
2127, 0.5967, 50384
2128, 0.5967, 50408
2129, 0.5966, 50431
2130, 0.5955, 50455
2131, 0.596, 50478
2132, 0.5952, 50502
2133, 0.5963, 50526
2134, 0.5949, 50549
2135, 0.5948, 50573
2136, 0.5956, 50597
2137, 0.5955, 50620
2138, 0.5951, 50645
2139, 0.5961, 50671
2140, 0.5943, 50696
2141, 0.5961, 50720
2142, 0.5948, 50744
2143, 0.5954, 50767
2144, 0.5939, 50791
2145, 0.5956, 50814
2146, 0.595, 50838
2147, 0.5965, 50862
2148, 0.5955, 50885
2149, 0.5966, 50909
2150, 0.5942, 50937
2151, 0.5955, 50965
2152, 0.5952, 50989
2153, 0.5968, 51013
2154, 0.5953, 51036
2155, 0.5954, 51060
2156, 0.5966, 51084
2157, 0.5956, 51107
2158, 0.5958, 51131
2159, 0.5943, 51155
2160, 0.5947, 51178
2161, 0.5939, 51202
2162, 0.5957, 51226
2163, 0.5938, 51249
2164, 0.595, 51273
2165, 0.5949, 51297
2166, 0.5957, 51320
2167, 0.5935, 51344
2168, 0.5947, 51367
2169, 0.5934, 51391
2170, 0.5954, 51415
2171, 0.5923, 51439
2172, 0.5942, 51462
2173, 0.5927, 51486
2174, 0.5937, 51510
2175, 0.5938, 51534
2176, 0.5932, 51558
2177, 0.594, 51582
2178, 0.5926, 51605
2179, 0.5928, 51629
2180, 0.5923, 51653
2181, 0.5929, 51676
2182, 0.5927, 51700
2183, 0.5936, 51723
2184, 0.5926, 51747
2185, 0.5934, 51771
2186, 0.5923, 51794
2187, 0.5926, 51818
2188, 0.5922, 51843
2189, 0.5924, 51874
2190, 0.5922, 51897
2191, 0.5913, 51920
2192, 0.5917, 51944
2193, 0.5929, 51967
2194, 0.592, 51992
2195, 0.5921, 52015
2196, 0.5925, 52039
2197, 0.5917, 52063
2198, 0.5923, 52086
2199, 0.5918, 52110
2200, 0.5921, 52133
2201, 0.5925, 52157
2202, 0.5922, 52180
2203, 0.5927, 52204
2204, 0.5926, 52228
2205, 0.5925, 52251
2206, 0.5927, 52275
2207, 0.5927, 52298
2208, 0.5917, 52322
2209, 0.5925, 52345
2210, 0.5927, 52369
2211, 0.593, 52393
2212, 0.5926, 52416
2213, 0.5929, 52440
2214, 0.5924, 52464
2215, 0.592, 52487
2216, 0.5926, 52511
2217, 0.5922, 52534
2218, 0.5932, 52558
2219, 0.5917, 52582
2220, 0.5924, 52605
2221, 0.5913, 52629
2222, 0.5924, 52652
2223, 0.5914, 52676
2224, 0.5924, 52699
2225, 0.5918, 52723
2226, 0.5913, 52747
2227, 0.5913, 52770
2228, 0.5927, 52794
2229, 0.5921, 52827
2230, 0.5927, 52850
2231, 0.5912, 52874
2232, 0.5919, 52898
2233, 0.591, 52921
2234, 0.5911, 52945
2235, 0.5913, 52968
2236, 0.5913, 52992
2237, 0.5914, 53015
2238, 0.5933, 53039
2239, 0.592, 53063
2240, 0.5923, 53086
2241, 0.5926, 53110
2242, 0.5916, 53134
2243, 0.5912, 53157
2244, 0.5915, 53181
2245, 0.5912, 53204
2246, 0.5933, 53228
2247, 0.5923, 53252
2248, 0.5912, 53275
2249, 0.5912, 53299
2250, 0.5909, 53323
2251, 0.5909, 53346
2252, 0.5925, 53370
2253, 0.591, 53393
2254, 0.5926, 53417
2255, 0.5921, 53440
2256, 0.5919, 53464
2257, 0.5915, 53487
2258, 0.5924, 53511
2259, 0.5908, 53534
2260, 0.5921, 53558
2261, 0.5926, 53581
2262, 0.5927, 53605
2263, 0.5922, 53628
2264, 0.592, 53652
2265, 0.5915, 53676
2266, 0.5912, 53700
2267, 0.5908, 53723
2268, 0.5895, 53747
2269, 0.5907, 53773
2270, 0.5916, 53803
2271, 0.5913, 53827
2272, 0.5899, 53850
2273, 0.5903, 53874
2274, 0.5903, 53898
2275, 0.5891, 53921
2276, 0.5906, 53945
2277, 0.5885, 53969
2278, 0.5891, 53992
2279, 0.5888, 54016
2280, 0.5903, 54040
2281, 0.5887, 54064
2282, 0.5899, 54088
2283, 0.5886, 54111
2284, 0.5889, 54135
2285, 0.5894, 54159
2286, 0.589, 54182
2287, 0.5888, 54206
2288, 0.59, 54229
2289, 0.5888, 54253
2290, 0.5879, 54276
2291, 0.5894, 54300
2292, 0.5875, 54324
2293, 0.5907, 54347
2294, 0.5884, 54371
2295, 0.59, 54395
2296, 0.5887, 54419
2297, 0.5906, 54442
2298, 0.589, 54466
2299, 0.5895, 54489
2300, 0.5883, 54513
2301, 0.5913, 54537
2302, 0.5877, 54560
2303, 0.5915, 54583
2304, 0.5892, 54607
2305, 0.5902, 54631
2306, 0.5912, 54655
2307, 0.5894, 54678
2308, 0.5904, 54710
2309, 0.591, 54735
2310, 0.5906, 54759
2311, 0.5885, 54782
2312, 0.5921, 54806
2313, 0.5913, 54830
2314, 0.5905, 54854
2315, 0.5892, 54877
2316, 0.591, 54901
2317, 0.591, 54925
2318, 0.5903, 54948
2319, 0.5889, 54972
2320, 0.5893, 54995
2321, 0.5903, 55019
2322, 0.5899, 55043
2323, 0.5862, 55066
2324, 0.5903, 55090
2325, 0.5906, 55113
2326, 0.5911, 55137
2327, 0.589, 55161
2328, 0.5904, 55185
2329, 0.5898, 55208
2330, 0.5906, 55232
