1, 0.0939, 25
2, 0.0947, 40
3, 0.0955, 56
4, 0.0962, 74
5, 0.0968, 89
6, 0.0978, 105
7, 0.0986, 124
8, 0.0998, 144
9, 0.1007, 164
10, 0.1013, 183
11, 0.1018, 202
12, 0.1025, 222
13, 0.1037, 242
14, 0.1042, 262
15, 0.1055, 281
16, 0.1063, 300
17, 0.1074, 320
18, 0.108, 339
19, 0.1093, 358
20, 0.1104, 377
21, 0.1111, 397
22, 0.1124, 416
23, 0.1134, 436
24, 0.1148, 455
25, 0.1155, 474
26, 0.1152, 493
27, 0.1153, 512
28, 0.116, 532
29, 0.1161, 551
30, 0.1167, 570
31, 0.1166, 590
32, 0.1168, 609
33, 0.1171, 628
34, 0.1173, 648
35, 0.1177, 667
36, 0.118, 687
37, 0.1193, 706
38, 0.121, 725
39, 0.122, 745
40, 0.1239, 764
41, 0.126, 783
42, 0.1283, 802
43, 0.1317, 822
44, 0.134, 842
45, 0.1365, 861
46, 0.1395, 880
47, 0.1458, 900
48, 0.1515, 920
49, 0.1556, 939
50, 0.1623, 959
51, 0.1716, 978
52, 0.1779, 998
53, 0.1835, 1017
54, 0.1891, 1037
55, 0.1944, 1057
56, 0.1996, 1076
57, 0.2033, 1095
58, 0.2067, 1115
59, 0.2101, 1134
60, 0.2129, 1153
61, 0.2151, 1172
62, 0.2187, 1191
63, 0.2168, 1211
64, 0.2199, 1230
65, 0.2201, 1249
66, 0.2165, 1269
67, 0.2143, 1288
68, 0.2131, 1307
69, 0.2109, 1326
70, 0.2092, 1345
71, 0.2068, 1364
72, 0.2036, 1383
73, 0.2009, 1402
74, 0.1962, 1422
75, 0.1934, 1441
76, 0.1906, 1460
77, 0.1888, 1479
78, 0.1876, 1498
79, 0.1864, 1517
80, 0.1863, 1536
81, 0.1852, 1556
82, 0.185, 1574
83, 0.1842, 1593
84, 0.1855, 1612
85, 0.1856, 1631
86, 0.186, 1651
87, 0.1883, 1670
88, 0.1903, 1689
89, 0.1919, 1708
90, 0.1937, 1727
91, 0.196, 1746
92, 0.1971, 1766
93, 0.1993, 1785
94, 0.2016, 1804
95, 0.2048, 1823
96, 0.207, 1843
97, 0.2091, 1862
98, 0.2108, 1881
99, 0.2144, 1901
100, 0.2169, 1920
101, 0.2193, 1939
102, 0.2235, 1958
103, 0.2279, 1978
104, 0.2298, 1997
105, 0.2334, 2016
106, 0.2367, 2035
107, 0.2388, 2055
108, 0.2422, 2074
109, 0.2416, 2093
110, 0.2455, 2112
111, 0.2486, 2131
112, 0.251, 2150
113, 0.252, 2170
114, 0.2538, 2189
115, 0.2559, 2209
116, 0.2578, 2227
117, 0.2581, 2246
118, 0.2595, 2266
119, 0.2602, 2285
120, 0.2612, 2304
121, 0.2625, 2323
122, 0.2647, 2342
123, 0.2648, 2362
124, 0.2642, 2381
125, 0.2654, 2400
126, 0.2668, 2420
127, 0.2679, 2439
128, 0.2678, 2458
129, 0.2697, 2478
130, 0.2708, 2497
131, 0.2726, 2515
132, 0.2728, 2535
133, 0.2755, 2554
134, 0.2774, 2573
135, 0.2783, 2592
136, 0.2793, 2611
137, 0.2805, 2630
138, 0.2815, 2649
139, 0.2829, 2669
140, 0.2843, 2688
141, 0.2858, 2707
142, 0.2873, 2726
143, 0.2885, 2745
144, 0.2897, 2765
145, 0.2906, 2784
146, 0.2916, 2803
147, 0.2926, 2822
148, 0.2925, 2841
149, 0.2929, 2861
150, 0.2944, 2880
151, 0.2947, 2899
152, 0.2969, 2918
153, 0.2974, 2938
154, 0.2986, 2957
155, 0.2996, 2976
156, 0.3009, 2996
157, 0.3029, 3015
158, 0.3047, 3035
159, 0.3059, 3054
160, 0.307, 3073
161, 0.3086, 3092
162, 0.3091, 3111
163, 0.3093, 3131
164, 0.3094, 3150
165, 0.3109, 3169
166, 0.3119, 3188
167, 0.3138, 3207
168, 0.3146, 3227
169, 0.3152, 3246
170, 0.3168, 3265
171, 0.3195, 3284
172, 0.3211, 3304
173, 0.3219, 3323
174, 0.3242, 3342
175, 0.325, 3361
176, 0.3262, 3380
177, 0.3273, 3399
178, 0.3275, 3418
179, 0.3286, 3437
180, 0.329, 3456
181, 0.3301, 3475
182, 0.3313, 3494
183, 0.3317, 3513
184, 0.3331, 3532
185, 0.3341, 3551
186, 0.3356, 3571
187, 0.3375, 3590
188, 0.3385, 3609
189, 0.3395, 3628
190, 0.34, 3647
191, 0.3405, 3667
192, 0.3417, 3685
193, 0.3422, 3705
194, 0.343, 3724
195, 0.3444, 3744
196, 0.3449, 3763
197, 0.3458, 3782
198, 0.3465, 3801
199, 0.3475, 3820
200, 0.3488, 3840
201, 0.3505, 3859
202, 0.3513, 3878
203, 0.3536, 3897
204, 0.3544, 3917
205, 0.3556, 3936
206, 0.3556, 3955
207, 0.3559, 3974
208, 0.3571, 3994
209, 0.3581, 4013
210, 0.3598, 4032
211, 0.3607, 4051
212, 0.3615, 4070
213, 0.3624, 4089
214, 0.3633, 4108
215, 0.3638, 4128
216, 0.3653, 4146
217, 0.3669, 4165
218, 0.3677, 4184
219, 0.3681, 4203
220, 0.3697, 4223
221, 0.3708, 4242
222, 0.3723, 4261
223, 0.3737, 4280
224, 0.3739, 4300
225, 0.3754, 4319
226, 0.3763, 4338
227, 0.3777, 4357
228, 0.3778, 4377
229, 0.3785, 4396
230, 0.3789, 4415
231, 0.3791, 4434
232, 0.3799, 4453
233, 0.3812, 4472
234, 0.3824, 4491
235, 0.3839, 4510
236, 0.3842, 4530
237, 0.3852, 4550
238, 0.3864, 4569
239, 0.3881, 4588
240, 0.3884, 4607
241, 0.39, 4627
242, 0.3906, 4646
243, 0.3908, 4665
244, 0.3923, 4684
245, 0.3926, 4704
246, 0.3922, 4723
247, 0.3933, 4742
248, 0.3939, 4761
249, 0.3941, 4780
250, 0.3953, 4800
251, 0.3965, 4819
252, 0.3967, 4838
253, 0.3972, 4857
254, 0.398, 4876
255, 0.3982, 4895
256, 0.399, 4914
257, 0.3989, 4933
258, 0.4001, 4952
259, 0.4012, 4972
260, 0.402, 4991
261, 0.4029, 5010
262, 0.4035, 5029
263, 0.4048, 5049
264, 0.4054, 5068
265, 0.4054, 5088
266, 0.4062, 5107
267, 0.4067, 5126
268, 0.4073, 5145
269, 0.4075, 5165
270, 0.4076, 5184
271, 0.4079, 5203
272, 0.4092, 5223
273, 0.41, 5242
274, 0.4106, 5262
275, 0.4119, 5281
276, 0.4127, 5301
277, 0.4139, 5320
278, 0.4146, 5339
279, 0.4148, 5358
280, 0.4153, 5377
281, 0.4159, 5397
282, 0.4164, 5416
283, 0.4163, 5435
284, 0.4167, 5455
285, 0.4173, 5474
286, 0.4176, 5493
287, 0.4184, 5512
288, 0.4178, 5531
289, 0.4192, 5550
290, 0.4188, 5570
291, 0.4196, 5589
292, 0.4205, 5608
293, 0.4209, 5627
294, 0.4213, 5646
295, 0.4223, 5666
296, 0.4225, 5685
297, 0.424, 5704
298, 0.4246, 5723
299, 0.4252, 5742
300, 0.4251, 5761
301, 0.4264, 5780
302, 0.4268, 5799
303, 0.428, 5817
304, 0.4291, 5836
305, 0.4299, 5856
306, 0.4305, 5875
307, 0.4312, 5894
308, 0.4315, 5913
309, 0.4312, 5932
310, 0.4312, 5951
311, 0.4321, 5970
312, 0.433, 5990
313, 0.4334, 6009
314, 0.4344, 6028
315, 0.435, 6047
316, 0.436, 6066
317, 0.4352, 6085
318, 0.4358, 6104
319, 0.436, 6124
320, 0.4379, 6143
321, 0.4382, 6162
322, 0.4395, 6181
323, 0.4404, 6201
324, 0.4408, 6220
325, 0.4405, 6239
326, 0.4418, 6258
327, 0.4421, 6278
328, 0.4427, 6297
329, 0.4438, 6316
330, 0.4442, 6335
331, 0.4447, 6354
332, 0.4455, 6374
333, 0.446, 6393
334, 0.4455, 6412
335, 0.4461, 6431
336, 0.4466, 6450
337, 0.4479, 6470
338, 0.4485, 6489
339, 0.4492, 6508
340, 0.4491, 6527
341, 0.4499, 6547
342, 0.4489, 6566
343, 0.4503, 6585
344, 0.4494, 6604
345, 0.4502, 6623
346, 0.4501, 6642
347, 0.4512, 6662
348, 0.4519, 6681
349, 0.4522, 6700
350, 0.4533, 6720
351, 0.4528, 6740
352, 0.4536, 6759
353, 0.4541, 6777
354, 0.455, 6797
355, 0.4556, 6816
356, 0.4556, 6835
357, 0.4556, 6854
358, 0.4556, 6873
359, 0.4559, 6892
360, 0.4555, 6911
361, 0.4558, 6930
362, 0.4562, 6949
363, 0.457, 6968
364, 0.4571, 6987
365, 0.4569, 7007
366, 0.4572, 7025
367, 0.4577, 7044
368, 0.458, 7064
369, 0.4584, 7082
370, 0.4584, 7102
371, 0.4593, 7121
372, 0.4587, 7140
373, 0.4592, 7160
374, 0.4597, 7178
375, 0.4597, 7198
376, 0.4599, 7217
377, 0.461, 7237
378, 0.4613, 7256
379, 0.4616, 7275
380, 0.4619, 7294
381, 0.4629, 7313
382, 0.4639, 7332
383, 0.4637, 7351
384, 0.4641, 7370
385, 0.4642, 7389
386, 0.4649, 7408
387, 0.4643, 7427
388, 0.465, 7447
389, 0.4649, 7466
390, 0.466, 7485
391, 0.4666, 7504
392, 0.4662, 7523
393, 0.4667, 7542
394, 0.4664, 7561
395, 0.4669, 7580
396, 0.4681, 7600
397, 0.468, 7619
398, 0.4682, 7638
399, 0.468, 7657
400, 0.4689, 7676
401, 0.4683, 7695
402, 0.4696, 7714
403, 0.4697, 7733
404, 0.4701, 7753
405, 0.4703, 7772
406, 0.4716, 7791
407, 0.4718, 7810
408, 0.4729, 7829
409, 0.4732, 7849
410, 0.4732, 7868
411, 0.4737, 7887
412, 0.474, 7906
413, 0.475, 7926
414, 0.4752, 7945
415, 0.4757, 7964
416, 0.4761, 7983
417, 0.4768, 8002
418, 0.4765, 8022
419, 0.477, 8041
420, 0.477, 8060
421, 0.4779, 8079
422, 0.4778, 8099
423, 0.4786, 8118
424, 0.4788, 8137
425, 0.4793, 8156
426, 0.4788, 8176
427, 0.4794, 8195
428, 0.4798, 8214
429, 0.4796, 8233
430, 0.4801, 8252
431, 0.4801, 8271
432, 0.4802, 8290
433, 0.4798, 8310
434, 0.4808, 8329
435, 0.4804, 8348
436, 0.4807, 8367
437, 0.4802, 8386
438, 0.4806, 8405
439, 0.4805, 8424
440, 0.4805, 8444
441, 0.4805, 8462
442, 0.481, 8482
443, 0.4816, 8501
444, 0.4814, 8520
445, 0.4823, 8539
446, 0.4828, 8559
447, 0.4832, 8578
448, 0.4841, 8597
449, 0.4845, 8616
450, 0.4846, 8635
451, 0.4848, 8654
452, 0.4845, 8673
453, 0.4847, 8691
454, 0.4845, 8710
455, 0.4861, 8730
456, 0.4854, 8749
457, 0.4872, 8768
458, 0.4864, 8788
459, 0.4877, 8807
460, 0.4869, 8826
461, 0.4873, 8845
462, 0.4875, 8865
463, 0.4885, 8885
464, 0.4892, 8904
465, 0.4898, 8923
466, 0.4896, 8942
467, 0.4904, 8961
468, 0.491, 8980
469, 0.491, 9000
470, 0.4921, 9019
471, 0.4923, 9038
472, 0.4931, 9057
473, 0.4933, 9077
474, 0.4934, 9096
475, 0.4934, 9115
476, 0.4934, 9135
477, 0.4937, 9154
478, 0.4941, 9174
479, 0.4948, 9193
480, 0.4953, 9212
481, 0.4959, 9232
482, 0.4965, 9251
483, 0.4971, 9270
484, 0.4976, 9290
485, 0.4981, 9309
486, 0.4989, 9328
487, 0.499, 9348
488, 0.4996, 9367
489, 0.4993, 9386
490, 0.4999, 9406
491, 0.5009, 9425
492, 0.501, 9445
493, 0.5014, 9464
494, 0.5024, 9483
495, 0.5023, 9502
496, 0.5028, 9522
497, 0.5037, 9541
498, 0.5033, 9560
499, 0.5043, 9578
500, 0.504, 9597
501, 0.5045, 9617
502, 0.5047, 9636
503, 0.5048, 9655
504, 0.5047, 9675
505, 0.5043, 9694
506, 0.5049, 9714
507, 0.5051, 9733
508, 0.5055, 9752
509, 0.5053, 9771
510, 0.5063, 9790
511, 0.5061, 9809
512, 0.5073, 9829
513, 0.5071, 9848
514, 0.5078, 9867
515, 0.5083, 9886
516, 0.5086, 9906
517, 0.5098, 9925
518, 0.5102, 9944
519, 0.5109, 9963
520, 0.5119, 9983
521, 0.5118, 10002
522, 0.513, 10021
523, 0.5127, 10040
524, 0.5132, 10059
525, 0.5131, 10078
526, 0.5141, 10097
527, 0.514, 10117
528, 0.514, 10136
529, 0.5148, 10155
530, 0.515, 10175
531, 0.5155, 10194
532, 0.5162, 10213
533, 0.5164, 10233
534, 0.5168, 10252
535, 0.5174, 10272
536, 0.5176, 10291
537, 0.5174, 10310
538, 0.5179, 10329
539, 0.518, 10348
540, 0.5183, 10368
541, 0.5182, 10387
542, 0.5186, 10407
543, 0.5182, 10426
544, 0.5187, 10445
545, 0.5184, 10464
546, 0.519, 10483
547, 0.5182, 10502
548, 0.519, 10522
549, 0.5191, 10541
550, 0.5198, 10561
551, 0.5195, 10580
552, 0.5197, 10599
553, 0.5195, 10619
554, 0.5202, 10638
555, 0.5201, 10657
556, 0.5206, 10676
557, 0.5207, 10696
558, 0.5211, 10715
559, 0.5215, 10735
560, 0.5216, 10754
561, 0.5218, 10773
562, 0.5221, 10792
563, 0.5227, 10811
564, 0.5223, 10831
565, 0.5222, 10850
566, 0.5226, 10870
567, 0.5224, 10889
568, 0.5229, 10908
569, 0.5232, 10928
570, 0.5232, 10947
571, 0.5235, 10966
572, 0.5235, 10986
573, 0.5244, 11005
574, 0.5241, 11025
575, 0.5248, 11044
576, 0.5249, 11063
577, 0.5258, 11082
578, 0.5256, 11102
579, 0.526, 11121
580, 0.5261, 11140
581, 0.5259, 11160
582, 0.5263, 11179
583, 0.5271, 11199
584, 0.5274, 11218
585, 0.5276, 11237
586, 0.5273, 11257
587, 0.5284, 11276
588, 0.5283, 11296
589, 0.5293, 11315
590, 0.5291, 11334
591, 0.53, 11353
592, 0.5294, 11372
593, 0.5299, 11392
594, 0.5306, 11411
595, 0.5304, 11430
596, 0.5306, 11449
597, 0.531, 11468
598, 0.5318, 11488
599, 0.5317, 11507
600, 0.5317, 11526
601, 0.5319, 11545
602, 0.5322, 11565
603, 0.532, 11584
604, 0.533, 11603
605, 0.5328, 11623
606, 0.5331, 11642
607, 0.5334, 11661
608, 0.5335, 11680
609, 0.5337, 11700
610, 0.5339, 11719
611, 0.5335, 11738
612, 0.5338, 11758
613, 0.5338, 11776
614, 0.5343, 11795
615, 0.5346, 11814
616, 0.5352, 11834
617, 0.5349, 11853
618, 0.5349, 11872
619, 0.5356, 11892
620, 0.5355, 11911
621, 0.536, 11931
622, 0.5355, 11951
623, 0.5359, 11972
624, 0.5355, 11995
625, 0.5357, 12018
626, 0.5357, 12040
627, 0.5362, 12059
628, 0.5363, 12080
629, 0.536, 12100
630, 0.5362, 12120
631, 0.5362, 12140
632, 0.5364, 12160
633, 0.5368, 12180
634, 0.5372, 12199
635, 0.5378, 12219
636, 0.538, 12239
637, 0.5383, 12259
638, 0.5388, 12278
639, 0.5394, 12294
640, 0.5393, 12309
641, 0.5395, 12324
642, 0.5398, 12339
643, 0.5404, 12355
644, 0.5405, 12370
645, 0.5404, 12386
646, 0.5407, 12401
647, 0.5407, 12416
648, 0.5407, 12432
649, 0.541, 12447
650, 0.5414, 12463
651, 0.5417, 12478
652, 0.5418, 12493
653, 0.5418, 12509
654, 0.5421, 12525
655, 0.5424, 12540
656, 0.5424, 12556
657, 0.5427, 12571
658, 0.5427, 12586
659, 0.5432, 12602
660, 0.5434, 12618
661, 0.544, 12633
662, 0.5443, 12648
663, 0.5446, 12664
664, 0.5446, 12679
665, 0.5452, 12695
666, 0.545, 12710
667, 0.545, 12725
668, 0.5457, 12740
669, 0.5459, 12756
670, 0.546, 12771
671, 0.5465, 12786
672, 0.5462, 12801
673, 0.5465, 12817
674, 0.5464, 12832
675, 0.5469, 12847
676, 0.547, 12862
677, 0.5471, 12877
678, 0.5475, 12892
679, 0.5476, 12907
680, 0.5477, 12922
681, 0.5484, 12937
682, 0.5483, 12952
683, 0.5485, 12967
684, 0.5487, 12982
685, 0.5491, 12997
686, 0.5495, 13013
687, 0.5498, 13028
688, 0.5502, 13043
689, 0.5505, 13059
690, 0.5511, 13075
691, 0.5515, 13090
692, 0.5518, 13105
693, 0.5519, 13119
694, 0.5522, 13135
695, 0.5527, 13150
696, 0.5532, 13165
697, 0.5535, 13180
698, 0.5541, 13195
699, 0.5539, 13211
700, 0.5543, 13226
701, 0.5546, 13241
702, 0.5548, 13256
703, 0.5551, 13271
704, 0.5554, 13286
705, 0.5557, 13301
706, 0.5561, 13316
707, 0.556, 13331
708, 0.5561, 13346
709, 0.5565, 13362
710, 0.5563, 13378
711, 0.5563, 13393
712, 0.5564, 13408
713, 0.5567, 13424
714, 0.5568, 13439
715, 0.5572, 13454
716, 0.5574, 13469
717, 0.5572, 13485
718, 0.557, 13501
719, 0.5574, 13516
720, 0.5575, 13531
721, 0.5579, 13547
722, 0.5581, 13562
723, 0.5585, 13578
724, 0.5588, 13593
725, 0.5592, 13608
726, 0.5593, 13622
727, 0.5599, 13638
728, 0.5598, 13653
729, 0.5597, 13668
730, 0.56, 13683
731, 0.56, 13699
732, 0.5604, 13714
733, 0.5601, 13729
734, 0.5597, 13744
735, 0.5601, 13759
736, 0.5607, 13774
737, 0.5607, 13790
738, 0.561, 13805
739, 0.5614, 13820
740, 0.5615, 13836
741, 0.5623, 13851
742, 0.5621, 13867
743, 0.5624, 13883
744, 0.5624, 13898
745, 0.5625, 13914
746, 0.5629, 13929
747, 0.5641, 13944
748, 0.5639, 13959
749, 0.5643, 13975
750, 0.5643, 13990
751, 0.5644, 14005
752, 0.5645, 14021
753, 0.5649, 14036
754, 0.5647, 14051
755, 0.5644, 14066
756, 0.5642, 14082
757, 0.5645, 14097
758, 0.5647, 14112
759, 0.5651, 14127
760, 0.5651, 14142
761, 0.5653, 14157
762, 0.5656, 14173
763, 0.5657, 14188
764, 0.566, 14203
765, 0.5659, 14219
766, 0.5661, 14234
767, 0.5664, 14249
768, 0.5665, 14264
769, 0.5668, 14279
770, 0.5666, 14295
771, 0.567, 14310
772, 0.5671, 14325
773, 0.5673, 14340
774, 0.5677, 14354
775, 0.5684, 14369
776, 0.5686, 14385
777, 0.5683, 14400
778, 0.5686, 14415
779, 0.5685, 14430
780, 0.5686, 14446
781, 0.5684, 14461
782, 0.5684, 14476
783, 0.5686, 14491
784, 0.5683, 14507
785, 0.5683, 14522
786, 0.5684, 14537
787, 0.5686, 14552
788, 0.5684, 14567
789, 0.5691, 14583
790, 0.5693, 14598
791, 0.5694, 14614
792, 0.5699, 14629
793, 0.5698, 14644
794, 0.5703, 14659
795, 0.5702, 14675
796, 0.5703, 14690
797, 0.5707, 14705
798, 0.5708, 14720
799, 0.5712, 14735
800, 0.5714, 14750
801, 0.5718, 14766
802, 0.5719, 14782
803, 0.572, 14798
804, 0.5721, 14814
805, 0.5719, 14829
806, 0.5726, 14845
807, 0.5725, 14860
808, 0.5724, 14875
809, 0.5731, 14890
810, 0.5732, 14905
811, 0.5735, 14920
812, 0.5736, 14935
813, 0.5738, 14951
814, 0.5744, 14966
815, 0.5748, 14982
816, 0.5751, 14997
817, 0.5755, 15012
818, 0.5756, 15028
819, 0.5758, 15044
820, 0.5759, 15059
821, 0.5759, 15075
822, 0.5757, 15089
823, 0.5757, 15104
824, 0.5759, 15120
825, 0.576, 15136
826, 0.5766, 15152
827, 0.5765, 15168
828, 0.577, 15183
829, 0.577, 15199
830, 0.5772, 15214
831, 0.5777, 15229
832, 0.5776, 15244
833, 0.578, 15260
834, 0.5784, 15275
835, 0.5784, 15291
836, 0.5785, 15306
837, 0.5787, 15321
838, 0.5789, 15336
839, 0.5791, 15351
840, 0.5793, 15366
841, 0.5797, 15381
842, 0.5801, 15396
843, 0.5801, 15412
844, 0.5804, 15427
845, 0.5805, 15442
846, 0.5803, 15457
847, 0.5807, 15473
848, 0.5811, 15488
849, 0.5814, 15503
850, 0.5817, 15518
851, 0.582, 15533
852, 0.5824, 15548
853, 0.5826, 15563
854, 0.5827, 15579
855, 0.5829, 15594
856, 0.5829, 15609
857, 0.583, 15624
858, 0.583, 15640
859, 0.5832, 15656
860, 0.5826, 15671
861, 0.5829, 15686
862, 0.5831, 15701
863, 0.5835, 15716
864, 0.5835, 15731
865, 0.5835, 15747
866, 0.5834, 15763
867, 0.583, 15778
868, 0.5835, 15793
869, 0.5833, 15808
870, 0.5839, 15823
871, 0.5837, 15839
872, 0.5838, 15854
873, 0.5833, 15870
874, 0.5835, 15885
875, 0.5836, 15900
876, 0.5835, 15915
877, 0.5839, 15930
878, 0.5842, 15945
879, 0.5841, 15960
880, 0.584, 15975
881, 0.5843, 15991
882, 0.5843, 16006
883, 0.5844, 16022
884, 0.5842, 16037
885, 0.5844, 16053
886, 0.5842, 16069
887, 0.5844, 16084
888, 0.5843, 16100
889, 0.5843, 16116
890, 0.5845, 16131
891, 0.5846, 16146
892, 0.5846, 16161
893, 0.5846, 16177
894, 0.5851, 16192
895, 0.5849, 16207
896, 0.5851, 16222
897, 0.5849, 16237
898, 0.5852, 16253
899, 0.5852, 16268
900, 0.5855, 16283
901, 0.5852, 16299
902, 0.5853, 16313
903, 0.5854, 16328
904, 0.5852, 16344
905, 0.5854, 16359
906, 0.5857, 16374
907, 0.5856, 16389
908, 0.5855, 16404
909, 0.5852, 16420
910, 0.5854, 16435
911, 0.5854, 16451
912, 0.5859, 16466
913, 0.5859, 16481
914, 0.5862, 16496
915, 0.5861, 16511
916, 0.5864, 16526
917, 0.5864, 16541
918, 0.5867, 16556
919, 0.5867, 16572
920, 0.587, 16588
921, 0.587, 16603
922, 0.5875, 16619
923, 0.5876, 16634
924, 0.588, 16650
925, 0.588, 16666
926, 0.5885, 16682
927, 0.5884, 16697
928, 0.5884, 16712
929, 0.5885, 16727
930, 0.5884, 16743
931, 0.5885, 16759
932, 0.5887, 16774
933, 0.5886, 16789
934, 0.5888, 16804
935, 0.5889, 16820
936, 0.5888, 16836
937, 0.5889, 16851
938, 0.5888, 16866
939, 0.589, 16880
940, 0.5892, 16895
941, 0.5894, 16911
942, 0.5892, 16926
943, 0.5892, 16942
944, 0.589, 16958
945, 0.5893, 16973
946, 0.5891, 16989
947, 0.5892, 17004
948, 0.5889, 17020
949, 0.5891, 17035
950, 0.5893, 17051
951, 0.5891, 17066
952, 0.589, 17081
953, 0.589, 17097
954, 0.5894, 17113
955, 0.5891, 17129
956, 0.5893, 17144
957, 0.5893, 17160
958, 0.5894, 17176
959, 0.5896, 17191
960, 0.5897, 17207
961, 0.5899, 17223
962, 0.5898, 17238
963, 0.5896, 17253
964, 0.5895, 17268
965, 0.5897, 17284
966, 0.5899, 17299
967, 0.5901, 17314
968, 0.59, 17329
969, 0.5901, 17344
970, 0.5899, 17360
971, 0.5903, 17375
972, 0.59, 17390
973, 0.5907, 17404
974, 0.5904, 17419
975, 0.5908, 17434
976, 0.5905, 17449
977, 0.5903, 17464
978, 0.5906, 17479
979, 0.5907, 17494
980, 0.5906, 17509
981, 0.5909, 17524
982, 0.5911, 17539
983, 0.5911, 17554
984, 0.591, 17569
985, 0.5906, 17584
986, 0.5904, 17600
987, 0.5909, 17616
988, 0.5907, 17631
989, 0.5914, 17646
990, 0.5911, 17662
991, 0.5911, 17677
992, 0.5911, 17692
993, 0.5914, 17707
994, 0.5913, 17722
995, 0.5916, 17738
996, 0.5915, 17753
997, 0.5914, 17769
998, 0.5917, 17785
999, 0.5918, 17801
1000, 0.5918, 17817
1001, 0.5919, 17832
1002, 0.5924, 17848
1003, 0.5922, 17864
1004, 0.5926, 17880
1005, 0.5927, 17895
1006, 0.5927, 17910
1007, 0.5927, 17925
1008, 0.5929, 17941
1009, 0.5934, 17956
1010, 0.5933, 17971
1011, 0.5932, 17987
1012, 0.5935, 18003
1013, 0.5938, 18018
1014, 0.5938, 18033
1015, 0.594, 18048
1016, 0.5942, 18064
1017, 0.5943, 18079
1018, 0.5943, 18094
1019, 0.5947, 18110
1020, 0.5948, 18125
1021, 0.5949, 18140
1022, 0.5948, 18155
1023, 0.5947, 18170
1024, 0.595, 18185
1025, 0.5953, 18200
1026, 0.5958, 18215
1027, 0.5957, 18231
1028, 0.5963, 18246
1029, 0.5959, 18261
1030, 0.5962, 18277
1031, 0.5962, 18292
1032, 0.5966, 18307
1033, 0.5967, 18322
1034, 0.5971, 18338
1035, 0.5971, 18353
1036, 0.5968, 18368
1037, 0.597, 18384
1038, 0.5971, 18399
1039, 0.597, 18414
1040, 0.5968, 18429
1041, 0.5973, 18444
1042, 0.5972, 18458
1043, 0.5975, 18474
1044, 0.5973, 18489
1045, 0.5973, 18504
1046, 0.5976, 18519
1047, 0.598, 18534
1048, 0.5982, 18550
1049, 0.598, 18565
1050, 0.5983, 18580
1051, 0.5983, 18596
1052, 0.5982, 18611
1053, 0.5984, 18626
1054, 0.5987, 18642
1055, 0.5988, 18657
1056, 0.5989, 18674
1057, 0.5994, 18690
1058, 0.5993, 18705
1059, 0.5999, 18720
1060, 0.5997, 18736
1061, 0.5997, 18752
1062, 0.5999, 18768
1063, 0.6, 18784
1064, 0.5997, 18798
1065, 0.5997, 18813
1066, 0.5999, 18828
1067, 0.5996, 18844
1068, 0.5998, 18859
1069, 0.5992, 18874
1070, 0.5995, 18890
1071, 0.5994, 18905
1072, 0.5999, 18920
1073, 0.6002, 18935
1074, 0.6003, 18950
1075, 0.6004, 18964
1076, 0.601, 18980
1077, 0.6008, 18996
1078, 0.601, 19011
1079, 0.6015, 19026
1080, 0.6015, 19041
1081, 0.6018, 19056
1082, 0.6014, 19071
1083, 0.6019, 19087
1084, 0.6021, 19102
1085, 0.6023, 19118
1086, 0.6024, 19133
1087, 0.6028, 19149
1088, 0.6029, 19165
1089, 0.6031, 19180
1090, 0.6029, 19196
1091, 0.6033, 19211
1092, 0.603, 19226
1093, 0.6033, 19242
1094, 0.6036, 19257
1095, 0.6038, 19272
1096, 0.6038, 19287
1097, 0.6037, 19303
1098, 0.6041, 19318
1099, 0.6041, 19333
1100, 0.6042, 19349
1101, 0.6047, 19365
1102, 0.6046, 19380
1103, 0.6052, 19396
1104, 0.6051, 19411
1105, 0.6051, 19426
1106, 0.6048, 19441
1107, 0.6048, 19455
1108, 0.6047, 19470
1109, 0.6049, 19485
1110, 0.6053, 19501
1111, 0.6051, 19516
1112, 0.605, 19531
1113, 0.6051, 19546
1114, 0.6053, 19562
1115, 0.6052, 19577
1116, 0.6055, 19593
1117, 0.6051, 19609
1118, 0.6057, 19624
1119, 0.6058, 19640
1120, 0.6063, 19655
1121, 0.6063, 19671
1122, 0.6061, 19687
1123, 0.6066, 19703
1124, 0.6064, 19719
1125, 0.6064, 19734
1126, 0.6069, 19750
1127, 0.607, 19765
1128, 0.607, 19780
1129, 0.6072, 19795
1130, 0.6075, 19811
1131, 0.6073, 19826
1132, 0.6079, 19841
1133, 0.6074, 19856
1134, 0.6076, 19872
1135, 0.6074, 19888
1136, 0.6075, 19903
1137, 0.6075, 19918
1138, 0.6071, 19933
1139, 0.6075, 19948
1140, 0.6073, 19963
1141, 0.6074, 19978
1142, 0.6077, 19993
1143, 0.6076, 20008
1144, 0.6077, 20023
1145, 0.6081, 20038
1146, 0.608, 20053
1147, 0.6084, 20069
1148, 0.6085, 20084
1149, 0.6083, 20100
1150, 0.6083, 20116
1151, 0.6085, 20131
1152, 0.6078, 20146
1153, 0.6083, 20161
1154, 0.6082, 20176
1155, 0.608, 20191
1156, 0.6081, 20206
1157, 0.6081, 20221
1158, 0.6081, 20236
1159, 0.6084, 20252
1160, 0.6082, 20268
1161, 0.6088, 20283
1162, 0.6088, 20299
1163, 0.6091, 20315
1164, 0.609, 20331
1165, 0.6088, 20346
1166, 0.6088, 20360
1167, 0.6088, 20376
1168, 0.6092, 20391
1169, 0.609, 20405
1170, 0.609, 20420
1171, 0.6089, 20435
1172, 0.6087, 20450
1173, 0.6086, 20466
1174, 0.6088, 20481
1175, 0.6084, 20497
1176, 0.6082, 20512
1177, 0.6082, 20527
1178, 0.6082, 20542
1179, 0.6084, 20557
1180, 0.608, 20572
1181, 0.6086, 20587
1182, 0.6084, 20602
1183, 0.6082, 20617
1184, 0.6086, 20631
1185, 0.6085, 20646
1186, 0.6088, 20662
1187, 0.6091, 20677
1188, 0.6093, 20692
1189, 0.6092, 20707
1190, 0.6095, 20723
1191, 0.6092, 20738
1192, 0.6097, 20753
1193, 0.6097, 20768
1194, 0.6097, 20784
1195, 0.6097, 20799
1196, 0.6098, 20814
1197, 0.6095, 20829
1198, 0.61, 20844
1199, 0.61, 20859
1200, 0.6104, 20874
1201, 0.6104, 20890
1202, 0.6104, 20905
1203, 0.6108, 20920
1204, 0.6109, 20935
1205, 0.6111, 20949
1206, 0.6108, 20965
1207, 0.611, 20980
1208, 0.6107, 20995
1209, 0.611, 21011
1210, 0.6107, 21026
1211, 0.6108, 21041
1212, 0.6112, 21057
1213, 0.611, 21073
1214, 0.6112, 21088
1215, 0.6114, 21103
1216, 0.6112, 21119
1217, 0.6114, 21134
1218, 0.6114, 21150
1219, 0.6116, 21165
1220, 0.611, 21180
1221, 0.6113, 21195
1222, 0.6113, 21211
1223, 0.6114, 21226
1224, 0.6116, 21242
1225, 0.6115, 21256
1226, 0.6116, 21272
1227, 0.6119, 21287
1228, 0.6114, 21302
1229, 0.6117, 21318
1230, 0.6115, 21333
1231, 0.6116, 21348
1232, 0.6112, 21363
1233, 0.612, 21379
1234, 0.6113, 21395
1235, 0.612, 21411
1236, 0.6114, 21426
1237, 0.6121, 21441
1238, 0.6119, 21457
1239, 0.6117, 21473
1240, 0.612, 21488
1241, 0.6119, 21503
1242, 0.6118, 21518
1243, 0.612, 21534
1244, 0.6122, 21549
1245, 0.6122, 21564
1246, 0.6123, 21579
1247, 0.6123, 21595
1248, 0.6124, 21611
1249, 0.6127, 21627
1250, 0.613, 21642
1251, 0.6127, 21657
1252, 0.6129, 21672
1253, 0.613, 21687
1254, 0.6132, 21702
1255, 0.6132, 21717
1256, 0.6133, 21733
1257, 0.6137, 21748
1258, 0.6134, 21762
1259, 0.6132, 21777
1260, 0.6136, 21792
1261, 0.6131, 21807
1262, 0.613, 21822
1263, 0.6132, 21838
1264, 0.6131, 21853
1265, 0.6129, 21868
1266, 0.6134, 21883
1267, 0.6127, 21899
1268, 0.6131, 21913
1269, 0.6129, 21929
1270, 0.6128, 21945
1271, 0.6127, 21960
1272, 0.613, 21976
1273, 0.6126, 21991
1274, 0.6132, 22006
1275, 0.6132, 22021
1276, 0.6137, 22037
1277, 0.6136, 22052
1278, 0.6136, 22068
1279, 0.6135, 22082
1280, 0.6134, 22097
1281, 0.614, 22112
1282, 0.6138, 22128
1283, 0.614, 22143
1284, 0.6136, 22158
1285, 0.6137, 22174
1286, 0.6139, 22189
1287, 0.6141, 22204
1288, 0.6138, 22220
1289, 0.6141, 22235
1290, 0.6143, 22250
1291, 0.614, 22265
1292, 0.6144, 22280
1293, 0.6146, 22296
1294, 0.6148, 22311
1295, 0.6144, 22326
1296, 0.6144, 22341
1297, 0.6145, 22356
1298, 0.6145, 22371
1299, 0.6147, 22386
1300, 0.6149, 22401
1301, 0.6149, 22416
1302, 0.6146, 22432
1303, 0.6146, 22447
1304, 0.615, 22463
1305, 0.6151, 22478
1306, 0.6148, 22493
1307, 0.6149, 22509
1308, 0.6151, 22524
1309, 0.6155, 22539
1310, 0.6156, 22555
1311, 0.6157, 22570
1312, 0.6156, 22586
1313, 0.6157, 22602
1314, 0.6153, 22617
1315, 0.616, 22633
1316, 0.6157, 22649
1317, 0.616, 22665
1318, 0.616, 22680
1319, 0.6159, 22695
1320, 0.616, 22710
1321, 0.6161, 22725
1322, 0.6161, 22740
1323, 0.6161, 22756
1324, 0.6158, 22771
1325, 0.6159, 22786
1326, 0.6158, 22802
1327, 0.616, 22818
1328, 0.6159, 22834
1329, 0.6161, 22849
1330, 0.616, 22864
1331, 0.616, 22879
1332, 0.6162, 22894
1333, 0.6158, 22909
1334, 0.6159, 22924
1335, 0.6157, 22939
1336, 0.6157, 22954
1337, 0.6158, 22970
1338, 0.6157, 22985
1339, 0.6162, 23001
1340, 0.6158, 23016
1341, 0.6159, 23032
1342, 0.6163, 23048
1343, 0.6157, 23065
1344, 0.6161, 23080
1345, 0.6159, 23097
1346, 0.6164, 23113
1347, 0.6163, 23129
1348, 0.6164, 23144
1349, 0.6164, 23160
1350, 0.6167, 23176
1351, 0.6165, 23191
1352, 0.6166, 23206
1353, 0.6164, 23222
1354, 0.6168, 23238
1355, 0.6169, 23254
1356, 0.617, 23270
1357, 0.6173, 23285
1358, 0.6171, 23302
1359, 0.6174, 23317
1360, 0.6174, 23332
1361, 0.6172, 23348
1362, 0.6172, 23363
1363, 0.6174, 23379
1364, 0.6172, 23394
1365, 0.6175, 23410
1366, 0.6175, 23425
1367, 0.6177, 23440
1368, 0.6178, 23455
1369, 0.6177, 23471
1370, 0.6181, 23486
1371, 0.6178, 23501
1372, 0.6183, 23517
1373, 0.6185, 23532
1374, 0.6187, 23547
1375, 0.6185, 23562
1376, 0.6182, 23577
1377, 0.6184, 23592
1378, 0.6188, 23608
1379, 0.619, 23624
1380, 0.6187, 23639
1381, 0.6187, 23654
1382, 0.6189, 23670
1383, 0.6189, 23685
1384, 0.6189, 23701
1385, 0.6189, 23716
1386, 0.6191, 23731
1387, 0.6194, 23747
1388, 0.6194, 23762
1389, 0.6191, 23777
1390, 0.6192, 23793
1391, 0.6193, 23808
1392, 0.6196, 23824
1393, 0.6198, 23840
1394, 0.6202, 23856
1395, 0.6196, 23872
1396, 0.6199, 23888
1397, 0.6195, 23904
1398, 0.6206, 23919
1399, 0.6197, 23934
1400, 0.6202, 23949
1401, 0.62, 23964
1402, 0.6203, 23979
1403, 0.6196, 23995
1404, 0.6203, 24011
1405, 0.6199, 24026
1406, 0.6203, 24041
1407, 0.6202, 24056
1408, 0.6207, 24071
1409, 0.6202, 24086
1410, 0.6203, 24102
1411, 0.6204, 24116
1412, 0.6206, 24131
1413, 0.6204, 24146
1414, 0.6205, 24162
1415, 0.6204, 24177
1416, 0.6203, 24193
1417, 0.6206, 24208
1418, 0.6206, 24223
1419, 0.6206, 24239
1420, 0.6204, 24254
1421, 0.6205, 24269
1422, 0.6202, 24285
1423, 0.6204, 24300
1424, 0.6207, 24315
1425, 0.6206, 24331
1426, 0.6208, 24345
1427, 0.6206, 24360
1428, 0.6209, 24376
1429, 0.6207, 24392
1430, 0.6209, 24408
1431, 0.6208, 24423
1432, 0.6207, 24438
1433, 0.6208, 24454
1434, 0.6208, 24470
1435, 0.6208, 24486
1436, 0.6211, 24502
1437, 0.621, 24517
1438, 0.621, 24533
1439, 0.621, 24549
1440, 0.6213, 24564
1441, 0.6218, 24580
1442, 0.6215, 24595
1443, 0.6218, 24611
1444, 0.6215, 24626
1445, 0.6221, 24642
1446, 0.6218, 24657
1447, 0.6225, 24672
1448, 0.6223, 24688
1449, 0.6224, 24704
1450, 0.6226, 24720
1451, 0.6225, 24735
1452, 0.6228, 24750
1453, 0.6227, 24766
1454, 0.6229, 24781
1455, 0.6228, 24796
1456, 0.6228, 24811
1457, 0.6233, 24827
1458, 0.623, 24842
1459, 0.6225, 24858
1460, 0.6224, 24874
1461, 0.6229, 24890
1462, 0.6226, 24906
1463, 0.6225, 24921
1464, 0.6228, 24936
1465, 0.6227, 24951
1466, 0.6223, 24967
1467, 0.6224, 24982
1468, 0.6224, 24997
1469, 0.6224, 25012
1470, 0.6225, 25027
1471, 0.6223, 25043
1472, 0.6224, 25058
1473, 0.6226, 25074
1474, 0.6222, 25089
1475, 0.6228, 25104
1476, 0.6226, 25120
1477, 0.623, 25135
1478, 0.623, 25150
1479, 0.623, 25166
1480, 0.6231, 25181
1481, 0.6232, 25196
1482, 0.6229, 25212
1483, 0.6231, 25227
1484, 0.623, 25242
1485, 0.6237, 25258
1486, 0.6233, 25273
1487, 0.6237, 25289
1488, 0.6234, 25304
1489, 0.6233, 25319
1490, 0.6236, 25334
1491, 0.6237, 25349
1492, 0.6234, 25364
1493, 0.6241, 25379
1494, 0.6238, 25394
1495, 0.6237, 25409
1496, 0.624, 25425
1497, 0.6238, 25441
1498, 0.6243, 25456
1499, 0.6242, 25471
1500, 0.6244, 25487
1501, 0.624, 25502
1502, 0.6243, 25518
1503, 0.6243, 25533
1504, 0.6244, 25548
1505, 0.6247, 25563
1506, 0.6246, 25578
1507, 0.6248, 25594
1508, 0.6251, 25609
1509, 0.6244, 25623
1510, 0.6251, 25639
1511, 0.6248, 25655
1512, 0.6254, 25670
1513, 0.6254, 25686
1514, 0.6251, 25701
1515, 0.6253, 25716
1516, 0.6249, 25732
1517, 0.6254, 25747
1518, 0.6251, 25762
1519, 0.6249, 25777
1520, 0.6251, 25793
1521, 0.6251, 25808
1522, 0.6253, 25823
1523, 0.6252, 25839
1524, 0.6257, 25854
1525, 0.6257, 25869
1526, 0.6256, 25884
1527, 0.6254, 25899
1528, 0.6258, 25915
1529, 0.6256, 25930
1530, 0.626, 25946
1531, 0.626, 25961
1532, 0.6261, 25977
1533, 0.6261, 25993
1534, 0.6265, 26008
1535, 0.6265, 26024
1536, 0.6265, 26040
1537, 0.6265, 26055
1538, 0.6267, 26070
1539, 0.6263, 26085
1540, 0.6266, 26100
1541, 0.6265, 26116
1542, 0.6267, 26132
1543, 0.6265, 26148
1544, 0.6275, 26163
1545, 0.6271, 26178
1546, 0.6273, 26194
1547, 0.6274, 26209
1548, 0.6279, 26224
1549, 0.6278, 26240
1550, 0.6274, 26255
1551, 0.6281, 26271
1552, 0.6279, 26286
1553, 0.6281, 26302
1554, 0.6281, 26317
1555, 0.6283, 26332
1556, 0.6282, 26348
1557, 0.6286, 26363
1558, 0.6281, 26378
1559, 0.6287, 26393
1560, 0.6281, 26409
1561, 0.6286, 26424
1562, 0.6283, 26440
1563, 0.629, 26455
1564, 0.6287, 26470
1565, 0.6291, 26485
1566, 0.6291, 26501
1567, 0.6293, 26516
1568, 0.6295, 26530
1569, 0.6294, 26545
1570, 0.6294, 26560
1571, 0.6294, 26576
1572, 0.6293, 26592
1573, 0.6297, 26607
1574, 0.6295, 26623
1575, 0.6295, 26638
1576, 0.6297, 26653
1577, 0.6296, 26669
1578, 0.6297, 26684
1579, 0.6296, 26699
1580, 0.6299, 26714
1581, 0.6293, 26730
1582, 0.6299, 26745
1583, 0.6295, 26760
1584, 0.6302, 26776
1585, 0.6294, 26791
1586, 0.6297, 26807
1587, 0.6297, 26822
1588, 0.6295, 26837
1589, 0.6295, 26852
1590, 0.6296, 26868
1591, 0.6294, 26883
1592, 0.6299, 26898
1593, 0.6297, 26913
1594, 0.6299, 26928
1595, 0.63, 26943
1596, 0.6298, 26958
1597, 0.6299, 26973
1598, 0.6301, 26989
1599, 0.6302, 27004
1600, 0.6305, 27019
1601, 0.6305, 27035
1602, 0.6305, 27051
1603, 0.6305, 27066
1604, 0.6305, 27082
1605, 0.6306, 27097
1606, 0.6305, 27112
1607, 0.6308, 27127
1608, 0.6307, 27142
1609, 0.6306, 27157
1610, 0.6309, 27173
1611, 0.6307, 27188
1612, 0.6308, 27204
1613, 0.6308, 27219
1614, 0.6309, 27235
1615, 0.6309, 27250
1616, 0.6307, 27265
1617, 0.6306, 27281
1618, 0.631, 27296
1619, 0.6306, 27312
1620, 0.631, 27327
1621, 0.6306, 27342
1622, 0.631, 27358
1623, 0.6309, 27373
1624, 0.6308, 27389
1625, 0.631, 27405
1626, 0.631, 27420
1627, 0.6309, 27436
1628, 0.631, 27451
1629, 0.631, 27466
1630, 0.6311, 27481
1631, 0.631, 27497
1632, 0.6311, 27512
1633, 0.6313, 27528
1634, 0.6312, 27543
1635, 0.6314, 27558
1636, 0.6314, 27573
1637, 0.6314, 27589
1638, 0.6312, 27604
1639, 0.6314, 27619
1640, 0.6312, 27634
1641, 0.631, 27650
1642, 0.6316, 27666
1643, 0.6316, 27681
1644, 0.6315, 27696
1645, 0.6315, 27712
1646, 0.6318, 27727
1647, 0.6319, 27741
1648, 0.6319, 27757
1649, 0.632, 27773
1650, 0.6322, 27788
1651, 0.6322, 27803
1652, 0.6322, 27819
1653, 0.6325, 27834
1654, 0.6321, 27850
1655, 0.6325, 27865
1656, 0.6325, 27880
1657, 0.6327, 27896
1658, 0.6325, 27911
1659, 0.6325, 27927
1660, 0.6324, 27942
1661, 0.6322, 27957
1662, 0.6324, 27972
1663, 0.6323, 27987
1664, 0.6324, 28002
1665, 0.6325, 28017
1666, 0.6326, 28032
1667, 0.6324, 28047
1668, 0.6326, 28063
1669, 0.6324, 28079
1670, 0.6326, 28094
1671, 0.6326, 28109
1672, 0.6327, 28124
1673, 0.6326, 28139
1674, 0.6325, 28154
1675, 0.6326, 28169
1676, 0.6329, 28183
1677, 0.6326, 28198
1678, 0.6328, 28213
1679, 0.633, 28228
1680, 0.6331, 28243
1681, 0.6332, 28259
1682, 0.6332, 28274
1683, 0.6329, 28289
1684, 0.633, 28304
1685, 0.6332, 28320
1686, 0.6334, 28335
1687, 0.6331, 28351
1688, 0.6333, 28366
1689, 0.6334, 28382
1690, 0.6337, 28397
1691, 0.6331, 28412
1692, 0.6333, 28428
1693, 0.6332, 28443
1694, 0.6336, 28459
1695, 0.6328, 28474
1696, 0.6333, 28489
1697, 0.6334, 28504
1698, 0.6333, 28520
1699, 0.6331, 28535
1700, 0.6333, 28550
1701, 0.6334, 28565
1702, 0.633, 28580
1703, 0.6336, 28596
1704, 0.6331, 28612
1705, 0.6337, 28626
1706, 0.6338, 28641
1707, 0.6336, 28656
1708, 0.6335, 28672
1709, 0.6338, 28687
1710, 0.6338, 28702
1711, 0.6335, 28717
1712, 0.6337, 28733
1713, 0.6335, 28749
1714, 0.6336, 28764
1715, 0.6334, 28779
1716, 0.6338, 28794
1717, 0.6338, 28809
1718, 0.6343, 28825
1719, 0.6341, 28841
1720, 0.6344, 28857
1721, 0.6341, 28872
1722, 0.6342, 28888
1723, 0.6345, 28904
1724, 0.6345, 28919
1725, 0.6344, 28934
1726, 0.6346, 28950
1727, 0.6344, 28965
1728, 0.6343, 28980
1729, 0.6344, 28996
1730, 0.6346, 29011
1731, 0.6345, 29026
1732, 0.6345, 29041
1733, 0.6345, 29056
1734, 0.6344, 29071
1735, 0.6349, 29086
1736, 0.6345, 29100
1737, 0.6344, 29115
1738, 0.6347, 29131
1739, 0.6345, 29147
1740, 0.6348, 29162
1741, 0.6346, 29178
1742, 0.6352, 29193
1743, 0.6352, 29209
1744, 0.6354, 29224
1745, 0.6352, 29239
1746, 0.6352, 29254
1747, 0.6353, 29269
1748, 0.6352, 29284
1749, 0.6355, 29299
1750, 0.6354, 29314
1751, 0.6355, 29330
1752, 0.6354, 29345
1753, 0.6357, 29360
1754, 0.6355, 29375
1755, 0.6354, 29391
1756, 0.6355, 29406
1757, 0.6357, 29421
1758, 0.6358, 29436
1759, 0.6356, 29451
1760, 0.6355, 29466
1761, 0.6358, 29481
1762, 0.636, 29497
1763, 0.6357, 29513
1764, 0.6354, 29529
1765, 0.6357, 29544
1766, 0.6357, 29559
1767, 0.6356, 29574
1768, 0.6358, 29589
1769, 0.6357, 29604
1770, 0.636, 29619
1771, 0.6359, 29634
1772, 0.636, 29649
1773, 0.636, 29664
1774, 0.6355, 29680
1775, 0.6359, 29695
1776, 0.6356, 29710
1777, 0.6355, 29725
1778, 0.6356, 29740
1779, 0.6351, 29755
1780, 0.6354, 29770
1781, 0.6352, 29785
1782, 0.6355, 29800
1783, 0.6355, 29815
1784, 0.6356, 29830
1785, 0.6356, 29845
1786, 0.6352, 29859
1787, 0.6355, 29875
1788, 0.6357, 29890
1789, 0.6353, 29906
1790, 0.6354, 29921
1791, 0.6356, 29937
1792, 0.6355, 29952
1793, 0.6351, 29967
1794, 0.6353, 29982
1795, 0.6352, 29998
1796, 0.6355, 30012
1797, 0.6352, 30028
1798, 0.6356, 30043
1799, 0.6357, 30058
1800, 0.6357, 30074
1801, 0.6351, 30090
1802, 0.6354, 30105
1803, 0.6353, 30121
1804, 0.6354, 30136
1805, 0.6353, 30151
1806, 0.6353, 30166
1807, 0.6356, 30182
1808, 0.6354, 30197
1809, 0.6355, 30213
1810, 0.6352, 30228
1811, 0.6356, 30243
1812, 0.6353, 30259
1813, 0.6354, 30274
1814, 0.6352, 30290
1815, 0.635, 30305
1816, 0.6352, 30320
1817, 0.6352, 30335
1818, 0.6354, 30350
1819, 0.6354, 30365
1820, 0.6356, 30380
1821, 0.6358, 30396
1822, 0.6354, 30411
1823, 0.6357, 30426
1824, 0.6356, 30441
1825, 0.6355, 30457
1826, 0.6359, 30472
1827, 0.6356, 30487
1828, 0.6356, 30502
1829, 0.6361, 30517
1830, 0.6354, 30533
1831, 0.6361, 30548
1832, 0.6356, 30564
1833, 0.6355, 30579
1834, 0.6357, 30595
1835, 0.6355, 30610
1836, 0.6356, 30626
1837, 0.6356, 30642
1838, 0.636, 30656
1839, 0.636, 30672
1840, 0.6362, 30687
1841, 0.6357, 30702
1842, 0.6362, 30718
1843, 0.6359, 30732
1844, 0.6365, 30748
1845, 0.6361, 30763
1846, 0.6363, 30778
1847, 0.6362, 30793
1848, 0.637, 30808
1849, 0.6364, 30824
1850, 0.6367, 30839
1851, 0.6363, 30854
1852, 0.6371, 30870
1853, 0.6362, 30885
1854, 0.6369, 30900
1855, 0.6363, 30915
1856, 0.6369, 30930
1857, 0.6366, 30946
1858, 0.6371, 30961
1859, 0.6362, 30976
1860, 0.6364, 30991
1861, 0.6367, 31007
1862, 0.636, 31022
1863, 0.6366, 31037
1864, 0.6361, 31052
1865, 0.6359, 31067
1866, 0.6358, 31082
1867, 0.636, 31097
1868, 0.6355, 31113
1869, 0.6359, 31128
1870, 0.6353, 31144
1871, 0.635, 31159
1872, 0.6351, 31174
1873, 0.6354, 31189
1874, 0.6354, 31204
1875, 0.6349, 31220
1876, 0.6356, 31235
1877, 0.6354, 31251
1878, 0.6353, 31266
1879, 0.6357, 31281
1880, 0.6353, 31297
1881, 0.6352, 31312
1882, 0.6355, 31327
1883, 0.6356, 31343
1884, 0.6356, 31358
1885, 0.6352, 31374
1886, 0.6354, 31388
1887, 0.6351, 31403
1888, 0.6353, 31418
1889, 0.635, 31433
1890, 0.6351, 31448
1891, 0.635, 31463
1892, 0.6351, 31478
1893, 0.6353, 31494
1894, 0.6352, 31509
1895, 0.6352, 31524
1896, 0.6352, 31539
1897, 0.6353, 31554
1898, 0.6354, 31569
1899, 0.6354, 31584
1900, 0.6354, 31599
1901, 0.6355, 31615
1902, 0.6352, 31630
1903, 0.6351, 31646
1904, 0.6355, 31661
1905, 0.6348, 31676
1906, 0.6349, 31692
1907, 0.6351, 31707
1908, 0.6348, 31722
1909, 0.6352, 31737
1910, 0.635, 31754
1911, 0.6352, 31770
1912, 0.6348, 31785
1913, 0.6353, 31800
1914, 0.6348, 31816
1915, 0.6352, 31832
1916, 0.6348, 31846
1917, 0.6348, 31862
1918, 0.6349, 31878
1919, 0.6347, 31893
1920, 0.6344, 31909
1921, 0.6346, 31925
1922, 0.6344, 31940
1923, 0.6344, 31955
1924, 0.6346, 31970
1925, 0.6345, 31985
1926, 0.634, 32001
1927, 0.6345, 32017
1928, 0.6342, 32032
1929, 0.6344, 32047
1930, 0.6343, 32063
1931, 0.6345, 32079
1932, 0.6342, 32095
1933, 0.6345, 32111
1934, 0.6347, 32127
1935, 0.6345, 32142
1936, 0.6344, 32158
1937, 0.6347, 32174
1938, 0.6341, 32189
1939, 0.6349, 32205
1940, 0.6346, 32220
1941, 0.6345, 32235
1942, 0.6344, 32250
1943, 0.6344, 32265
1944, 0.6344, 32281
1945, 0.6348, 32296
1946, 0.6346, 32311
1947, 0.6344, 32326
1948, 0.6345, 32342
1949, 0.6345, 32358
1950, 0.6344, 32373
1951, 0.6351, 32389
1952, 0.635, 32404
1953, 0.6349, 32420
1954, 0.6353, 32435
1955, 0.635, 32450
1956, 0.6355, 32466
1957, 0.6353, 32482
1958, 0.6356, 32497
1959, 0.6353, 32512
1960, 0.6347, 32527
1961, 0.6352, 32543
1962, 0.6351, 32558
1963, 0.6352, 32573
1964, 0.6351, 32588
1965, 0.635, 32604
1966, 0.6345, 32620
1967, 0.6352, 32635
1968, 0.635, 32651
1969, 0.6346, 32666
1970, 0.6347, 32682
1971, 0.6346, 32697
1972, 0.6349, 32712
1973, 0.6345, 32728
1974, 0.6343, 32743
1975, 0.6345, 32759
1976, 0.6346, 32774
1977, 0.6344, 32789
1978, 0.6342, 32805
1979, 0.6342, 32820
1980, 0.6345, 32836
1981, 0.6341, 32851
1982, 0.6346, 32867
1983, 0.634, 32883
1984, 0.6343, 32898
1985, 0.6339, 32915
1986, 0.6342, 32930
1987, 0.634, 32946
1988, 0.6342, 32962
1989, 0.6343, 32978
1990, 0.6345, 32994
1991, 0.6345, 33009
1992, 0.6345, 33024
1993, 0.6345, 33039
1994, 0.6343, 33055
1995, 0.6346, 33070
1996, 0.635, 33085
1997, 0.6346, 33101
1998, 0.6348, 33117
1999, 0.6345, 33132
2000, 0.6349, 33147
2001, 0.6346, 33163
2002, 0.6352, 33178
2003, 0.635, 33194
2004, 0.6353, 33209
2005, 0.635, 33225
2006, 0.6353, 33242
2007, 0.635, 33257
2008, 0.6349, 33274
2009, 0.635, 33289
2010, 0.6352, 33305
2011, 0.6349, 33321
2012, 0.6347, 33336
2013, 0.6352, 33352
2014, 0.6353, 33367
2015, 0.635, 33383
2016, 0.6351, 33398
2017, 0.6352, 33413
2018, 0.6356, 33428
2019, 0.6345, 33444
2020, 0.6353, 33459
2021, 0.6347, 33474
2022, 0.6349, 33489
2023, 0.6346, 33505
2024, 0.6351, 33520
2025, 0.6346, 33535
2026, 0.6347, 33550
2027, 0.6345, 33566
2028, 0.6347, 33582
2029, 0.635, 33597
2030, 0.6345, 33612
2031, 0.6347, 33627
2032, 0.6345, 33643
2033, 0.6348, 33658
2034, 0.6342, 33673
2035, 0.6341, 33689
2036, 0.6349, 33705
2037, 0.6341, 33720
2038, 0.6348, 33735
2039, 0.6342, 33751
2040, 0.6343, 33767
2041, 0.6339, 33782
2042, 0.6342, 33797
2043, 0.6338, 33812
2044, 0.6345, 33828
2045, 0.6338, 33843
2046, 0.634, 33859
2047, 0.6343, 33876
2048, 0.6341, 33891
2049, 0.6345, 33907
2050, 0.634, 33922
2051, 0.6345, 33937
2052, 0.6342, 33952
2053, 0.6343, 33967
2054, 0.6341, 33982
2055, 0.634, 33998
2056, 0.6342, 34013
2057, 0.6341, 34028
2058, 0.6339, 34044
2059, 0.6336, 34059
2060, 0.6334, 34074
2061, 0.6337, 34090
2062, 0.6342, 34105
2063, 0.6336, 34120
2064, 0.6336, 34136
2065, 0.6333, 34151
2066, 0.6337, 34166
2067, 0.6338, 34181
2068, 0.6337, 34197
2069, 0.6335, 34213
2070, 0.6335, 34228
2071, 0.6333, 34244
2072, 0.6332, 34260
2073, 0.6334, 34275
2074, 0.6337, 34290
2075, 0.6337, 34306
2076, 0.6336, 34322
2077, 0.6335, 34338
2078, 0.6333, 34353
2079, 0.6337, 34369
2080, 0.6338, 34384
2081, 0.6337, 34399
2082, 0.6334, 34414
2083, 0.6337, 34429
2084, 0.6332, 34445
2085, 0.6336, 34459
2086, 0.633, 34475
2087, 0.6333, 34490
2088, 0.6335, 34505
2089, 0.633, 34520
2090, 0.6335, 34535
2091, 0.6334, 34551
2092, 0.6335, 34567
2093, 0.6334, 34582
2094, 0.6333, 34597
2095, 0.6333, 34613
2096, 0.6336, 34628
2097, 0.6332, 34644
2098, 0.6333, 34660
2099, 0.6332, 34676
2100, 0.6331, 34692
2101, 0.633, 34707
2102, 0.6329, 34722
2103, 0.6328, 34737
2104, 0.633, 34753
2105, 0.6328, 34769
2106, 0.6329, 34785
2107, 0.6326, 34800
2108, 0.6327, 34816
2109, 0.6326, 34831
2110, 0.6328, 34846
2111, 0.6329, 34862
2112, 0.6332, 34878
2113, 0.6324, 34894
2114, 0.6327, 34910
2115, 0.633, 34925
2116, 0.6329, 34940
2117, 0.633, 34955
2118, 0.633, 34971
2119, 0.6326, 34986
2120, 0.6328, 35001
2121, 0.6327, 35017
2122, 0.6325, 35033
2123, 0.6328, 35048
2124, 0.6323, 35063
2125, 0.6322, 35079
2126, 0.6322, 35094
2127, 0.6323, 35110
2128, 0.6322, 35125
2129, 0.6322, 35141
2130, 0.6317, 35156
2131, 0.6321, 35171
2132, 0.6319, 35187
2133, 0.632, 35202
2134, 0.632, 35218
2135, 0.6317, 35233
2136, 0.632, 35249
2137, 0.6321, 35265
2138, 0.6319, 35280
2139, 0.6322, 35295
2140, 0.6318, 35310
2141, 0.6317, 35325
2142, 0.6322, 35340
2143, 0.6314, 35355
2144, 0.6321, 35371
2145, 0.6316, 35386
2146, 0.6317, 35401
2147, 0.6317, 35416
2148, 0.6321, 35431
2149, 0.6314, 35446
2150, 0.6314, 35461
2151, 0.6318, 35477
2152, 0.6312, 35492
2153, 0.6317, 35507
2154, 0.6316, 35522
2155, 0.6314, 35537
2156, 0.6315, 35552
2157, 0.6314, 35567
2158, 0.6311, 35582
2159, 0.631, 35597
2160, 0.631, 35612
2161, 0.6312, 35627
2162, 0.6308, 35643
2163, 0.6309, 35658
2164, 0.6307, 35673
2165, 0.631, 35688
2166, 0.6309, 35704
2167, 0.6311, 35719
2168, 0.6308, 35733
2169, 0.6313, 35748
2170, 0.6307, 35763
2171, 0.6309, 35778
2172, 0.6305, 35793
2173, 0.6306, 35808
2174, 0.6302, 35823
2175, 0.6306, 35837
2176, 0.6309, 35853
2177, 0.6307, 35868
2178, 0.6307, 35883
2179, 0.6309, 35898
2180, 0.6303, 35913
2181, 0.6312, 35928
2182, 0.6307, 35943
2183, 0.6309, 35959
2184, 0.6313, 35974
2185, 0.6309, 35990
2186, 0.6308, 36006
2187, 0.6308, 36021
2188, 0.6307, 36037
2189, 0.631, 36051
2190, 0.6306, 36067
2191, 0.6305, 36082
2192, 0.6308, 36097
2193, 0.6305, 36113
2194, 0.6306, 36128
2195, 0.6306, 36143
2196, 0.6309, 36158
2197, 0.6313, 36173
2198, 0.631, 36188
2199, 0.631, 36203
2200, 0.631, 36218
2201, 0.6309, 36232
2202, 0.6307, 36247
2203, 0.631, 36262
2204, 0.6307, 36278
2205, 0.6307, 36293
2206, 0.6308, 36308
2207, 0.6308, 36323
2208, 0.6309, 36338
2209, 0.6308, 36353
2210, 0.6307, 36368
2211, 0.6304, 36384
2212, 0.6301, 36400
2213, 0.6307, 36415
2214, 0.6303, 36431
2215, 0.6306, 36446
2216, 0.6307, 36461
2217, 0.631, 36477
2218, 0.6308, 36493
2219, 0.6308, 36509
2220, 0.6307, 36524
2221, 0.6309, 36539
2222, 0.6305, 36554
2223, 0.6311, 36569
2224, 0.6309, 36584
2225, 0.6307, 36599
2226, 0.6311, 36614
2227, 0.6314, 36629
2228, 0.6308, 36645
2229, 0.6315, 36660
2230, 0.6311, 36675
2231, 0.6312, 36691
2232, 0.6315, 36706
2233, 0.6311, 36721
2234, 0.6315, 36736
2235, 0.6314, 36751
2236, 0.6308, 36766
2237, 0.6307, 36781
2238, 0.6317, 36797
2239, 0.6315, 36811
2240, 0.6316, 36826
2241, 0.6312, 36841
2242, 0.6312, 36856
2243, 0.6309, 36871
2244, 0.6315, 36887
2245, 0.6313, 36902
2246, 0.6309, 36918
2247, 0.6312, 36933
2248, 0.6313, 36948
2249, 0.6312, 36963
2250, 0.631, 36978
2251, 0.6313, 36993
2252, 0.631, 37008
2253, 0.6313, 37023
2254, 0.631, 37038
2255, 0.631, 37053
2256, 0.6315, 37069
2257, 0.6314, 37083
2258, 0.6314, 37098
2259, 0.6312, 37114
2260, 0.6311, 37129
2261, 0.6315, 37144
2262, 0.6316, 37159
2263, 0.6314, 37174
2264, 0.6313, 37190
2265, 0.6311, 37206
2266, 0.6313, 37221
2267, 0.6314, 37237
2268, 0.6313, 37252
2269, 0.6318, 37268
2270, 0.6319, 37283
2271, 0.6313, 37299
2272, 0.6319, 37314
2273, 0.6315, 37330
2274, 0.6318, 37345
2275, 0.6313, 37361
2276, 0.6318, 37377
2277, 0.6314, 37392
2278, 0.6318, 37407
2279, 0.6318, 37422
2280, 0.6315, 37437
2281, 0.6318, 37453
2282, 0.6316, 37468
2283, 0.6313, 37484
2284, 0.6314, 37499
2285, 0.6319, 37514
2286, 0.6319, 37529
2287, 0.6321, 37544
2288, 0.6314, 37559
2289, 0.6314, 37574
2290, 0.631, 37589
2291, 0.6319, 37605
2292, 0.6317, 37620
2293, 0.6316, 37635
2294, 0.632, 37650
2295, 0.6323, 37665
2296, 0.6315, 37680
2297, 0.6316, 37695
2298, 0.6319, 37710
2299, 0.6318, 37725
2300, 0.6316, 37740
2301, 0.6317, 37755
2302, 0.6319, 37770
2303, 0.6318, 37786
2304, 0.6315, 37801
2305, 0.6317, 37816
2306, 0.6313, 37831
2307, 0.6315, 37847
2308, 0.6314, 37862
2309, 0.6312, 37878
2310, 0.6314, 37893
2311, 0.6312, 37908
2312, 0.6316, 37924
2313, 0.6311, 37939
2314, 0.6321, 37954
2315, 0.6314, 37970
2316, 0.6316, 37986
2317, 0.6315, 38000
2318, 0.6313, 38015
2319, 0.6315, 38031
2320, 0.631, 38046
2321, 0.6312, 38061
2322, 0.6314, 38076
2323, 0.6314, 38091
2324, 0.6311, 38106
2325, 0.6309, 38121
2326, 0.6307, 38136
2327, 0.631, 38151
2328, 0.6308, 38167
2329, 0.631, 38182
2330, 0.6304, 38198
2331, 0.6307, 38213
2332, 0.6304, 38229
2333, 0.6309, 38244
2334, 0.6308, 38260
2335, 0.6306, 38275
2336, 0.6307, 38290
2337, 0.6305, 38305
2338, 0.6309, 38320
2339, 0.63, 38336
2340, 0.6304, 38351
2341, 0.6302, 38367
2342, 0.6299, 38382
2343, 0.6303, 38397
2344, 0.63, 38412
2345, 0.6299, 38428
2346, 0.63, 38443
2347, 0.6298, 38459
2348, 0.6302, 38474
2349, 0.6301, 38489
2350, 0.6299, 38505
2351, 0.6301, 38521
2352, 0.6296, 38536
2353, 0.6298, 38550
2354, 0.6298, 38566
2355, 0.6292, 38581
2356, 0.6292, 38596
2357, 0.6292, 38611
2358, 0.6291, 38627
2359, 0.6289, 38642
2360, 0.6289, 38657
2361, 0.6293, 38672
2362, 0.6291, 38686
2363, 0.6297, 38701
2364, 0.629, 38717
2365, 0.6291, 38732
2366, 0.6289, 38747
2367, 0.6293, 38762
2368, 0.6289, 38776
2369, 0.6292, 38791
2370, 0.6295, 38806
2371, 0.6297, 38822
2372, 0.6293, 38837
2373, 0.6295, 38852
2374, 0.6298, 38867
2375, 0.63, 38881
2376, 0.6292, 38896
2377, 0.6299, 38912
2378, 0.6297, 38927
2379, 0.6297, 38942
2380, 0.6292, 38957
2381, 0.6296, 38972
2382, 0.6294, 38987
2383, 0.629, 39002
2384, 0.6289, 39016
2385, 0.6289, 39032
2386, 0.6289, 39047
2387, 0.6293, 39061
2388, 0.6288, 39077
2389, 0.629, 39092
2390, 0.6284, 39107
2391, 0.6287, 39122
2392, 0.6287, 39137
2393, 0.6285, 39152
2394, 0.6284, 39167
2395, 0.6292, 39182
2396, 0.6283, 39197
2397, 0.6288, 39212
2398, 0.6287, 39228
2399, 0.6285, 39243
2400, 0.6285, 39258
2401, 0.6287, 39274
2402, 0.6291, 39290
2403, 0.6285, 39305
2404, 0.6284, 39320
2405, 0.6283, 39336
2406, 0.6284, 39351
2407, 0.6278, 39367
2408, 0.6289, 39382
2409, 0.628, 39396
2410, 0.6286, 39411
2411, 0.6288, 39426
2412, 0.6291, 39442
2413, 0.6288, 39456
2414, 0.6291, 39471
2415, 0.6286, 39486
2416, 0.6293, 39501
2417, 0.6286, 39516
2418, 0.6289, 39531
2419, 0.6293, 39546
2420, 0.6294, 39561
2421, 0.6289, 39576
2422, 0.6293, 39592
2423, 0.6292, 39607
2424, 0.6293, 39623
2425, 0.6292, 39638
2426, 0.6296, 39653
2427, 0.6289, 39668
2428, 0.629, 39683
2429, 0.6294, 39698
2430, 0.6292, 39713
2431, 0.6295, 39728
2432, 0.6291, 39743
2433, 0.6285, 39758
2434, 0.6291, 39773
2435, 0.6281, 39788
2436, 0.6293, 39803
2437, 0.6287, 39818
2438, 0.6293, 39833
2439, 0.6287, 39849
2440, 0.629, 39864
2441, 0.6288, 39879
2442, 0.6288, 39894
2443, 0.6288, 39909
2444, 0.6289, 39924
2445, 0.6285, 39938
2446, 0.6291, 39954
2447, 0.6283, 39969
2448, 0.6291, 39984
2449, 0.6287, 39999
2450, 0.6292, 40015
2451, 0.6288, 40030
2452, 0.6287, 40045
2453, 0.6285, 40060
2454, 0.6286, 40075
2455, 0.6284, 40090
2456, 0.6283, 40105
2457, 0.6286, 40120
2458, 0.6284, 40135
2459, 0.6286, 40150
2460, 0.6282, 40165
2461, 0.6281, 40181
2462, 0.6286, 40196
2463, 0.6279, 40211
2464, 0.6286, 40226
2465, 0.6281, 40241
2466, 0.6287, 40256
2467, 0.6277, 40271
2468, 0.6281, 40286
2469, 0.6282, 40302
2470, 0.6286, 40318
2471, 0.6281, 40333
2472, 0.6286, 40348
2473, 0.6278, 40363
2474, 0.6284, 40378
2475, 0.6284, 40393
2476, 0.6284, 40407
2477, 0.6288, 40422
2478, 0.6282, 40437
2479, 0.6285, 40453
2480, 0.6285, 40468
2481, 0.6288, 40484
2482, 0.6283, 40500
2483, 0.6282, 40515
2484, 0.6286, 40530
2485, 0.6282, 40545
2486, 0.6287, 40560
2487, 0.6286, 40575
2488, 0.6286, 40590
2489, 0.6285, 40605
2490, 0.6285, 40621
2491, 0.6286, 40637
2492, 0.6284, 40652
2493, 0.6283, 40668
2494, 0.6285, 40683
2495, 0.6289, 40699
2496, 0.6288, 40714
2497, 0.6287, 40730
2498, 0.629, 40746
2499, 0.629, 40761
2500, 0.6289, 40776
2501, 0.6284, 40792
2502, 0.6287, 40807
2503, 0.6283, 40822
2504, 0.6287, 40838
2505, 0.6282, 40853
2506, 0.6285, 40868
2507, 0.6285, 40883
2508, 0.6281, 40899
2509, 0.6284, 40915
2510, 0.628, 40931
2511, 0.6282, 40945
2512, 0.6282, 40960
2513, 0.628, 40975
2514, 0.6283, 40990
2515, 0.6282, 41005
2516, 0.6284, 41020
2517, 0.6283, 41035
2518, 0.6281, 41050
2519, 0.6277, 41065
2520, 0.6284, 41080
2521, 0.6276, 41095
2522, 0.6284, 41110
2523, 0.6281, 41125
2524, 0.6283, 41141
2525, 0.628, 41157
2526, 0.6285, 41172
2527, 0.6281, 41187
2528, 0.6283, 41202
2529, 0.6278, 41217
2530, 0.6287, 41232
2531, 0.6283, 41247
2532, 0.6283, 41262
2533, 0.6287, 41277
2534, 0.6283, 41292
2535, 0.6281, 41308
2536, 0.6282, 41323
2537, 0.6279, 41338
2538, 0.6281, 41353
2539, 0.6277, 41368
2540, 0.6284, 41383
2541, 0.6277, 41398
2542, 0.6279, 41414
2543, 0.6279, 41429
2544, 0.6279, 41444
2545, 0.6275, 41459
2546, 0.6279, 41474
2547, 0.6276, 41489
2548, 0.6278, 41504
2549, 0.6279, 41518
2550, 0.6278, 41533
2551, 0.6281, 41549
2552, 0.6281, 41565
2553, 0.6277, 41580
2554, 0.628, 41595
2555, 0.6278, 41611
2556, 0.6276, 41626
2557, 0.6274, 41641
2558, 0.6273, 41656
2559, 0.6273, 41671
2560, 0.6272, 41687
2561, 0.627, 41702
2562, 0.6273, 41717
2563, 0.6273, 41732
2564, 0.627, 41748
2565, 0.6273, 41763
2566, 0.6274, 41779
2567, 0.6271, 41794
2568, 0.6276, 41809
2569, 0.6269, 41824
2570, 0.6275, 41839
2571, 0.6267, 41854
2572, 0.6274, 41869
2573, 0.6269, 41884
2574, 0.6276, 41899
2575, 0.6271, 41914
2576, 0.6273, 41929
2577, 0.6274, 41944
2578, 0.627, 41959
2579, 0.6273, 41975
2580, 0.6273, 41990
2581, 0.6271, 42005
2582, 0.6274, 42019
2583, 0.6274, 42035
2584, 0.6272, 42050
2585, 0.6269, 42065
2586, 0.6274, 42080
2587, 0.627, 42095
2588, 0.6272, 42110
2589, 0.6271, 42126
2590, 0.6267, 42141
2591, 0.627, 42156
2592, 0.6269, 42171
2593, 0.6266, 42186
2594, 0.6265, 42202
2595, 0.6267, 42217
2596, 0.6266, 42232
2597, 0.6265, 42248
2598, 0.6259, 42263
2599, 0.6263, 42277
2600, 0.6266, 42292
2601, 0.6262, 42307
2602, 0.626, 42322
2603, 0.6265, 42338
2604, 0.6261, 42353
2605, 0.6263, 42368
2606, 0.6259, 42383
2607, 0.6262, 42398
2608, 0.6261, 42413
2609, 0.6262, 42428
2610, 0.6259, 42443
2611, 0.6258, 42458
2612, 0.6259, 42473
2613, 0.6261, 42487
2614, 0.6258, 42502
2615, 0.6263, 42517
2616, 0.6257, 42532
2617, 0.6261, 42547
2618, 0.6257, 42562
2619, 0.6262, 42577
2620, 0.6258, 42593
2621, 0.6262, 42608
2622, 0.6256, 42623
2623, 0.626, 42638
2624, 0.6257, 42654
2625, 0.6263, 42669
2626, 0.6258, 42684
2627, 0.6265, 42699
2628, 0.6258, 42714
2629, 0.626, 42729
2630, 0.626, 42744
2631, 0.6262, 42759
2632, 0.6263, 42774
2633, 0.626, 42789
2634, 0.6257, 42804
2635, 0.6263, 42819
2636, 0.6262, 42834
2637, 0.6263, 42850
2638, 0.6263, 42865
2639, 0.6266, 42880
2640, 0.6259, 42895
2641, 0.6261, 42911
2642, 0.6265, 42926
2643, 0.6264, 42941
2644, 0.6264, 42956
2645, 0.6261, 42971
2646, 0.6263, 42986
2647, 0.6263, 43001
2648, 0.6261, 43016
2649, 0.6267, 43031
2650, 0.6265, 43046
2651, 0.6263, 43062
2652, 0.6264, 43077
2653, 0.6262, 43092
2654, 0.6265, 43107
2655, 0.6261, 43122
2656, 0.6261, 43138
2657, 0.6258, 43154
2658, 0.626, 43170
2659, 0.6257, 43185
2660, 0.6262, 43200
2661, 0.6256, 43216
2662, 0.6261, 43231
2663, 0.6258, 43247
2664, 0.6259, 43262
2665, 0.6258, 43277
2666, 0.6263, 43292
2667, 0.6264, 43308
2668, 0.6259, 43323
2669, 0.6262, 43339
2670, 0.6262, 43354
2671, 0.6258, 43369
2672, 0.6257, 43385
2673, 0.6259, 43401
2674, 0.6257, 43416
2675, 0.6257, 43431
2676, 0.6252, 43447
2677, 0.6253, 43462
2678, 0.6251, 43478
2679, 0.6251, 43493
2680, 0.6249, 43508
2681, 0.6255, 43523
2682, 0.6251, 43539
2683, 0.6253, 43554
2684, 0.6253, 43570
2685, 0.6251, 43585
2686, 0.6255, 43600
2687, 0.6249, 43615
2688, 0.625, 43631
2689, 0.6259, 43646
2690, 0.6255, 43662
2691, 0.625, 43677
2692, 0.6253, 43692
2693, 0.6254, 43707
2694, 0.6249, 43722
2695, 0.6255, 43737
2696, 0.6251, 43752
2697, 0.6257, 43768
2698, 0.6252, 43783
2699, 0.6255, 43798
2700, 0.6252, 43814
2701, 0.6257, 43830
2702, 0.6254, 43845
2703, 0.6259, 43860
2704, 0.6248, 43875
2705, 0.6259, 43890
2706, 0.6254, 43905
2707, 0.6258, 43920
2708, 0.6258, 43935
2709, 0.6255, 43950
2710, 0.6255, 43966
2711, 0.6257, 43981
2712, 0.6257, 43997
2713, 0.6258, 44012
2714, 0.6259, 44027
2715, 0.6259, 44042
2716, 0.6254, 44057
2717, 0.6257, 44073
2718, 0.6254, 44088
2719, 0.6255, 44103
2720, 0.6252, 44119
2721, 0.6255, 44134
2722, 0.6254, 44149
2723, 0.6254, 44165
2724, 0.6251, 44179
2725, 0.6253, 44194
2726, 0.6252, 44210
2727, 0.625, 44225
2728, 0.6251, 44241
2729, 0.6251, 44257
2730, 0.6246, 44272
2731, 0.6251, 44287
2732, 0.6249, 44302
2733, 0.6249, 44317
2734, 0.6247, 44333
2735, 0.6251, 44348
2736, 0.6244, 44363
2737, 0.6247, 44378
2738, 0.6246, 44393
2739, 0.6245, 44408
2740, 0.6243, 44423
2741, 0.6244, 44439
2742, 0.6243, 44455
2743, 0.6244, 44470
2744, 0.6244, 44485
2745, 0.6242, 44500
2746, 0.6248, 44515
2747, 0.6243, 44530
2748, 0.6244, 44546
2749, 0.6249, 44561
2750, 0.6245, 44576
2751, 0.6244, 44591
2752, 0.6246, 44606
2753, 0.6246, 44621
2754, 0.6245, 44637
2755, 0.6245, 44652
2756, 0.6243, 44667
2757, 0.625, 44683
2758, 0.6249, 44698
2759, 0.6243, 44713
2760, 0.625, 44728
2761, 0.6243, 44742
2762, 0.625, 44757
2763, 0.6246, 44772
2764, 0.625, 44787
2765, 0.6248, 44802
2766, 0.6251, 44817
2767, 0.6247, 44831
2768, 0.6253, 44846
2769, 0.6247, 44862
2770, 0.6253, 44877
2771, 0.6256, 44892
2772, 0.6253, 44907
2773, 0.6254, 44922
2774, 0.6249, 44937
2775, 0.6254, 44952
2776, 0.6255, 44967
2777, 0.6251, 44983
2778, 0.6257, 44997
2779, 0.6252, 45012
2780, 0.6256, 45028
2781, 0.6253, 45043
2782, 0.625, 45058
2783, 0.6255, 45073
2784, 0.6252, 45088
2785, 0.6252, 45103
2786, 0.6252, 45118
2787, 0.6254, 45133
2788, 0.6251, 45148
2789, 0.6248, 45163
2790, 0.6253, 45178
2791, 0.6246, 45193
2792, 0.6252, 45208
2793, 0.6248, 45223
2794, 0.6248, 45237
2795, 0.625, 45253
2796, 0.6252, 45269
2797, 0.6249, 45284
2798, 0.6241, 45299
2799, 0.6241, 45314
2800, 0.6245, 45328
2801, 0.6242, 45344
2802, 0.6244, 45359
2803, 0.6244, 45374
2804, 0.6241, 45388
2805, 0.6248, 45403
2806, 0.6243, 45418
2807, 0.624, 45433
2808, 0.6244, 45448
2809, 0.6241, 45463
2810, 0.6244, 45478
2811, 0.6243, 45493
2812, 0.6245, 45508
2813, 0.624, 45523
2814, 0.6247, 45538
2815, 0.6248, 45553
2816, 0.6234, 45569
2817, 0.6247, 45584
2818, 0.6244, 45600
2819, 0.6245, 45615
2820, 0.6241, 45630
2821, 0.6245, 45645
2822, 0.6241, 45660
2823, 0.6245, 45675
2824, 0.6245, 45691
2825, 0.6244, 45706
2826, 0.6242, 45721
2827, 0.6242, 45736
2828, 0.624, 45751
2829, 0.6248, 45766
2830, 0.6243, 45780
2831, 0.6241, 45795
2832, 0.6241, 45811
2833, 0.6243, 45827
2834, 0.6238, 45842
2835, 0.6238, 45858
2836, 0.6244, 45873
2837, 0.6241, 45888
2838, 0.6238, 45903
2839, 0.6244, 45918
2840, 0.6241, 45932
2841, 0.6238, 45947
2842, 0.6239, 45962
2843, 0.6243, 45977
2844, 0.6238, 45992
2845, 0.6246, 46007
2846, 0.6238, 46022
2847, 0.6243, 46038
2848, 0.6239, 46053
2849, 0.624, 46068
2850, 0.6236, 46083
2851, 0.624, 46098
2852, 0.6238, 46114
2853, 0.6237, 46129
2854, 0.624, 46144
2855, 0.6236, 46160
2856, 0.6232, 46175
2857, 0.6236, 46190
2858, 0.6236, 46206
2859, 0.6239, 46221
2860, 0.6236, 46237
2861, 0.6238, 46252
2862, 0.6235, 46268
2863, 0.6236, 46283
2864, 0.6233, 46298
2865, 0.6236, 46314
2866, 0.6228, 46329
2867, 0.6233, 46345
2868, 0.6235, 46360
2869, 0.6232, 46375
2870, 0.6233, 46390
2871, 0.6235, 46404
2872, 0.6233, 46419
2873, 0.6231, 46434
2874, 0.6231, 46449
2875, 0.6231, 46464
2876, 0.6226, 46479
2877, 0.6232, 46494
2878, 0.623, 46509
2879, 0.6229, 46524
2880, 0.6229, 46539
2881, 0.6228, 46554
2882, 0.6223, 46569
2883, 0.6227, 46584
2884, 0.6224, 46599
2885, 0.6222, 46615
2886, 0.6219, 46630
2887, 0.6223, 46645
2888, 0.6223, 46660
2889, 0.6212, 46675
2890, 0.6218, 46690
2891, 0.6213, 46705
2892, 0.6214, 46720
2893, 0.6215, 46735
2894, 0.6213, 46749
2895, 0.6213, 46764
2896, 0.6216, 46780
2897, 0.6211, 46794
2898, 0.6213, 46810
2899, 0.6211, 46825
2900, 0.6208, 46840
2901, 0.6207, 46855
2902, 0.6211, 46870
2903, 0.6208, 46886
2904, 0.6208, 46901
2905, 0.6211, 46917
2906, 0.6207, 46932
2907, 0.6206, 46947
2908, 0.6204, 46963
2909, 0.6207, 46978
2910, 0.6198, 46994
2911, 0.6204, 47009
2912, 0.62, 47024
2913, 0.6197, 47039
2914, 0.6204, 47054
2915, 0.6198, 47070
2916, 0.6201, 47084
2917, 0.6199, 47100
2918, 0.6199, 47114
2919, 0.6203, 47129
2920, 0.6195, 47144
2921, 0.62, 47159
2922, 0.6196, 47174
2923, 0.6201, 47190
2924, 0.62, 47205
2925, 0.6205, 47221
2926, 0.6194, 47237
2927, 0.6197, 47252
2928, 0.6199, 47268
2929, 0.6202, 47284
2930, 0.6201, 47299
2931, 0.6201, 47315
2932, 0.6193, 47331
2933, 0.6196, 47346
2934, 0.6199, 47361
2935, 0.6198, 47376
2936, 0.62, 47391
2937, 0.6197, 47407
2938, 0.6194, 47422
2939, 0.6194, 47438
2940, 0.6193, 47453
2941, 0.6196, 47469
2942, 0.6195, 47485
2943, 0.6193, 47501
2944, 0.6197, 47516
2945, 0.6197, 47531
2946, 0.6191, 47546
2947, 0.6197, 47561
2948, 0.6196, 47576
2949, 0.6193, 47591
2950, 0.6194, 47606
2951, 0.6194, 47621
2952, 0.6195, 47636
2953, 0.6197, 47651
2954, 0.6193, 47665
2955, 0.619, 47681
2956, 0.6194, 47696
2957, 0.6197, 47711
2958, 0.6192, 47726
2959, 0.6196, 47742
2960, 0.6193, 47758
2961, 0.6189, 47773
2962, 0.6189, 47788
2963, 0.6187, 47803
2964, 0.6192, 47818
2965, 0.6188, 47833
2966, 0.6187, 47848
2967, 0.619, 47863
2968, 0.6188, 47878
2969, 0.6182, 47893
2970, 0.6187, 47908
2971, 0.6181, 47923
2972, 0.6187, 47938
2973, 0.6182, 47953
2974, 0.6186, 47969
2975, 0.6186, 47984
2976, 0.619, 47999
2977, 0.6185, 48014
2978, 0.6185, 48030
2979, 0.6193, 48046
2980, 0.6187, 48061
2981, 0.6186, 48077
2982, 0.6189, 48092
2983, 0.6186, 48107
2984, 0.6185, 48122
2985, 0.6182, 48137
2986, 0.6185, 48152
2987, 0.6191, 48168
2988, 0.6185, 48184
2989, 0.6184, 48199
2990, 0.6181, 48214
2991, 0.6188, 48229
2992, 0.6184, 48244
2993, 0.6187, 48259
2994, 0.6183, 48274
2995, 0.6185, 48290
2996, 0.6186, 48306
2997, 0.6181, 48320
2998, 0.6182, 48335
2999, 0.6177, 48350
3000, 0.6182, 48365
3001, 0.6183, 48381
3002, 0.6179, 48396
3003, 0.6182, 48411
3004, 0.6185, 48425
3005, 0.6177, 48440
3006, 0.6179, 48455
3007, 0.6177, 48470
3008, 0.618, 48485
3009, 0.618, 48500
3010, 0.6179, 48515
3011, 0.6178, 48530
3012, 0.6174, 48545
3013, 0.6183, 48561
3014, 0.6183, 48577
3015, 0.6183, 48592
3016, 0.6179, 48608
3017, 0.6187, 48623
3018, 0.6181, 48639
3019, 0.6181, 48654
3020, 0.6183, 48669
3021, 0.6181, 48684
3022, 0.6184, 48699
3023, 0.6178, 48714
3024, 0.6181, 48729
3025, 0.6176, 48745
3026, 0.6181, 48761
3027, 0.6171, 48776
3028, 0.6179, 48791
3029, 0.6176, 48806
3030, 0.618, 48821
3031, 0.6175, 48836
3032, 0.6182, 48851
3033, 0.6171, 48866
3034, 0.6179, 48882
3035, 0.6167, 48897
3036, 0.618, 48912
3037, 0.6168, 48927
3038, 0.6172, 48942
3039, 0.6174, 48957
3040, 0.6169, 48972
3041, 0.6167, 48987
3042, 0.617, 49002
3043, 0.617, 49017
3044, 0.6172, 49032
3045, 0.6169, 49047
3046, 0.6172, 49063
3047, 0.6172, 49079
3048, 0.6168, 49094
3049, 0.6172, 49109
3050, 0.6168, 49125
3051, 0.617, 49140
3052, 0.617, 49155
3053, 0.6168, 49170
3054, 0.6171, 49185
3055, 0.617, 49200
3056, 0.617, 49216
3057, 0.6167, 49231
3058, 0.6171, 49246
3059, 0.6165, 49262
3060, 0.6167, 49277
3061, 0.6163, 49292
3062, 0.6169, 49308
3063, 0.617, 49323
3064, 0.6159, 49338
3065, 0.6169, 49353
3066, 0.6168, 49369
3067, 0.6173, 49384
3068, 0.6173, 49399
3069, 0.617, 49414
3070, 0.6164, 49429
3071, 0.6164, 49444
3072, 0.6167, 49459
3073, 0.6165, 49474
3074, 0.6163, 49490
3075, 0.6167, 49504
3076, 0.6166, 49519
3077, 0.6164, 49534
3078, 0.6169, 49549
3079, 0.6162, 49565
3080, 0.6168, 49580
3081, 0.6161, 49595
3082, 0.6165, 49610
3083, 0.6161, 49626
3084, 0.6166, 49641
3085, 0.6156, 49657
3086, 0.6167, 49672
3087, 0.616, 49687
3088, 0.616, 49702
3089, 0.6156, 49718
3090, 0.616, 49733
3091, 0.6156, 49749
3092, 0.6155, 49764
3093, 0.6151, 49779
3094, 0.6159, 49794
3095, 0.6154, 49809
3096, 0.616, 49825
3097, 0.6154, 49841
3098, 0.6155, 49856
3099, 0.6155, 49871
3100, 0.6157, 49886
3101, 0.6155, 49901
3102, 0.6159, 49916
3103, 0.6152, 49931
3104, 0.6156, 49946
3105, 0.6154, 49961
3106, 0.615, 49977
3107, 0.6154, 49992
3108, 0.6155, 50008
3109, 0.615, 50024
3110, 0.6151, 50039
3111, 0.6159, 50055
3112, 0.6151, 50071
3113, 0.6158, 50086
3114, 0.615, 50100
3115, 0.6151, 50116
3116, 0.6144, 50131
3117, 0.6153, 50146
3118, 0.6147, 50161
3119, 0.6149, 50176
3120, 0.6148, 50191
3121, 0.6152, 50207
3122, 0.6145, 50221
3123, 0.6151, 50236
3124, 0.6143, 50251
3125, 0.6147, 50267
3126, 0.6146, 50282
3127, 0.6143, 50297
3128, 0.6146, 50312
3129, 0.6145, 50327
3130, 0.6143, 50342
3131, 0.6146, 50358
3132, 0.6146, 50374
3133, 0.6146, 50389
3134, 0.6142, 50405
3135, 0.6142, 50421
3136, 0.6143, 50435
3137, 0.6139, 50450
3138, 0.6145, 50465
3139, 0.6144, 50480
3140, 0.6141, 50495
3141, 0.6145, 50510
3142, 0.6146, 50525
3143, 0.6145, 50540
3144, 0.6139, 50556
3145, 0.6145, 50571
3146, 0.6138, 50586
3147, 0.6141, 50601
3148, 0.614, 50616
3149, 0.6147, 50631
3150, 0.6142, 50646
3151, 0.6141, 50662
3152, 0.614, 50677
3153, 0.6136, 50692
3154, 0.6142, 50707
3155, 0.6143, 50722
3156, 0.6143, 50737
3157, 0.614, 50752
3158, 0.6143, 50767
3159, 0.6137, 50782
3160, 0.6142, 50797
3161, 0.6139, 50812
3162, 0.614, 50827
3163, 0.6145, 50842
3164, 0.6139, 50857
3165, 0.6144, 50871
3166, 0.6136, 50886
3167, 0.6139, 50902
3168, 0.6135, 50917
3169, 0.614, 50932
3170, 0.6138, 50947
3171, 0.6138, 50962
3172, 0.6134, 50977
3173, 0.6135, 50993
3174, 0.6135, 51009
3175, 0.6139, 51024
3176, 0.6132, 51040
3177, 0.613, 51054
3178, 0.6134, 51069
3179, 0.6137, 51084
3180, 0.6132, 51100
3181, 0.6134, 51115
3182, 0.6129, 51131
3183, 0.6134, 51146
3184, 0.613, 51162
3185, 0.6136, 51178
3186, 0.6132, 51193
3187, 0.6132, 51209
3188, 0.6137, 51224
3189, 0.6129, 51240
3190, 0.6134, 51256
3191, 0.6132, 51271
3192, 0.6133, 51286
3193, 0.6134, 51302
3194, 0.6138, 51318
3195, 0.6133, 51333
3196, 0.6133, 51348
3197, 0.6141, 51363
3198, 0.6136, 51378
3199, 0.6139, 51393
3200, 0.6138, 51407
3201, 0.6136, 51423
3202, 0.6137, 51439
3203, 0.6133, 51453
3204, 0.6132, 51468
3205, 0.6141, 51483
3206, 0.6135, 51498
3207, 0.6139, 51513
3208, 0.6139, 51529
3209, 0.6137, 51545
3210, 0.6138, 51560
3211, 0.6138, 51576
3212, 0.6132, 51591
3213, 0.6138, 51606
3214, 0.6136, 51621
3215, 0.6132, 51636
3216, 0.613, 51651
3217, 0.614, 51666
3218, 0.6127, 51681
3219, 0.6135, 51696
3220, 0.6139, 51710
3221, 0.6138, 51725
3222, 0.6135, 51740
3223, 0.6134, 51756
3224, 0.6133, 51771
3225, 0.6137, 51787
3226, 0.6136, 51802
3227, 0.6132, 51817
3228, 0.6135, 51832
3229, 0.6139, 51847
3230, 0.6137, 51863
3231, 0.6134, 51878
3232, 0.6136, 51893
3233, 0.6131, 51908
3234, 0.613, 51923
3235, 0.6132, 51938
3236, 0.6135, 51953
3237, 0.6138, 51968
3238, 0.6137, 51984
3239, 0.6131, 51998
3240, 0.6134, 52013
3241, 0.613, 52028
3242, 0.613, 52043
3243, 0.6136, 52059
3244, 0.6128, 52074
3245, 0.6133, 52089
3246, 0.6129, 52104
3247, 0.613, 52119
3248, 0.6126, 52134
3249, 0.6135, 52149
3250, 0.6132, 52164
3251, 0.6128, 52180
3252, 0.6129, 52195
3253, 0.6129, 52210
3254, 0.613, 52225
3255, 0.6125, 52240
3256, 0.6133, 52255
3257, 0.6126, 52270
3258, 0.6125, 52285
3259, 0.6124, 52300
3260, 0.6131, 52316
3261, 0.6125, 52331
3262, 0.6128, 52346
3263, 0.6123, 52361
3264, 0.6126, 52376
3265, 0.6121, 52390
3266, 0.6125, 52406
3267, 0.612, 52421
3268, 0.6125, 52436
3269, 0.6124, 52451
3270, 0.6126, 52466
3271, 0.6123, 52481
3272, 0.6123, 52496
3273, 0.6121, 52511
3274, 0.6121, 52526
3275, 0.6115, 52541
3276, 0.612, 52556
3277, 0.6121, 52572
3278, 0.6127, 52587
3279, 0.6125, 52603
3280, 0.6122, 52617
3281, 0.6123, 52632
3282, 0.6121, 52648
3283, 0.6127, 52663
3284, 0.6124, 52678
3285, 0.6128, 52694
3286, 0.6127, 52709
3287, 0.6125, 52724
3288, 0.6124, 52739
3289, 0.613, 52754
3290, 0.6118, 52770
3291, 0.6122, 52785
3292, 0.6121, 52799
3293, 0.6125, 52814
3294, 0.6125, 52830
3295, 0.6125, 52845
3296, 0.6119, 52861
3297, 0.6123, 52877
3298, 0.6122, 52893
3299, 0.6127, 52908
3300, 0.6124, 52924
3301, 0.6122, 52939
3302, 0.6124, 52954
3303, 0.6124, 52969
3304, 0.6129, 52984
3305, 0.6117, 52999
3306, 0.6125, 53014
3307, 0.6116, 53029
3308, 0.6122, 53044
3309, 0.6118, 53060
3310, 0.6127, 53075
3311, 0.6125, 53090
3312, 0.6119, 53105
3313, 0.6117, 53120
3314, 0.6125, 53135
3315, 0.612, 53150
3316, 0.6121, 53165
3317, 0.6122, 53180
3318, 0.6126, 53195
3319, 0.6123, 53210
3320, 0.6121, 53225
3321, 0.6121, 53240
3322, 0.612, 53256
3323, 0.6117, 53271
3324, 0.6117, 53286
3325, 0.6117, 53301
3326, 0.612, 53316
3327, 0.6118, 53331
3328, 0.6112, 53347
3329, 0.6119, 53362
3330, 0.6109, 53378
3331, 0.6119, 53393
3332, 0.611, 53409
3333, 0.6118, 53424
3334, 0.6112, 53439
3335, 0.612, 53454
3336, 0.6114, 53469
3337, 0.6119, 53484
3338, 0.6109, 53499
3339, 0.6114, 53514
3340, 0.6116, 53530
3341, 0.611, 53546
3342, 0.6113, 53561
3343, 0.6119, 53577
3344, 0.6109, 53592
3345, 0.6117, 53608
3346, 0.6107, 53623
3347, 0.6114, 53639
3348, 0.6111, 53655
3349, 0.6115, 53670
3350, 0.6114, 53686
3351, 0.6114, 53702
3352, 0.6109, 53718
3353, 0.611, 53734
3354, 0.6112, 53750
3355, 0.6107, 53765
3356, 0.6105, 53780
3357, 0.6109, 53795
3358, 0.6109, 53811
3359, 0.6111, 53826
3360, 0.6108, 53842
3361, 0.6102, 53857
3362, 0.6111, 53872
3363, 0.6103, 53887
3364, 0.6102, 53901
3365, 0.6102, 53917
3366, 0.6104, 53932
3367, 0.6104, 53948
3368, 0.61, 53964
3369, 0.6102, 53979
3370, 0.6098, 53995
3371, 0.6102, 54010
3372, 0.6099, 54026
3373, 0.6103, 54041
3374, 0.6101, 54056
3375, 0.6105, 54071
3376, 0.6103, 54086
3377, 0.6099, 54101
3378, 0.6104, 54116
3379, 0.6104, 54131
3380, 0.6104, 54146
3381, 0.6103, 54161
3382, 0.6098, 54176
3383, 0.6102, 54191
3384, 0.6101, 54206
3385, 0.61, 54220
3386, 0.6101, 54236
3387, 0.61, 54251
3388, 0.6103, 54266
3389, 0.6102, 54281
3390, 0.61, 54296
3391, 0.6103, 54312
3392, 0.6102, 54327
3393, 0.6099, 54342
3394, 0.6101, 54358
3395, 0.61, 54374
3396, 0.6101, 54389
3397, 0.6101, 54405
3398, 0.6103, 54420
3399, 0.6103, 54435
3400, 0.6105, 54450
3401, 0.6103, 54465
3402, 0.6106, 54480
3403, 0.6101, 54495
3404, 0.6104, 54511
3405, 0.6102, 54526
3406, 0.6101, 54542
3407, 0.6097, 54558
3408, 0.6101, 54573
3409, 0.6098, 54588
3410, 0.6107, 54604
3411, 0.6103, 54620
3412, 0.6101, 54635
3413, 0.6098, 54650
3414, 0.6102, 54665
3415, 0.6098, 54681
3416, 0.6101, 54696
3417, 0.6097, 54711
3418, 0.61, 54726
3419, 0.6103, 54741
3420, 0.6099, 54756
3421, 0.6094, 54772
3422, 0.6101, 54787
3423, 0.6105, 54803
3424, 0.6105, 54819
3425, 0.6106, 54834
3426, 0.6094, 54850
3427, 0.6098, 54865
3428, 0.6103, 54880
3429, 0.6096, 54895
3430, 0.6097, 54911
3431, 0.6098, 54926
3432, 0.6097, 54941
3433, 0.6097, 54956
3434, 0.6098, 54971
3435, 0.6103, 54986
3436, 0.6093, 55001
3437, 0.6091, 55016
3438, 0.6093, 55032
3439, 0.6095, 55047
3440, 0.6097, 55062
3441, 0.6092, 55077
3442, 0.6098, 55092
3443, 0.61, 55107
3444, 0.6097, 55122
3445, 0.6094, 55138
3446, 0.6096, 55154
3447, 0.6091, 55169
3448, 0.6094, 55185
3449, 0.6096, 55200
3450, 0.6093, 55216
3451, 0.609, 55232
3452, 0.6096, 55247
3453, 0.6097, 55263
3454, 0.6096, 55278
3455, 0.6093, 55294
3456, 0.6094, 55309
3457, 0.6099, 55324
3458, 0.6091, 55339
3459, 0.6093, 55354
3460, 0.6091, 55369
3461, 0.6102, 55383
3462, 0.6095, 55398
3463, 0.6099, 55413
3464, 0.6088, 55428
3465, 0.6097, 55444
3466, 0.6087, 55459
3467, 0.6094, 55475
3468, 0.609, 55490
3469, 0.6099, 55505
3470, 0.6088, 55520
3471, 0.6094, 55535
3472, 0.6088, 55550
3473, 0.6094, 55565
3474, 0.6087, 55580
3475, 0.6095, 55595
3476, 0.6087, 55610
3477, 0.61, 55625
3478, 0.609, 55640
3479, 0.6093, 55656
3480, 0.6096, 55671
3481, 0.6095, 55687
3482, 0.6092, 55703
3483, 0.6097, 55718
3484, 0.6091, 55733
3485, 0.6087, 55749
3486, 0.6097, 55764
3487, 0.6093, 55780
3488, 0.609, 55795
3489, 0.6096, 55810
3490, 0.6089, 55826
3491, 0.6093, 55841
3492, 0.6088, 55857
3493, 0.6091, 55872
3494, 0.6092, 55887
3495, 0.6089, 55902
3496, 0.6088, 55917
3497, 0.6092, 55932
3498, 0.6083, 55948
3499, 0.6084, 55963
3500, 0.6086, 55978
3501, 0.609, 55992
3502, 0.6091, 56007
3503, 0.6088, 56022
3504, 0.6089, 56037
3505, 0.6088, 56052
3506, 0.6082, 56068
3507, 0.6088, 56083
3508, 0.6086, 56099
3509, 0.6091, 56114
3510, 0.6082, 56130
3511, 0.6085, 56145
3512, 0.6085, 56160
3513, 0.6093, 56175
3514, 0.6087, 56190
3515, 0.6087, 56205
3516, 0.6083, 56220
3517, 0.6083, 56235
3518, 0.608, 56250
3519, 0.608, 56265
3520, 0.6076, 56279
3521, 0.6077, 56294
3522, 0.608, 56309
3523, 0.6079, 56324
3524, 0.6079, 56339
3525, 0.6078, 56354
3526, 0.6075, 56369
3527, 0.6081, 56384
3528, 0.6075, 56400
3529, 0.6076, 56415
3530, 0.6077, 56430
3531, 0.6077, 56445
3532, 0.6077, 56460
3533, 0.6079, 56475
3534, 0.6072, 56490
3535, 0.6075, 56505
3536, 0.6074, 56520
3537, 0.6076, 56535
3538, 0.6074, 56550
3539, 0.6079, 56565
3540, 0.6074, 56581
3541, 0.6076, 56596
3542, 0.6073, 56611
3543, 0.6078, 56626
3544, 0.6073, 56641
3545, 0.6067, 56656
3546, 0.6065, 56672
3547, 0.6078, 56687
3548, 0.6069, 56701
3549, 0.6068, 56716
3550, 0.6069, 56731
3551, 0.6063, 56746
3552, 0.6069, 56761
3553, 0.6067, 56776
3554, 0.6068, 56792
3555, 0.6073, 56808
3556, 0.6069, 56824
3557, 0.6067, 56839
3558, 0.6064, 56855
3559, 0.6062, 56870
3560, 0.6067, 56886
3561, 0.6064, 56901
3562, 0.6073, 56917
3563, 0.6064, 56933
3564, 0.6068, 56948
3565, 0.6062, 56964
3566, 0.607, 56979
3567, 0.6061, 56994
3568, 0.6067, 57010
3569, 0.6063, 57025
3570, 0.6068, 57040
3571, 0.6066, 57055
3572, 0.6067, 57070
3573, 0.6059, 57085
3574, 0.6058, 57100
3575, 0.6064, 57115
3576, 0.6067, 57130
3577, 0.6056, 57146
3578, 0.6072, 57162
3579, 0.6061, 57176
3580, 0.606, 57191
3581, 0.6062, 57207
3582, 0.6058, 57222
3583, 0.6067, 57236
3584, 0.6056, 57252
3585, 0.6058, 57267
3586, 0.6059, 57282
3587, 0.6056, 57297
3588, 0.6057, 57313
3589, 0.606, 57328
3590, 0.606, 57342
3591, 0.6064, 57357
3592, 0.6054, 57372
3593, 0.6057, 57387
3594, 0.606, 57402
3595, 0.6062, 57417
3596, 0.6053, 57432
3597, 0.6059, 57446
3598, 0.6058, 57461
3599, 0.6057, 57477
3600, 0.6055, 57493
3601, 0.6063, 57508
3602, 0.6055, 57523
3603, 0.6065, 57538
3604, 0.6056, 57553
3605, 0.6062, 57568
3606, 0.6057, 57583
3607, 0.6062, 57598
3608, 0.6055, 57613
3609, 0.6055, 57627
3610, 0.6057, 57642
3611, 0.6056, 57657
3612, 0.6053, 57672
3613, 0.6052, 57687
3614, 0.6051, 57702
3615, 0.6057, 57718
3616, 0.6054, 57732
3617, 0.6048, 57747
3618, 0.6052, 57762
3619, 0.6054, 57777
3620, 0.6051, 57792
3621, 0.6058, 57807
3622, 0.6047, 57822
3623, 0.6056, 57838
3624, 0.6046, 57853
3625, 0.6052, 57868
3626, 0.6048, 57883
3627, 0.6055, 57898
3628, 0.6046, 57913
3629, 0.6055, 57929
3630, 0.6052, 57943
3631, 0.6047, 57958
3632, 0.6045, 57974
3633, 0.605, 57989
3634, 0.6044, 58004
3635, 0.6046, 58019
3636, 0.6035, 58034
3637, 0.6049, 58049
3638, 0.6039, 58065
3639, 0.6051, 58080
3640, 0.6041, 58096
3641, 0.6045, 58111
3642, 0.6039, 58126
3643, 0.6051, 58141
3644, 0.604, 58156
3645, 0.6044, 58172
3646, 0.604, 58187
3647, 0.6044, 58203
3648, 0.6037, 58218
3649, 0.6044, 58233
3650, 0.604, 58248
3651, 0.6049, 58263
3652, 0.6035, 58278
3653, 0.6047, 58294
3654, 0.6033, 58309
3655, 0.6043, 58325
3656, 0.6039, 58340
3657, 0.6042, 58356
3658, 0.6035, 58371
3659, 0.6043, 58386
3660, 0.6038, 58402
3661, 0.604, 58418
3662, 0.6042, 58433
3663, 0.6042, 58448
3664, 0.6041, 58462
3665, 0.6042, 58477
3666, 0.6039, 58492
3667, 0.6037, 58507
3668, 0.6039, 58522
3669, 0.6036, 58537
3670, 0.6038, 58551
3671, 0.6038, 58566
3672, 0.6039, 58581
3673, 0.604, 58596
3674, 0.6035, 58612
3675, 0.604, 58627
3676, 0.6043, 58643
3677, 0.6037, 58658
3678, 0.6041, 58673
3679, 0.6032, 58688
3680, 0.6033, 58703
3681, 0.6035, 58718
3682, 0.6034, 58733
3683, 0.6036, 58749
3684, 0.6042, 58763
3685, 0.6038, 58779
3686, 0.6032, 58795
3687, 0.6036, 58810
3688, 0.6036, 58825
3689, 0.6022, 58841
3690, 0.6034, 58856
3691, 0.6027, 58872
3692, 0.6025, 58887
3693, 0.6029, 58901
3694, 0.603, 58916
3695, 0.6029, 58931
3696, 0.6038, 58947
3697, 0.6032, 58962
3698, 0.6034, 58977
3699, 0.6034, 58992
3700, 0.6034, 59007
3701, 0.6031, 59022
3702, 0.6041, 59037
3703, 0.603, 59052
3704, 0.604, 59067
3705, 0.6031, 59082
3706, 0.6037, 59098
3707, 0.6026, 59113
3708, 0.6031, 59128
3709, 0.6026, 59143
3710, 0.6027, 59158
3711, 0.6026, 59174
3712, 0.6026, 59189
3713, 0.6031, 59205
3714, 0.6026, 59220
3715, 0.6023, 59236
3716, 0.6034, 59251
3717, 0.6032, 59266
3718, 0.6029, 59281
3719, 0.603, 59296
3720, 0.6036, 59310
3721, 0.6034, 59325
3722, 0.6032, 59340
3723, 0.6032, 59355
3724, 0.6031, 59370
3725, 0.6032, 59385
3726, 0.6033, 59400
3727, 0.6037, 59414
3728, 0.6027, 59429
3729, 0.604, 59444
3730, 0.6028, 59459
3731, 0.6034, 59474
3732, 0.6023, 59490
3733, 0.6036, 59505
3734, 0.6036, 59520
3735, 0.6034, 59534
3736, 0.6035, 59549
3737, 0.6032, 59564
3738, 0.6035, 59579
3739, 0.6036, 59594
3740, 0.6034, 59609
3741, 0.6036, 59624
3742, 0.6029, 59639
3743, 0.6034, 59654
3744, 0.6029, 59670
3745, 0.6032, 59685
3746, 0.6023, 59700
3747, 0.6039, 59715
3748, 0.6033, 59731
3749, 0.604, 59747
3750, 0.6033, 59762
3751, 0.6032, 59777
3752, 0.6031, 59792
3753, 0.6031, 59808
3754, 0.6032, 59823
3755, 0.6032, 59839
3756, 0.6031, 59854
3757, 0.603, 59869
3758, 0.6029, 59884
3759, 0.6024, 59899
3760, 0.6033, 59915
3761, 0.6028, 59930
3762, 0.6039, 59946
3763, 0.6023, 59961
3764, 0.6032, 59977
3765, 0.6032, 59992
3766, 0.6036, 60007
3767, 0.6019, 60022
3768, 0.6034, 60037
3769, 0.6023, 60052
3770, 0.6031, 60067
3771, 0.6019, 60083
3772, 0.6032, 60099
3773, 0.6024, 60115
3774, 0.6028, 60130
3775, 0.6025, 60145
3776, 0.6034, 60160
3777, 0.6014, 60175
3778, 0.603, 60189
3779, 0.6022, 60204
3780, 0.6038, 60219
3781, 0.6011, 60234
3782, 0.6039, 60249
3783, 0.601, 60265
3784, 0.6025, 60280
3785, 0.6012, 60295
3786, 0.6031, 60310
3787, 0.6027, 60326
3788, 0.6026, 60342
3789, 0.6024, 60357
3790, 0.6028, 60372
3791, 0.6024, 60387
3792, 0.6037, 60402
3793, 0.6024, 60417
3794, 0.6035, 60432
3795, 0.6016, 60447
3796, 0.6034, 60463
3797, 0.6028, 60478
3798, 0.6028, 60494
3799, 0.6029, 60509
3800, 0.6032, 60524
3801, 0.6038, 60540
3802, 0.603, 60554
3803, 0.6036, 60569
3804, 0.6034, 60585
3805, 0.6034, 60600
3806, 0.6033, 60616
3807, 0.6025, 60632
3808, 0.6038, 60647
3809, 0.6022, 60661
3810, 0.6035, 60676
3811, 0.6021, 60691
3812, 0.6035, 60707
3813, 0.6028, 60722
3814, 0.6033, 60737
3815, 0.6024, 60752
3816, 0.6029, 60767
3817, 0.6022, 60782
3818, 0.6031, 60798
3819, 0.6022, 60813
3820, 0.6025, 60829
3821, 0.6023, 60843
3822, 0.6028, 60858
3823, 0.6022, 60873
3824, 0.6024, 60889
3825, 0.6026, 60904
3826, 0.6031, 60919
3827, 0.6023, 60935
3828, 0.6034, 60950
3829, 0.6027, 60966
3830, 0.6029, 60982
3831, 0.6024, 60997
3832, 0.603, 61011
3833, 0.6031, 61026
3834, 0.603, 61041
3835, 0.6031, 61056
3836, 0.6022, 61071
3837, 0.6029, 61086
3838, 0.6026, 61101
3839, 0.6019, 61117
3840, 0.6031, 61132
3841, 0.6024, 61148
3842, 0.6033, 61163
3843, 0.6014, 61178
3844, 0.6027, 61194
3845, 0.6023, 61209
3846, 0.6024, 61224
3847, 0.6026, 61239
3848, 0.6018, 61254
3849, 0.6011, 61269
3850, 0.6023, 61284
3851, 0.6021, 61298
3852, 0.6021, 61313
3853, 0.6025, 61328
3854, 0.6022, 61343
3855, 0.6028, 61358
3856, 0.602, 61374
3857, 0.6027, 61390
3858, 0.6019, 61405
3859, 0.6023, 61420
3860, 0.6019, 61435
3861, 0.6018, 61451
3862, 0.6015, 61467
3863, 0.6021, 61482
3864, 0.6016, 61498
3865, 0.6017, 61513
3866, 0.6022, 61528
3867, 0.6018, 61543
3868, 0.6018, 61558
3869, 0.6027, 61573
3870, 0.6012, 61588
3871, 0.6024, 61603
3872, 0.6023, 61618
3873, 0.6026, 61633
3874, 0.6028, 61648
3875, 0.6018, 61663
3876, 0.6028, 61678
3877, 0.6024, 61693
3878, 0.6033, 61708
3879, 0.6021, 61723
3880, 0.6033, 61738
3881, 0.6027, 61753
3882, 0.6028, 61768
3883, 0.6028, 61783
3884, 0.6027, 61798
3885, 0.6032, 61813
3886, 0.6025, 61828
3887, 0.6026, 61843
3888, 0.6024, 61859
3889, 0.6019, 61874
3890, 0.6025, 61889
3891, 0.6025, 61904
3892, 0.6025, 61919
3893, 0.6016, 61933
3894, 0.6017, 61948
3895, 0.6013, 61964
3896, 0.6014, 61979
3897, 0.6014, 61994
3898, 0.6017, 62010
3899, 0.6018, 62025
3900, 0.6017, 62040
3901, 0.6023, 62055
3902, 0.6012, 62070
3903, 0.6016, 62085
3904, 0.6007, 62100
3905, 0.6008, 62116
3906, 0.6009, 62131
3907, 0.601, 62147
3908, 0.6013, 62162
3909, 0.6012, 62177
3910, 0.601, 62192
3911, 0.6008, 62207
3912, 0.6017, 62222
3913, 0.6005, 62237
3914, 0.6014, 62252
3915, 0.5997, 62267
3916, 0.6014, 62282
3917, 0.6004, 62297
3918, 0.6019, 62312
3919, 0.6012, 62327
3920, 0.6015, 62342
3921, 0.6017, 62357
3922, 0.6007, 62372
3923, 0.6021, 62387
3924, 0.6005, 62402
3925, 0.6013, 62417
3926, 0.6009, 62433
3927, 0.6008, 62448
3928, 0.6009, 62464
3929, 0.6016, 62479
3930, 0.6014, 62494
3931, 0.6012, 62509
3932, 0.6014, 62524
3933, 0.6016, 62539
3934, 0.6014, 62554
3935, 0.6014, 62569
3936, 0.6016, 62584
3937, 0.6013, 62599
3938, 0.6022, 62614
3939, 0.6011, 62630
3940, 0.602, 62646
3941, 0.6015, 62661
3942, 0.6009, 62677
3943, 0.6015, 62692
3944, 0.6019, 62708
3945, 0.6016, 62723
3946, 0.6016, 62738
3947, 0.6017, 62753
3948, 0.6018, 62768
3949, 0.602, 62784
3950, 0.6021, 62799
3951, 0.6019, 62814
3952, 0.6013, 62828
3953, 0.6021, 62843
3954, 0.6017, 62858
3955, 0.6019, 62874
3956, 0.6015, 62890
3957, 0.6019, 62905
3958, 0.6017, 62920
3959, 0.602, 62935
3960, 0.602, 62950
3961, 0.6014, 62965
3962, 0.6024, 62980
3963, 0.6026, 62995
3964, 0.6023, 63010
3965, 0.6022, 63025
3966, 0.6016, 63040
3967, 0.6021, 63056
3968, 0.6012, 63070
3969, 0.6021, 63085
3970, 0.6018, 63101
3971, 0.6015, 63116
3972, 0.602, 63131
3973, 0.6011, 63146
3974, 0.6019, 63162
3975, 0.6008, 63177
3976, 0.6012, 63193
3977, 0.6011, 63208
3978, 0.6009, 63223
3979, 0.6012, 63238
3980, 0.6008, 63254
3981, 0.6008, 63269
3982, 0.601, 63284
3983, 0.6007, 63300
3984, 0.6008, 63315
3985, 0.6002, 63330
3986, 0.6003, 63346
3987, 0.5997, 63361
3988, 0.6004, 63377
3989, 0.6, 63393
3990, 0.6002, 63408
3991, 0.6002, 63423
3992, 0.5999, 63438
3993, 0.6006, 63453
3994, 0.5999, 63468
3995, 0.6003, 63483
3996, 0.6004, 63498
3997, 0.6003, 63513
3998, 0.6, 63528
3999, 0.6008, 63542
4000, 0.5995, 63557
4001, 0.6005, 63572
4002, 0.5998, 63587
4003, 0.601, 63602
4004, 0.6006, 63617
4005, 0.6007, 63632
4006, 0.601, 63647
4007, 0.6002, 63662
4008, 0.6015, 63677
4009, 0.6001, 63692
4010, 0.6009, 63708
4011, 0.5998, 63723
4012, 0.6014, 63739
4013, 0.6, 63754
4014, 0.6016, 63769
4015, 0.6007, 63784
4016, 0.6008, 63799
4017, 0.6005, 63814
4018, 0.6006, 63830
4019, 0.6004, 63845
4020, 0.6005, 63861
4021, 0.5998, 63876
4022, 0.6007, 63892
4023, 0.5994, 63907
4024, 0.6006, 63921
4025, 0.5997, 63936
4026, 0.6001, 63951
4027, 0.5994, 63967
4028, 0.6003, 63982
4029, 0.5999, 63997
4030, 0.6, 64013
4031, 0.5999, 64029
4032, 0.6002, 64044
4033, 0.5998, 64059
4034, 0.6001, 64074
4035, 0.6005, 64089
4036, 0.5998, 64104
4037, 0.5999, 64119
4038, 0.6008, 64134
4039, 0.6002, 64149
4040, 0.6005, 64164
4041, 0.5996, 64179
4042, 0.6009, 64194
4043, 0.6001, 64209
4044, 0.6004, 64224
4045, 0.6005, 64239
4046, 0.6003, 64255
4047, 0.6005, 64270
4048, 0.6001, 64286
4049, 0.6003, 64301
4050, 0.6004, 64316
4051, 0.6002, 64331
4052, 0.6009, 64346
4053, 0.6007, 64362
4054, 0.6008, 64378
4055, 0.6008, 64393
4056, 0.6012, 64409
4057, 0.6006, 64425
4058, 0.6015, 64441
4059, 0.6012, 64456
4060, 0.6008, 64471
4061, 0.6007, 64486
4062, 0.6012, 64502
4063, 0.6007, 64517
4064, 0.6013, 64532
4065, 0.6006, 64547
4066, 0.6013, 64562
4067, 0.601, 64577
4068, 0.6006, 64592
4069, 0.6008, 64607
4070, 0.6008, 64622
4071, 0.6011, 64637
4072, 0.6012, 64652
4073, 0.6004, 64667
4074, 0.601, 64682
4075, 0.6006, 64697
4076, 0.6006, 64713
4077, 0.6005, 64728
4078, 0.6008, 64743
4079, 0.6004, 64758
4080, 0.6009, 64773
4081, 0.6006, 64788
4082, 0.6006, 64803
4083, 0.6009, 64818
4084, 0.6009, 64833
4085, 0.6009, 64848
4086, 0.6009, 64862
4087, 0.6014, 64877
4088, 0.601, 64892
4089, 0.6, 64907
4090, 0.6007, 64922
4091, 0.6012, 64937
4092, 0.6014, 64952
4093, 0.6005, 64967
4094, 0.6011, 64982
4095, 0.6001, 64997
4096, 0.6006, 65012
4097, 0.6006, 65027
4098, 0.6008, 65042
4099, 0.6005, 65057
4100, 0.6012, 65072
4101, 0.6009, 65088
4102, 0.6007, 65103
4103, 0.6004, 65118
4104, 0.6011, 65133
4105, 0.6014, 65148
4106, 0.6005, 65163
4107, 0.6006, 65178
4108, 0.6008, 65192
4109, 0.6009, 65207
4110, 0.6002, 65222
4111, 0.6007, 65237
4112, 0.6006, 65252
4113, 0.6012, 65266
4114, 0.6003, 65281
4115, 0.601, 65296
4116, 0.6007, 65311
4117, 0.601, 65326
4118, 0.6008, 65341
4119, 0.6007, 65356
4120, 0.6004, 65371
4121, 0.6014, 65386
4122, 0.6002, 65402
4123, 0.6006, 65418
4124, 0.6011, 65433
4125, 0.6009, 65448
4126, 0.6005, 65464
4127, 0.6016, 65478
4128, 0.6011, 65494
4129, 0.601, 65509
4130, 0.6007, 65523
4131, 0.6014, 65538
4132, 0.6008, 65553
4133, 0.6012, 65568
4134, 0.6004, 65583
4135, 0.6011, 65598
4136, 0.6006, 65612
4137, 0.6014, 65628
4138, 0.5994, 65644
4139, 0.6016, 65659
4140, 0.5996, 65674
4141, 0.6008, 65690
4142, 0.5986, 65705
4143, 0.6013, 65721
4144, 0.5996, 65736
4145, 0.6012, 65751
4146, 0.5997, 65766
4147, 0.6011, 65781
4148, 0.5995, 65796
4149, 0.6009, 65811
4150, 0.5993, 65826
4151, 0.6005, 65841
4152, 0.599, 65856
4153, 0.6006, 65872
4154, 0.5995, 65887
4155, 0.6003, 65902
4156, 0.5993, 65917
4157, 0.6006, 65932
4158, 0.5996, 65948
4159, 0.6002, 65963
4160, 0.5988, 65978
4161, 0.6, 65993
4162, 0.5987, 66008
4163, 0.5998, 66023
4164, 0.5987, 66039
4165, 0.5986, 66054
4166, 0.5982, 66069
4167, 0.599, 66084
4168, 0.5984, 66099
4169, 0.5991, 66114
4170, 0.5983, 66129
4171, 0.5984, 66144
4172, 0.5984, 66160
4173, 0.5988, 66175
4174, 0.5989, 66191
4175, 0.5988, 66206
4176, 0.5989, 66221
4177, 0.5985, 66236
4178, 0.5988, 66252
4179, 0.5984, 66266
4180, 0.5983, 66282
4181, 0.5986, 66296
4182, 0.5991, 66311
4183, 0.5986, 66326
4184, 0.5988, 66341
4185, 0.5981, 66357
4186, 0.5985, 66373
4187, 0.598, 66388
4188, 0.5988, 66404
4189, 0.5979, 66419
4190, 0.5988, 66435
4191, 0.5978, 66450
4192, 0.5991, 66466
4193, 0.5984, 66481
4194, 0.5987, 66496
4195, 0.5985, 66512
4196, 0.5987, 66527
4197, 0.5984, 66542
4198, 0.5979, 66557
4199, 0.599, 66573
4200, 0.5986, 66588
4201, 0.5986, 66603
4202, 0.598, 66618
4203, 0.5979, 66634
4204, 0.5985, 66649
4205, 0.5982, 66664
4206, 0.5979, 66679
4207, 0.5984, 66694
4208, 0.598, 66709
4209, 0.5981, 66724
4210, 0.5985, 66739
4211, 0.5982, 66755
4212, 0.5987, 66770
4213, 0.5984, 66785
4214, 0.5985, 66801
4215, 0.5982, 66816
4216, 0.5982, 66832
4217, 0.5986, 66848
4218, 0.599, 66863
4219, 0.5986, 66878
4220, 0.5978, 66894
4221, 0.5994, 66909
4222, 0.5979, 66925
4223, 0.6002, 66939
4224, 0.5979, 66954
4225, 0.5999, 66969
4226, 0.5977, 66984
4227, 0.5997, 66999
4228, 0.5982, 67014
4229, 0.5997, 67029
4230, 0.5981, 67044
4231, 0.5991, 67060
4232, 0.5984, 67075
4233, 0.5982, 67090
4234, 0.5987, 67105
4235, 0.5981, 67120
4236, 0.5984, 67135
4237, 0.598, 67150
4238, 0.5983, 67166
4239, 0.5977, 67181
4240, 0.5988, 67196
4241, 0.5981, 67211
4242, 0.5991, 67226
4243, 0.5972, 67241
4244, 0.5985, 67257
4245, 0.5972, 67272
4246, 0.5983, 67288
4247, 0.5973, 67303
4248, 0.5993, 67318
4249, 0.5978, 67334
4250, 0.5984, 67349
4251, 0.5973, 67364
4252, 0.5987, 67379
4253, 0.5976, 67394
4254, 0.5987, 67409
4255, 0.5975, 67424
4256, 0.5992, 67439
4257, 0.5976, 67455
4258, 0.5984, 67470
4259, 0.5974, 67485
4260, 0.5987, 67500
4261, 0.5967, 67515
4262, 0.5982, 67530
4263, 0.5973, 67546
4264, 0.5983, 67562
4265, 0.5967, 67577
4266, 0.5975, 67592
4267, 0.5966, 67607
4268, 0.5975, 67622
4269, 0.5965, 67637
4270, 0.5976, 67652
4271, 0.5966, 67667
4272, 0.597, 67683
4273, 0.5962, 67699
4274, 0.5963, 67714
4275, 0.5959, 67729
4276, 0.5971, 67745
4277, 0.5961, 67761
4278, 0.5972, 67776
4279, 0.5959, 67791
4280, 0.5964, 67807
4281, 0.5957, 67823
4282, 0.5959, 67838
4283, 0.5958, 67853
4284, 0.5965, 67868
4285, 0.5955, 67883
4286, 0.5962, 67898
4287, 0.5953, 67913
4288, 0.5957, 67928
4289, 0.5955, 67943
4290, 0.5956, 67958
4291, 0.5956, 67973
4292, 0.5962, 67987
4293, 0.5955, 68002
4294, 0.597, 68017
4295, 0.5954, 68032
4296, 0.5963, 68047
4297, 0.5954, 68062
4298, 0.5964, 68077
4299, 0.5955, 68092
4300, 0.5964, 68107
4301, 0.5952, 68122
4302, 0.5966, 68137
4303, 0.5956, 68153
4304, 0.5966, 68168
4305, 0.5952, 68184
4306, 0.5962, 68200
4307, 0.5969, 68215
4308, 0.5967, 68231
4309, 0.5965, 68247
4310, 0.5959, 68262
4311, 0.5962, 68278
4312, 0.5963, 68293
4313, 0.5958, 68309
4314, 0.5965, 68324
4315, 0.5965, 68339
4316, 0.5963, 68354
4317, 0.5963, 68369
4318, 0.5953, 68384
4319, 0.5953, 68399
4320, 0.5955, 68414
4321, 0.5965, 68429
4322, 0.5959, 68444
4323, 0.5951, 68459
4324, 0.5963, 68474
4325, 0.5955, 68489
4326, 0.5953, 68505
4327, 0.5953, 68520
4328, 0.5959, 68535
4329, 0.595, 68550
4330, 0.5956, 68565
4331, 0.5952, 68580
4332, 0.5961, 68595
4333, 0.5955, 68609
4334, 0.5968, 68625
4335, 0.5951, 68641
4336, 0.5968, 68655
4337, 0.5954, 68671
4338, 0.5966, 68686
4339, 0.5945, 68702
4340, 0.597, 68717
4341, 0.5951, 68732
4342, 0.5965, 68747
4343, 0.5948, 68762
4344, 0.5964, 68777
4345, 0.5945, 68792
4346, 0.596, 68807
4347, 0.5952, 68822
4348, 0.5961, 68837
4349, 0.5949, 68852
4350, 0.5961, 68867
4351, 0.5955, 68882
4352, 0.5968, 68898
4353, 0.5947, 68915
4354, 0.5965, 68931
4355, 0.5954, 68946
4356, 0.5971, 68962
4357, 0.5963, 68977
4358, 0.5969, 68992
4359, 0.5954, 69008
4360, 0.5974, 69024
4361, 0.5958, 69039
4362, 0.5972, 69055
4363, 0.5964, 69071
4364, 0.597, 69087
4365, 0.596, 69102
4366, 0.5968, 69117
4367, 0.5958, 69133
4368, 0.5968, 69148
4369, 0.5963, 69163
4370, 0.5972, 69178
4371, 0.5961, 69194
4372, 0.5973, 69209
4373, 0.5968, 69224
4374, 0.5967, 69239
4375, 0.5968, 69255
4376, 0.5968, 69270
4377, 0.5969, 69285
4378, 0.5971, 69300
4379, 0.5957, 69315
4380, 0.5971, 69330
4381, 0.5966, 69346
4382, 0.5976, 69361
4383, 0.5968, 69377
4384, 0.5969, 69391
4385, 0.5968, 69407
4386, 0.5971, 69422
4387, 0.5963, 69438
4388, 0.5971, 69453
4389, 0.5964, 69469
4390, 0.5971, 69484
4391, 0.5964, 69500
4392, 0.5971, 69515
4393, 0.5967, 69530
4394, 0.5965, 69546
4395, 0.5967, 69561
4396, 0.5964, 69577
4397, 0.5966, 69592
4398, 0.5959, 69607
4399, 0.5961, 69622
4400, 0.5972, 69638
4401, 0.5962, 69653
4402, 0.5967, 69668
4403, 0.5953, 69684
4404, 0.5966, 69699
4405, 0.5954, 69715
4406, 0.5963, 69730
4407, 0.5959, 69745
4408, 0.596, 69761
4409, 0.5968, 69777
4410, 0.5965, 69792
4411, 0.596, 69808
4412, 0.5952, 69823
4413, 0.5963, 69838
4414, 0.5949, 69853
4415, 0.5952, 69868
4416, 0.5962, 69883
4417, 0.5964, 69899
4418, 0.5961, 69914
4419, 0.5963, 69930
4420, 0.595, 69945
4421, 0.5966, 69960
4422, 0.595, 69975
4423, 0.5964, 69991
4424, 0.5955, 70005
4425, 0.5949, 70020
4426, 0.5957, 70035
4427, 0.5951, 70051
4428, 0.5958, 70066
4429, 0.5956, 70081
4430, 0.5951, 70096
4431, 0.595, 70111
4432, 0.5954, 70126
4433, 0.5956, 70141
4434, 0.5957, 70156
4435, 0.5955, 70172
4436, 0.595, 70187
4437, 0.596, 70202
4438, 0.5956, 70218
4439, 0.5956, 70232
4440, 0.5962, 70247
4441, 0.5956, 70262
4442, 0.5961, 70278
4443, 0.5956, 70294
4444, 0.5954, 70309
4445, 0.5963, 70325
4446, 0.5953, 70341
4447, 0.5961, 70356
4448, 0.5947, 70372
4449, 0.5955, 70387
4450, 0.5945, 70402
4451, 0.5954, 70418
4452, 0.5943, 70433
4453, 0.5952, 70449
4454, 0.5946, 70465
4455, 0.5953, 70481
4456, 0.5948, 70496
4457, 0.595, 70512
4458, 0.5953, 70527
4459, 0.5954, 70542
4460, 0.5951, 70557
4461, 0.5951, 70572
4462, 0.5946, 70588
4463, 0.5952, 70603
4464, 0.5944, 70618
4465, 0.595, 70633
4466, 0.5945, 70648
4467, 0.5957, 70663
4468, 0.5944, 70678
4469, 0.5954, 70693
4470, 0.5933, 70708
4471, 0.5963, 70723
4472, 0.5936, 70737
4473, 0.5959, 70753
4474, 0.5942, 70769
4475, 0.595, 70784
4476, 0.5948, 70800
4477, 0.595, 70815
4478, 0.5954, 70831
4479, 0.5955, 70846
4480, 0.5956, 70860
4481, 0.595, 70876
4482, 0.5958, 70891
4483, 0.5945, 70906
4484, 0.5953, 70921
4485, 0.5941, 70936
4486, 0.5958, 70952
4487, 0.5942, 70968
4488, 0.5959, 70984
4489, 0.5947, 71000
4490, 0.5948, 71015
4491, 0.5951, 71030
4492, 0.5943, 71045
4493, 0.5954, 71060
4494, 0.5944, 71075
4495, 0.5954, 71091
4496, 0.5939, 71105
4497, 0.5959, 71120
4498, 0.5936, 71135
4499, 0.5953, 71150
4500, 0.5942, 71165
4501, 0.5955, 71180
4502, 0.5938, 71195
4503, 0.5952, 71210
4504, 0.594, 71225
4505, 0.5944, 71241
4506, 0.5941, 71256
4507, 0.5937, 71271
4508, 0.5941, 71286
4509, 0.5942, 71301
4510, 0.5951, 71317
4511, 0.5939, 71332
4512, 0.595, 71348
4513, 0.5939, 71363
4514, 0.5947, 71378
4515, 0.5941, 71393
4516, 0.5941, 71408
4517, 0.5953, 71423
4518, 0.5944, 71438
4519, 0.595, 71452
4520, 0.5929, 71467
4521, 0.5957, 71482
4522, 0.5941, 71498
4523, 0.5955, 71513
4524, 0.5934, 71528
4525, 0.5953, 71543
4526, 0.5938, 71559
4527, 0.5945, 71574
4528, 0.5935, 71590
4529, 0.5944, 71605
4530, 0.5931, 71621
4531, 0.5943, 71636
4532, 0.5933, 71652
4533, 0.5938, 71668
4534, 0.593, 71683
4535, 0.5942, 71699
4536, 0.5927, 71714
4537, 0.5929, 71729
4538, 0.5935, 71744
4539, 0.5931, 71759
4540, 0.5937, 71775
4541, 0.594, 71790
4542, 0.5939, 71806
4543, 0.5937, 71821
4544, 0.5951, 71836
4545, 0.5941, 71852
4546, 0.5942, 71868
4547, 0.5943, 71884
4548, 0.5945, 71899
4549, 0.5945, 71915
4550, 0.5931, 71930
4551, 0.5945, 71945
4552, 0.5942, 71961
4553, 0.5939, 71977
4554, 0.5928, 71992
4555, 0.5932, 72007
4556, 0.5935, 72022
4557, 0.5931, 72038
4558, 0.5939, 72054
4559, 0.5927, 72070
4560, 0.5942, 72085
4561, 0.5919, 72100
4562, 0.5951, 72115
4563, 0.5921, 72130
4564, 0.5948, 72145
4565, 0.5917, 72160
4566, 0.5945, 72175
4567, 0.594, 72191
4568, 0.5934, 72207
4569, 0.5933, 72222
4570, 0.593, 72237
4571, 0.5935, 72252
4572, 0.5928, 72267
4573, 0.5931, 72282
4574, 0.5927, 72298
4575, 0.5931, 72313
4576, 0.5919, 72328
4577, 0.5928, 72343
4578, 0.5935, 72359
4579, 0.5926, 72375
4580, 0.5929, 72390
4581, 0.5926, 72405
4582, 0.5915, 72420
4583, 0.591, 72434
4584, 0.5924, 72449
4585, 0.5917, 72464
4586, 0.5924, 72479
4587, 0.5917, 72495
4588, 0.5929, 72510
4589, 0.5922, 72525
4590, 0.5922, 72540
4591, 0.5923, 72555
4592, 0.5924, 72570
4593, 0.5914, 72585
4594, 0.5921, 72601
4595, 0.5917, 72616
4596, 0.5932, 72631
4597, 0.5919, 72646
4598, 0.5927, 72661
4599, 0.5923, 72676
4600, 0.5932, 72691
4601, 0.5915, 72706
4602, 0.5924, 72721
4603, 0.5915, 72736
4604, 0.592, 72750
4605, 0.591, 72765
4606, 0.5915, 72780
4607, 0.5906, 72795
4608, 0.593, 72810
4609, 0.5911, 72825
4610, 0.5925, 72840
4611, 0.5921, 72856
4612, 0.5931, 72871
4613, 0.5919, 72887
4614, 0.5927, 72902
4615, 0.5908, 72915
4616, 0.5926, 72929
4617, 0.5906, 72942
4618, 0.5927, 72955
4619, 0.5909, 72968
4620, 0.5935, 72981
4621, 0.5905, 72994
4622, 0.5934, 73007
4623, 0.5904, 73020
4624, 0.5918, 73033
4625, 0.5909, 73046
4626, 0.5915, 73059
4627, 0.5907, 73073
4628, 0.5913, 73086
4629, 0.5914, 73099
4630, 0.5898, 73112
4631, 0.5905, 73125
4632, 0.5901, 73138
4633, 0.591, 73151
4634, 0.5899, 73164
4635, 0.5906, 73177
4636, 0.5914, 73190
4637, 0.5909, 73203
4638, 0.5916, 73216
4639, 0.5899, 73230
4640, 0.5908, 73243
4641, 0.5896, 73256
4642, 0.5905, 73269
4643, 0.5905, 73282
4644, 0.5917, 73295
4645, 0.5906, 73308
4646, 0.5908, 73321
4647, 0.592, 73333
4648, 0.5911, 73346
4649, 0.5912, 73359
4650, 0.591, 73372
4651, 0.5903, 73385
4652, 0.5903, 73398
4653, 0.5901, 73411
4654, 0.5912, 73424
4655, 0.5903, 73437
4656, 0.592, 73450
4657, 0.59, 73463
4658, 0.5912, 73476
4659, 0.5901, 73489
4660, 0.591, 73502
4661, 0.5912, 73515
4662, 0.5903, 73528
4663, 0.5904, 73541
4664, 0.5912, 73554
4665, 0.5908, 73567
4666, 0.5902, 73580
4667, 0.5907, 73593
4668, 0.59, 73606
4669, 0.5904, 73619
4670, 0.5901, 73632
4671, 0.5921, 73645
4672, 0.5912, 73658
4673, 0.5914, 73671
4674, 0.5904, 73684
4675, 0.592, 73697
4676, 0.5905, 73710
4677, 0.5918, 73723
4678, 0.5914, 73736
4679, 0.5924, 73749
4680, 0.5911, 73762
4681, 0.5923, 73775
4682, 0.5911, 73788
4683, 0.5922, 73801
4684, 0.5917, 73814
4685, 0.5932, 73827
4686, 0.5919, 73840
4687, 0.5928, 73853
4688, 0.5917, 73866
4689, 0.5927, 73879
4690, 0.5915, 73892
4691, 0.5918, 73905
4692, 0.5922, 73918
4693, 0.5917, 73931
4694, 0.5925, 73944
4695, 0.5911, 73957
4696, 0.5918, 73970
4697, 0.5924, 73983
4698, 0.5917, 73996
4699, 0.592, 74009
4700, 0.5921, 74023
4701, 0.5915, 74036
4702, 0.5923, 74049
4703, 0.5911, 74062
4704, 0.5929, 74075
4705, 0.5912, 74088
4706, 0.592, 74101
4707, 0.5912, 74114
4708, 0.5917, 74127
4709, 0.5909, 74141
4710, 0.592, 74154
4711, 0.5912, 74167
4712, 0.5929, 74180
4713, 0.5913, 74193
4714, 0.5935, 74206
4715, 0.5912, 74219
4716, 0.5932, 74232
4717, 0.5913, 74245
4718, 0.5921, 74258
4719, 0.5913, 74271
4720, 0.5917, 74284
4721, 0.5913, 74298
4722, 0.591, 74311
4723, 0.5908, 74324
4724, 0.5913, 74337
4725, 0.5918, 74350
4726, 0.5908, 74363
4727, 0.5916, 74376
4728, 0.5904, 74389
4729, 0.5911, 74402
4730, 0.5906, 74415
4731, 0.5916, 74428
4732, 0.5908, 74442
4733, 0.5907, 74455
4734, 0.5907, 74468
4735, 0.5918, 74481
4736, 0.5906, 74494
4737, 0.5908, 74507
4738, 0.5906, 74520
4739, 0.5915, 74533
4740, 0.5904, 74546
4741, 0.5905, 74559
4742, 0.5904, 74572
4743, 0.5906, 74585
4744, 0.5904, 74599
4745, 0.5905, 74612
4746, 0.5909, 74625
4747, 0.5903, 74639
4748, 0.5907, 74652
4749, 0.5903, 74665
4750, 0.5905, 74678
4751, 0.5907, 74691
4752, 0.5908, 74705
4753, 0.5907, 74718
4754, 0.5897, 74731
4755, 0.5909, 74744
4756, 0.59, 74757
4757, 0.5907, 74770
4758, 0.5906, 74784
4759, 0.5912, 74798
4760, 0.5891, 74811
4761, 0.5906, 74825
4762, 0.589, 74838
4763, 0.5907, 74851
4764, 0.5886, 74864
4765, 0.589, 74877
4766, 0.5887, 74890
4767, 0.5886, 74903
4768, 0.589, 74916
4769, 0.5884, 74930
4770, 0.5888, 74943
4771, 0.5887, 74956
4772, 0.5882, 74969
4773, 0.5885, 74982
4774, 0.5888, 74995
4775, 0.588, 75008
4776, 0.5883, 75021
4777, 0.5884, 75034
4778, 0.5884, 75047
4779, 0.5881, 75060
4780, 0.5886, 75073
4781, 0.5867, 75086
4782, 0.589, 75099
4783, 0.5878, 75112
4784, 0.589, 75125
4785, 0.587, 75138
4786, 0.5884, 75151
4787, 0.5867, 75164
4788, 0.5881, 75177
4789, 0.5885, 75190
4790, 0.5887, 75203
4791, 0.589, 75216
4792, 0.5883, 75229
4793, 0.5888, 75242
4794, 0.5876, 75255
4795, 0.5881, 75269
4796, 0.5874, 75282
4797, 0.5891, 75295
4798, 0.5888, 75308
4799, 0.5884, 75321
4800, 0.5886, 75334
4801, 0.5883, 75347
4802, 0.5876, 75360
4803, 0.5876, 75373
4804, 0.5873, 75386
4805, 0.5869, 75400
4806, 0.5873, 75413
4807, 0.5879, 75426
4808, 0.5877, 75439
4809, 0.5873, 75452
4810, 0.5878, 75465
4811, 0.5865, 75478
4812, 0.5873, 75491
4813, 0.5883, 75504
4814, 0.5867, 75518
4815, 0.588, 75531
4816, 0.5872, 75544
4817, 0.5874, 75557
4818, 0.587, 75570
4819, 0.5889, 75583
4820, 0.5882, 75596
4821, 0.5889, 75609
4822, 0.5885, 75622
4823, 0.5882, 75635
4824, 0.5891, 75648
4825, 0.5898, 75662
4826, 0.5886, 75675
4827, 0.5895, 75688
4828, 0.5892, 75701
4829, 0.5889, 75714
4830, 0.5875, 75728
4831, 0.5894, 75741
4832, 0.5885, 75754
4833, 0.589, 75767
4834, 0.589, 75780
4835, 0.587, 75794
4836, 0.5886, 75807
4837, 0.5883, 75820
4838, 0.5887, 75834
4839, 0.5872, 75847
4840, 0.5878, 75861
4841, 0.5879, 75874
4842, 0.5874, 75887
4843, 0.5886, 75900
4844, 0.5881, 75913
4845, 0.5874, 75926
4846, 0.5883, 75939
4847, 0.5889, 75952
4848, 0.5881, 75965
4849, 0.5891, 75978
4850, 0.5874, 75991
4851, 0.5883, 76004
4852, 0.5872, 76017
4853, 0.59, 76030
4854, 0.5872, 76043
4855, 0.5882, 76056
4856, 0.5882, 76069
4857, 0.5891, 76082
4858, 0.5875, 76095
4859, 0.5889, 76108
4860, 0.5874, 76121
4861, 0.5893, 76134
4862, 0.5881, 76147
4863, 0.5884, 76160
4864, 0.5877, 76174
4865, 0.5883, 76187
4866, 0.588, 76200
4867, 0.5882, 76213
4868, 0.5871, 76227
4869, 0.5884, 76240
4870, 0.588, 76253
4871, 0.5876, 76266
4872, 0.5874, 76280
4873, 0.5885, 76293
4874, 0.5878, 76306
4875, 0.5885, 76319
4876, 0.5874, 76332
4877, 0.5881, 76345
4878, 0.5882, 76358
4879, 0.5878, 76371
4880, 0.5877, 76384
4881, 0.5873, 76397
4882, 0.5885, 76410
4883, 0.5882, 76423
4884, 0.5885, 76436
4885, 0.5896, 76449
4886, 0.5881, 76462
4887, 0.589, 76475
4888, 0.5885, 76489
4889, 0.5884, 76502
4890, 0.5889, 76515
4891, 0.5875, 76528
4892, 0.5881, 76541
4893, 0.587, 76554
4894, 0.5885, 76567
4895, 0.5884, 76580
4896, 0.589, 76593
4897, 0.5892, 76606
4898, 0.5866, 76619
4899, 0.5885, 76632
4900, 0.5879, 76645
4901, 0.5875, 76658
4902, 0.589, 76671
4903, 0.5887, 76684
4904, 0.5886, 76697
4905, 0.5875, 76710
4906, 0.5872, 76723
4907, 0.587, 76736
4908, 0.5875, 76749
4909, 0.5879, 76762
4910, 0.585, 76775
4911, 0.5882, 76788
4912, 0.5857, 76801
4913, 0.5887, 76814
4914, 0.5854, 76827
4915, 0.588, 76841
4916, 0.586, 76854
4917, 0.5878, 76867
4918, 0.5866, 76880
4919, 0.5872, 76893
4920, 0.5882, 76906
4921, 0.5867, 76919
4922, 0.5882, 76932
4923, 0.586, 76945
4924, 0.588, 76958
4925, 0.5856, 76971
4926, 0.5878, 76984
4927, 0.5858, 76997
4928, 0.5888, 77010
4929, 0.585, 77023
4930, 0.5873, 77036
4931, 0.5867, 77049
4932, 0.5873, 77063
4933, 0.5874, 77077
4934, 0.5872, 77090
4935, 0.5865, 77103
4936, 0.5867, 77116
4937, 0.5873, 77129
4938, 0.5867, 77142
4939, 0.5877, 77155
4940, 0.5859, 77169
4941, 0.5878, 77182
4942, 0.5868, 77195
4943, 0.588, 77209
4944, 0.5883, 77224
4945, 0.5876, 77239
4946, 0.5885, 77255
4947, 0.5887, 77270
4948, 0.5883, 77286
4949, 0.5879, 77301
4950, 0.5886, 77316
4951, 0.5889, 77331
4952, 0.5886, 77346
4953, 0.5891, 77362
4954, 0.5882, 77377
4955, 0.5898, 77392
4956, 0.589, 77407
4957, 0.589, 77422
4958, 0.5885, 77437
4959, 0.5897, 77453
4960, 0.5897, 77468
4961, 0.5892, 77483
4962, 0.5898, 77498
4963, 0.5887, 77513
4964, 0.5882, 77529
4965, 0.5889, 77544
4966, 0.5895, 77558
4967, 0.5884, 77573
4968, 0.5898, 77588
4969, 0.5888, 77604
4970, 0.588, 77617
4971, 0.5892, 77630
4972, 0.5882, 77643
4973, 0.5888, 77656
4974, 0.5886, 77669
4975, 0.5897, 77683
4976, 0.5899, 77696
4977, 0.5901, 77709
4978, 0.5894, 77722
4979, 0.5904, 77735
4980, 0.5888, 77748
4981, 0.5895, 77762
4982, 0.5892, 77775
4983, 0.5889, 77788
4984, 0.5891, 77801
4985, 0.5899, 77814
4986, 0.5902, 77828
4987, 0.5899, 77843
4988, 0.588, 77858
4989, 0.5897, 77873
4990, 0.5875, 77888
4991, 0.5889, 77903
4992, 0.5873, 77919
4993, 0.5887, 77934
4994, 0.5873, 77949
4995, 0.5887, 77964
4996, 0.5865, 77979
4997, 0.5881, 77994
4998, 0.5874, 78009
4999, 0.5883, 78025
5000, 0.5864, 78040
