1, 0.0943, 25
2, 0.0945, 39
3, 0.0943, 54
4, 0.0948, 71
5, 0.0947, 90
6, 0.0952, 107
7, 0.0956, 125
8, 0.0956, 143
9, 0.0962, 160
10, 0.097, 178
11, 0.097, 196
12, 0.0975, 214
13, 0.0978, 232
14, 0.0984, 250
15, 0.0989, 268
16, 0.0991, 286
17, 0.1001, 304
18, 0.1002, 321
19, 0.1006, 339
20, 0.1011, 357
21, 0.1015, 375
22, 0.1017, 392
23, 0.1019, 410
24, 0.1023, 428
25, 0.1025, 446
26, 0.1025, 463
27, 0.1029, 480
28, 0.1033, 498
29, 0.1036, 516
30, 0.1036, 534
31, 0.1041, 551
32, 0.1042, 569
33, 0.1046, 586
34, 0.1047, 605
35, 0.1049, 623
36, 0.1049, 641
37, 0.1053, 658
38, 0.1055, 676
39, 0.1056, 694
40, 0.1063, 711
41, 0.1065, 729
42, 0.1069, 747
43, 0.1072, 765
44, 0.1072, 783
45, 0.1075, 801
46, 0.1077, 818
47, 0.1082, 837
48, 0.1088, 855
49, 0.1089, 873
50, 0.1093, 891
51, 0.1093, 908
52, 0.1093, 926
53, 0.1101, 944
54, 0.1103, 961
55, 0.1106, 979
56, 0.1108, 997
57, 0.1116, 1015
58, 0.1119, 1033
59, 0.1121, 1050
60, 0.1131, 1068
61, 0.1141, 1085
62, 0.1145, 1103
63, 0.1152, 1121
64, 0.1156, 1138
65, 0.1162, 1156
66, 0.117, 1174
67, 0.1177, 1192
68, 0.1196, 1210
69, 0.1205, 1227
70, 0.1216, 1246
71, 0.123, 1263
72, 0.1248, 1281
73, 0.1269, 1299
74, 0.1276, 1316
75, 0.1288, 1334
76, 0.132, 1351
77, 0.1343, 1369
78, 0.138, 1386
79, 0.1415, 1404
80, 0.1461, 1422
81, 0.1484, 1440
82, 0.1528, 1458
83, 0.1574, 1475
84, 0.1609, 1493
85, 0.1662, 1510
86, 0.1697, 1528
87, 0.1734, 1546
88, 0.1778, 1563
89, 0.1821, 1581
90, 0.1849, 1599
91, 0.1887, 1616
92, 0.1916, 1634
93, 0.1942, 1652
94, 0.1978, 1669
95, 0.2009, 1687
96, 0.2032, 1704
97, 0.2051, 1722
98, 0.2062, 1740
99, 0.2073, 1758
100, 0.2067, 1776
101, 0.2084, 1793
102, 0.2067, 1810
103, 0.2059, 1828
104, 0.2037, 1846
105, 0.2047, 1863
106, 0.2041, 1880
107, 0.2036, 1898
108, 0.2034, 1916
109, 0.2038, 1933
110, 0.2026, 1951
111, 0.2008, 1969
112, 0.1998, 1986
113, 0.1978, 2004
114, 0.1973, 2022
115, 0.1964, 2039
116, 0.1936, 2057
117, 0.1918, 2074
118, 0.1904, 2092
119, 0.1888, 2109
120, 0.1869, 2127
121, 0.1852, 2144
122, 0.1841, 2162
123, 0.1822, 2180
124, 0.18, 2198
125, 0.1783, 2215
126, 0.1766, 2233
127, 0.176, 2250
128, 0.1753, 2268
129, 0.1733, 2286
130, 0.1714, 2304
131, 0.1699, 2321
132, 0.1691, 2339
133, 0.1679, 2356
134, 0.1662, 2374
135, 0.1652, 2391
136, 0.1648, 2409
137, 0.1649, 2427
138, 0.1656, 2444
139, 0.1648, 2462
140, 0.1646, 2479
141, 0.1642, 2497
142, 0.1654, 2515
143, 0.1652, 2532
144, 0.166, 2549
145, 0.1668, 2567
146, 0.1666, 2584
147, 0.1682, 2602
148, 0.169, 2619
149, 0.1697, 2638
150, 0.1711, 2655
151, 0.1727, 2672
152, 0.1736, 2690
153, 0.1749, 2707
154, 0.1784, 2725
155, 0.1799, 2743
156, 0.1815, 2760
157, 0.1837, 2777
158, 0.1835, 2795
159, 0.1859, 2813
160, 0.1868, 2831
161, 0.1886, 2848
162, 0.1899, 2866
163, 0.1909, 2884
164, 0.1921, 2901
165, 0.1933, 2919
166, 0.1941, 2937
167, 0.1957, 2954
168, 0.1977, 2972
169, 0.1997, 2990
170, 0.2012, 3008
171, 0.2021, 3025
172, 0.2043, 3042
173, 0.2055, 3060
174, 0.2088, 3078
175, 0.2098, 3095
176, 0.2123, 3113
177, 0.2149, 3130
178, 0.2165, 3148
179, 0.2186, 3165
180, 0.2197, 3183
181, 0.2213, 3200
182, 0.2238, 3217
183, 0.2249, 3235
184, 0.2282, 3253
185, 0.2302, 3271
186, 0.2306, 3289
187, 0.2333, 3307
188, 0.2351, 3324
189, 0.2368, 3342
190, 0.239, 3360
191, 0.2409, 3377
192, 0.2439, 3395
193, 0.2472, 3413
194, 0.2501, 3430
195, 0.2514, 3448
196, 0.2535, 3466
197, 0.255, 3483
198, 0.2557, 3500
199, 0.2567, 3518
200, 0.2574, 3535
201, 0.2577, 3553
202, 0.2584, 3570
203, 0.26, 3589
204, 0.2612, 3606
205, 0.2608, 3624
206, 0.2612, 3642
207, 0.2621, 3659
208, 0.2632, 3677
209, 0.2632, 3695
210, 0.263, 3712
211, 0.2645, 3730
212, 0.2653, 3748
213, 0.265, 3766
214, 0.2651, 3784
215, 0.2654, 3802
216, 0.2658, 3819
217, 0.2666, 3837
218, 0.2681, 3854
219, 0.2686, 3872
220, 0.269, 3890
221, 0.2695, 3907
222, 0.2703, 3925
223, 0.2708, 3942
224, 0.2715, 3960
225, 0.2722, 3978
226, 0.2736, 3995
227, 0.2741, 4013
228, 0.2753, 4030
229, 0.2752, 4048
230, 0.2765, 4066
231, 0.2775, 4083
232, 0.278, 4101
233, 0.2795, 4119
234, 0.28, 4136
235, 0.2811, 4154
236, 0.2815, 4172
237, 0.2824, 4189
238, 0.2831, 4206
239, 0.2835, 4224
240, 0.2851, 4242
241, 0.286, 4260
242, 0.2871, 4277
243, 0.2878, 4295
244, 0.2885, 4313
245, 0.2889, 4330
246, 0.2909, 4349
247, 0.2924, 4366
248, 0.2919, 4384
249, 0.2929, 4401
250, 0.2934, 4419
251, 0.2933, 4437
252, 0.2937, 4454
253, 0.2937, 4472
254, 0.2944, 4490
255, 0.2953, 4508
256, 0.2955, 4525
257, 0.2958, 4543
258, 0.2961, 4560
259, 0.2966, 4578
260, 0.2963, 4596
261, 0.2971, 4614
262, 0.2983, 4631
263, 0.2983, 4649
264, 0.2991, 4667
265, 0.2998, 4684
266, 0.3003, 4702
267, 0.301, 4720
268, 0.3018, 4738
269, 0.3021, 4755
270, 0.3033, 4772
271, 0.3036, 4790
272, 0.3049, 4808
273, 0.3051, 4826
274, 0.3065, 4844
275, 0.3068, 4861
276, 0.3068, 4879
277, 0.3071, 4897
278, 0.3075, 4914
279, 0.3082, 4931
280, 0.3088, 4949
281, 0.3087, 4967
282, 0.3103, 4985
283, 0.3113, 5003
284, 0.312, 5020
285, 0.3123, 5038
286, 0.3131, 5055
287, 0.3135, 5073
288, 0.3137, 5091
289, 0.3139, 5109
290, 0.3145, 5127
291, 0.3158, 5144
292, 0.3165, 5162
293, 0.3163, 5180
294, 0.3179, 5198
295, 0.319, 5215
296, 0.32, 5233
297, 0.3204, 5250
298, 0.3211, 5268
299, 0.3216, 5286
300, 0.3218, 5304
301, 0.3228, 5321
302, 0.3228, 5339
303, 0.3233, 5357
304, 0.3239, 5374
305, 0.3245, 5392
306, 0.3245, 5410
307, 0.3249, 5428
308, 0.3253, 5445
309, 0.3257, 5463
310, 0.3257, 5481
311, 0.3265, 5498
312, 0.3274, 5516
313, 0.328, 5534
314, 0.3283, 5552
315, 0.3285, 5569
316, 0.3287, 5587
317, 0.3292, 5605
318, 0.331, 5622
319, 0.3319, 5640
320, 0.3327, 5657
321, 0.3332, 5675
322, 0.3341, 5693
323, 0.3344, 5710
324, 0.3348, 5727
325, 0.3347, 5745
326, 0.3353, 5762
327, 0.336, 5780
328, 0.3368, 5798
329, 0.3377, 5815
330, 0.3373, 5832
331, 0.3376, 5850
332, 0.3376, 5868
333, 0.3379, 5885
334, 0.3389, 5903
335, 0.3388, 5921
336, 0.3393, 5938
337, 0.3399, 5956
338, 0.3409, 5973
339, 0.3414, 5991
340, 0.342, 6008
341, 0.343, 6026
342, 0.3435, 6043
343, 0.3434, 6061
344, 0.3448, 6079
345, 0.3451, 6096
346, 0.3452, 6114
347, 0.346, 6131
348, 0.3463, 6149
349, 0.3467, 6167
350, 0.3474, 6185
351, 0.3481, 6202
352, 0.3486, 6220
353, 0.3491, 6238
354, 0.3497, 6256
355, 0.3503, 6273
356, 0.3514, 6290
357, 0.3516, 6308
358, 0.3524, 6326
359, 0.3529, 6344
360, 0.3534, 6361
361, 0.3541, 6379
362, 0.3552, 6396
363, 0.3553, 6414
364, 0.3558, 6431
365, 0.3565, 6449
366, 0.3566, 6466
367, 0.3572, 6484
368, 0.3574, 6501
369, 0.3579, 6519
370, 0.3577, 6537
371, 0.3582, 6554
372, 0.3586, 6572
373, 0.3598, 6590
374, 0.3611, 6607
375, 0.3617, 6626
376, 0.3619, 6643
377, 0.3624, 6661
378, 0.3635, 6679
379, 0.3642, 6697
380, 0.365, 6714
381, 0.3651, 6732
382, 0.3655, 6750
383, 0.3657, 6767
384, 0.3665, 6785
385, 0.3669, 6803
386, 0.3674, 6820
387, 0.3681, 6838
388, 0.3684, 6856
389, 0.3687, 6874
390, 0.3693, 6891
391, 0.3694, 6909
392, 0.3701, 6926
393, 0.3715, 6944
394, 0.3724, 6962
395, 0.3726, 6979
396, 0.372, 6997
397, 0.3725, 7014
398, 0.3728, 7032
399, 0.3732, 7049
400, 0.3737, 7067
401, 0.374, 7085
402, 0.3746, 7102
403, 0.375, 7120
404, 0.3757, 7138
405, 0.3767, 7156
406, 0.3774, 7173
407, 0.3781, 7191
408, 0.3784, 7209
409, 0.379, 7226
410, 0.3797, 7244
411, 0.3802, 7262
412, 0.3804, 7279
413, 0.3808, 7297
414, 0.3816, 7315
415, 0.3819, 7332
416, 0.3821, 7350
417, 0.3825, 7368
418, 0.3829, 7385
419, 0.3833, 7403
420, 0.3831, 7421
421, 0.3835, 7438
422, 0.3839, 7456
423, 0.3845, 7473
424, 0.3847, 7491
425, 0.3854, 7509
426, 0.3857, 7527
427, 0.3862, 7545
428, 0.387, 7562
429, 0.3873, 7580
430, 0.3874, 7597
431, 0.3875, 7614
432, 0.3875, 7632
433, 0.3883, 7649
434, 0.3883, 7667
435, 0.3888, 7685
436, 0.389, 7702
437, 0.3897, 7720
438, 0.3909, 7738
439, 0.3913, 7755
440, 0.392, 7773
441, 0.3922, 7791
442, 0.3923, 7809
443, 0.3925, 7826
444, 0.3926, 7844
445, 0.393, 7861
446, 0.3935, 7879
447, 0.3938, 7896
448, 0.3947, 7914
449, 0.395, 7931
450, 0.3953, 7949
451, 0.3956, 7967
452, 0.3961, 7984
453, 0.3963, 8002
454, 0.3971, 8020
455, 0.397, 8037
456, 0.3968, 8055
457, 0.3968, 8072
458, 0.3969, 8090
459, 0.397, 8107
460, 0.398, 8125
461, 0.3983, 8143
462, 0.3991, 8161
463, 0.3995, 8178
464, 0.3991, 8196
465, 0.3995, 8213
466, 0.3995, 8231
467, 0.3999, 8249
468, 0.3998, 8266
469, 0.3999, 8283
470, 0.4004, 8301
471, 0.4014, 8319
472, 0.4016, 8336
473, 0.4017, 8353
474, 0.4024, 8371
475, 0.4026, 8389
476, 0.4028, 8407
477, 0.4036, 8424
478, 0.4039, 8442
479, 0.4051, 8460
480, 0.4048, 8477
481, 0.4055, 8495
482, 0.4057, 8513
483, 0.4061, 8530
484, 0.4066, 8548
485, 0.4072, 8565
486, 0.4075, 8583
487, 0.4078, 8601
488, 0.4084, 8618
489, 0.409, 8636
490, 0.4094, 8654
491, 0.4093, 8671
492, 0.4094, 8689
493, 0.41, 8707
494, 0.4106, 8725
495, 0.4101, 8743
496, 0.4105, 8760
497, 0.411, 8778
498, 0.4118, 8796
499, 0.4124, 8814
500, 0.4124, 8832
501, 0.4128, 8849
502, 0.4126, 8867
503, 0.4129, 8885
504, 0.4133, 8902
505, 0.4134, 8920
506, 0.4143, 8938
507, 0.4144, 8955
508, 0.4146, 8973
509, 0.4151, 8991
510, 0.4147, 9009
511, 0.4156, 9027
512, 0.4162, 9045
513, 0.4165, 9062
514, 0.4165, 9080
515, 0.4173, 9098
516, 0.4179, 9116
517, 0.4179, 9134
518, 0.4182, 9152
519, 0.4182, 9170
520, 0.4184, 9187
521, 0.419, 9205
522, 0.4193, 9222
523, 0.4195, 9240
524, 0.4195, 9257
525, 0.4202, 9275
526, 0.4211, 9292
527, 0.4213, 9310
528, 0.4217, 9328
529, 0.4215, 9346
530, 0.422, 9364
531, 0.4228, 9382
532, 0.4226, 9400
533, 0.4225, 9418
534, 0.4228, 9435
535, 0.423, 9453
536, 0.4229, 9471
537, 0.4232, 9488
538, 0.4233, 9506
539, 0.4235, 9523
540, 0.4236, 9541
541, 0.4241, 9559
542, 0.4242, 9576
543, 0.425, 9594
544, 0.4251, 9612
545, 0.4255, 9629
546, 0.4253, 9647
547, 0.4256, 9665
548, 0.4257, 9683
549, 0.4263, 9700
550, 0.4268, 9718
551, 0.427, 9736
552, 0.4271, 9753
553, 0.4273, 9771
554, 0.4277, 9788
555, 0.4283, 9806
556, 0.4284, 9824
557, 0.4296, 9842
558, 0.4297, 9860
559, 0.4299, 9878
560, 0.4302, 9895
561, 0.4306, 9913
562, 0.4309, 9931
563, 0.431, 9949
564, 0.4307, 9966
565, 0.431, 9984
566, 0.4311, 10001
567, 0.4311, 10019
568, 0.4316, 10037
569, 0.4317, 10055
570, 0.4325, 10073
571, 0.4329, 10090
572, 0.433, 10108
573, 0.4334, 10125
574, 0.4338, 10143
575, 0.4345, 10160
576, 0.4346, 10178
577, 0.4352, 10196
578, 0.4357, 10213
579, 0.4357, 10231
580, 0.4364, 10249
581, 0.4372, 10267
582, 0.4375, 10284
583, 0.438, 10302
584, 0.4388, 10320
585, 0.4397, 10338
586, 0.4397, 10355
587, 0.44, 10373
588, 0.4397, 10391
589, 0.4403, 10409
590, 0.4412, 10427
591, 0.441, 10445
592, 0.4408, 10463
593, 0.4407, 10481
594, 0.4404, 10499
595, 0.4407, 10517
596, 0.4412, 10534
597, 0.4417, 10552
598, 0.4419, 10570
599, 0.4418, 10587
600, 0.4416, 10606
601, 0.4422, 10623
602, 0.4426, 10641
603, 0.443, 10659
604, 0.4435, 10677
605, 0.4439, 10695
606, 0.4441, 10713
607, 0.4439, 10731
608, 0.4438, 10748
609, 0.4438, 10766
610, 0.4439, 10784
611, 0.444, 10801
612, 0.4443, 10819
613, 0.4441, 10837
614, 0.4447, 10855
615, 0.4446, 10872
616, 0.445, 10890
617, 0.4449, 10907
618, 0.4449, 10925
619, 0.4452, 10943
620, 0.446, 10961
621, 0.446, 10978
622, 0.4459, 10996
623, 0.4461, 11014
624, 0.446, 11032
625, 0.447, 11049
626, 0.4468, 11067
627, 0.4473, 11085
628, 0.4475, 11103
629, 0.4478, 11121
630, 0.4482, 11138
631, 0.4489, 11156
632, 0.4495, 11174
633, 0.4501, 11192
634, 0.4503, 11210
635, 0.4508, 11227
636, 0.4514, 11245
637, 0.4516, 11263
638, 0.4515, 11281
639, 0.4518, 11298
640, 0.4517, 11316
641, 0.452, 11334
642, 0.4524, 11352
643, 0.453, 11370
644, 0.4528, 11388
645, 0.4527, 11405
646, 0.4527, 11423
647, 0.4527, 11441
648, 0.4532, 11459
649, 0.4531, 11476
650, 0.453, 11494
651, 0.4529, 11511
652, 0.4531, 11529
653, 0.4534, 11547
654, 0.4538, 11565
655, 0.4534, 11583
656, 0.4534, 11601
657, 0.4533, 11618
658, 0.4536, 11636
659, 0.4537, 11654
660, 0.4538, 11671
661, 0.4537, 11689
662, 0.4542, 11707
663, 0.4543, 11724
664, 0.4547, 11741
665, 0.4548, 11759
666, 0.455, 11777
667, 0.4552, 11795
668, 0.4552, 11813
669, 0.456, 11830
670, 0.4558, 11849
671, 0.4558, 11867
672, 0.4561, 11885
673, 0.4559, 11903
674, 0.456, 11923
675, 0.4556, 11945
676, 0.4565, 11966
677, 0.456, 11986
678, 0.456, 12005
679, 0.4565, 12024
680, 0.4568, 12042
681, 0.4568, 12060
682, 0.457, 12079
683, 0.4571, 12097
684, 0.4572, 12115
685, 0.4572, 12133
686, 0.4578, 12150
687, 0.4582, 12168
688, 0.4584, 12187
689, 0.4587, 12205
690, 0.4587, 12224
691, 0.4593, 12238
692, 0.4591, 12252
693, 0.4595, 12266
694, 0.4597, 12281
695, 0.4603, 12295
696, 0.4603, 12309
697, 0.4606, 12323
698, 0.4607, 12338
699, 0.4607, 12352
700, 0.4612, 12366
701, 0.4611, 12380
702, 0.4611, 12395
703, 0.4611, 12409
704, 0.4615, 12423
705, 0.4614, 12437
706, 0.4615, 12451
707, 0.4615, 12466
708, 0.4617, 12480
709, 0.4613, 12495
710, 0.4617, 12509
711, 0.4619, 12523
712, 0.4616, 12537
713, 0.4616, 12552
714, 0.4616, 12566
715, 0.4621, 12580
716, 0.4624, 12594
717, 0.4621, 12608
718, 0.4625, 12622
719, 0.4624, 12636
720, 0.4627, 12650
721, 0.4627, 12664
722, 0.4627, 12678
723, 0.4624, 12692
724, 0.463, 12705
725, 0.4633, 12719
726, 0.4638, 12734
727, 0.4641, 12748
728, 0.4646, 12762
729, 0.4643, 12776
730, 0.465, 12790
731, 0.4648, 12804
732, 0.4649, 12818
733, 0.4655, 12831
734, 0.4659, 12845
735, 0.4661, 12859
736, 0.4666, 12873
737, 0.4671, 12886
738, 0.4675, 12900
739, 0.4675, 12914
740, 0.4677, 12928
741, 0.468, 12943
742, 0.4677, 12957
743, 0.4677, 12971
744, 0.4679, 12985
745, 0.4679, 12999
746, 0.4681, 13014
747, 0.4686, 13028
748, 0.4686, 13041
749, 0.4689, 13055
750, 0.4688, 13069
751, 0.4688, 13083
752, 0.4689, 13097
753, 0.4688, 13111
754, 0.469, 13125
755, 0.4689, 13139
756, 0.4687, 13153
757, 0.4686, 13167
758, 0.4686, 13181
759, 0.4687, 13195
760, 0.4688, 13209
761, 0.469, 13224
762, 0.469, 13239
763, 0.4691, 13253
764, 0.4696, 13268
765, 0.4694, 13282
766, 0.4696, 13297
767, 0.4694, 13311
768, 0.4696, 13325
769, 0.4697, 13339
770, 0.4699, 13353
771, 0.4705, 13367
772, 0.4705, 13381
773, 0.4708, 13395
774, 0.4713, 13409
775, 0.4714, 13423
776, 0.4718, 13438
777, 0.4716, 13452
778, 0.4716, 13467
779, 0.4721, 13481
780, 0.472, 13494
781, 0.4723, 13509
782, 0.4725, 13523
783, 0.4726, 13537
784, 0.4726, 13551
785, 0.4728, 13564
786, 0.4725, 13578
787, 0.4734, 13593
788, 0.4733, 13607
789, 0.4734, 13621
790, 0.4739, 13636
791, 0.4743, 13650
792, 0.4741, 13664
793, 0.4742, 13678
794, 0.4747, 13692
795, 0.4747, 13706
796, 0.4751, 13720
797, 0.4756, 13734
798, 0.4754, 13749
799, 0.4755, 13763
800, 0.4756, 13777
801, 0.4759, 13792
802, 0.4759, 13806
803, 0.4759, 13820
804, 0.4761, 13834
805, 0.4764, 13848
806, 0.4768, 13862
807, 0.4765, 13876
808, 0.4769, 13891
809, 0.4773, 13905
810, 0.4775, 13920
811, 0.4778, 13933
812, 0.4777, 13947
813, 0.4785, 13961
814, 0.4781, 13975
815, 0.4789, 13989
816, 0.4789, 14003
817, 0.4793, 14017
818, 0.4793, 14031
819, 0.4798, 14045
820, 0.4801, 14059
821, 0.4802, 14073
822, 0.4807, 14087
823, 0.4807, 14100
824, 0.481, 14114
825, 0.4813, 14128
826, 0.481, 14142
827, 0.4817, 14155
828, 0.4817, 14170
829, 0.4822, 14184
830, 0.4832, 14198
831, 0.4831, 14213
832, 0.4835, 14228
833, 0.4837, 14242
834, 0.484, 14256
835, 0.4841, 14269
836, 0.4845, 14283
837, 0.4842, 14297
838, 0.4846, 14311
839, 0.4849, 14325
840, 0.4854, 14339
841, 0.4854, 14353
842, 0.4858, 14366
843, 0.4859, 14380
844, 0.4857, 14395
845, 0.4859, 14409
846, 0.4859, 14423
847, 0.4859, 14437
848, 0.4863, 14451
849, 0.4859, 14465
850, 0.4863, 14479
851, 0.4867, 14492
852, 0.4869, 14506
853, 0.4869, 14520
854, 0.4877, 14534
855, 0.4877, 14547
856, 0.4879, 14561
857, 0.4881, 14575
858, 0.4887, 14589
859, 0.4885, 14603
860, 0.4888, 14617
861, 0.4888, 14632
862, 0.4893, 14646
863, 0.4897, 14659
864, 0.4898, 14673
865, 0.4896, 14687
866, 0.4903, 14701
867, 0.4904, 14715
868, 0.4907, 14729
869, 0.4912, 14743
870, 0.4916, 14757
871, 0.4909, 14771
872, 0.4913, 14786
873, 0.4914, 14800
874, 0.4917, 14815
875, 0.4913, 14829
876, 0.4923, 14842
877, 0.4921, 14856
878, 0.4926, 14870
879, 0.4922, 14884
880, 0.4927, 14898
881, 0.4928, 14913
882, 0.4929, 14927
883, 0.4929, 14941
884, 0.4928, 14955
885, 0.4932, 14969
886, 0.4932, 14983
887, 0.4934, 14997
888, 0.4933, 15011
889, 0.4935, 15025
890, 0.4937, 15039
891, 0.494, 15053
892, 0.4941, 15068
893, 0.494, 15082
894, 0.4943, 15096
895, 0.4946, 15110
896, 0.4943, 15125
897, 0.4949, 15139
898, 0.4949, 15152
899, 0.4954, 15166
900, 0.4956, 15180
901, 0.4961, 15194
902, 0.4962, 15208
903, 0.496, 15222
904, 0.4965, 15236
905, 0.4965, 15250
906, 0.4965, 15264
907, 0.4972, 15278
908, 0.4975, 15292
909, 0.4976, 15305
910, 0.4975, 15319
911, 0.4978, 15334
912, 0.4979, 15348
913, 0.4983, 15363
914, 0.4985, 15377
915, 0.4986, 15391
916, 0.4986, 15405
917, 0.4988, 15419
918, 0.4991, 15433
919, 0.4995, 15447
920, 0.4997, 15461
921, 0.5001, 15474
922, 0.5, 15488
923, 0.5003, 15502
924, 0.5006, 15516
925, 0.5009, 15531
926, 0.5017, 15546
927, 0.5018, 15560
928, 0.5016, 15574
929, 0.5019, 15588
930, 0.5024, 15602
931, 0.5025, 15617
932, 0.5029, 15631
933, 0.503, 15645
934, 0.5032, 15659
935, 0.5032, 15672
936, 0.5036, 15687
937, 0.5037, 15701
938, 0.5041, 15714
939, 0.5043, 15728
940, 0.5043, 15742
941, 0.5042, 15756
942, 0.5046, 15770
943, 0.5049, 15784
944, 0.505, 15799
945, 0.5054, 15813
946, 0.5053, 15827
947, 0.5057, 15840
948, 0.5062, 15855
949, 0.506, 15870
950, 0.5062, 15884
951, 0.5064, 15898
952, 0.5063, 15913
953, 0.5067, 15927
954, 0.5068, 15941
955, 0.5069, 15956
956, 0.5069, 15970
957, 0.5074, 15984
958, 0.5077, 15998
959, 0.5078, 16013
960, 0.5081, 16027
961, 0.5085, 16042
962, 0.5088, 16056
963, 0.5088, 16070
964, 0.509, 16085
965, 0.5094, 16099
966, 0.5096, 16113
967, 0.5098, 16127
968, 0.5098, 16141
969, 0.5101, 16155
970, 0.5101, 16169
971, 0.5103, 16183
972, 0.5107, 16197
973, 0.5111, 16211
974, 0.5107, 16225
975, 0.5112, 16240
976, 0.5114, 16254
977, 0.5117, 16268
978, 0.5119, 16281
979, 0.5121, 16295
980, 0.5129, 16309
981, 0.5129, 16323
982, 0.513, 16337
983, 0.5126, 16352
984, 0.5128, 16366
985, 0.5127, 16380
986, 0.5126, 16394
987, 0.5126, 16409
988, 0.5128, 16423
989, 0.5134, 16437
990, 0.5137, 16451
991, 0.514, 16465
992, 0.5144, 16480
993, 0.514, 16494
994, 0.5145, 16508
995, 0.5146, 16522
996, 0.5144, 16536
997, 0.5145, 16550
998, 0.5148, 16565
999, 0.5151, 16579
1000, 0.5155, 16593
1001, 0.5153, 16607
1002, 0.5154, 16621
1003, 0.5154, 16635
1004, 0.5158, 16648
1005, 0.5156, 16662
1006, 0.5157, 16676
1007, 0.5162, 16690
1008, 0.5164, 16704
1009, 0.5164, 16719
1010, 0.5164, 16733
1011, 0.5166, 16747
1012, 0.5171, 16761
1013, 0.5173, 16775
1014, 0.5174, 16790
1015, 0.5177, 16804
1016, 0.5174, 16818
1017, 0.5172, 16832
1018, 0.518, 16846
1019, 0.518, 16859
1020, 0.5184, 16873
1021, 0.5181, 16887
1022, 0.5181, 16901
1023, 0.5181, 16915
1024, 0.5181, 16929
1025, 0.5181, 16943
1026, 0.5182, 16957
1027, 0.5183, 16971
1028, 0.5185, 16984
1029, 0.5186, 16999
1030, 0.5189, 17013
1031, 0.5185, 17028
1032, 0.5187, 17042
1033, 0.5185, 17056
1034, 0.5187, 17070
1035, 0.519, 17084
1036, 0.5193, 17098
1037, 0.5193, 17112
1038, 0.5198, 17127
1039, 0.5201, 17141
1040, 0.5208, 17155
1041, 0.5211, 17169
1042, 0.5214, 17184
1043, 0.5218, 17197
1044, 0.5216, 17211
1045, 0.5216, 17225
1046, 0.5221, 17240
1047, 0.522, 17254
1048, 0.522, 17268
1049, 0.5216, 17282
1050, 0.5219, 17296
1051, 0.5221, 17310
1052, 0.5223, 17324
1053, 0.5221, 17338
1054, 0.5224, 17353
1055, 0.5227, 17368
1056, 0.5227, 17382
1057, 0.5226, 17396
1058, 0.5228, 17410
1059, 0.5227, 17424
1060, 0.5227, 17439
1061, 0.5228, 17453
1062, 0.5231, 17467
1063, 0.523, 17481
1064, 0.5233, 17495
1065, 0.5234, 17510
1066, 0.5233, 17523
1067, 0.5234, 17537
1068, 0.5233, 17552
1069, 0.5231, 17566
1070, 0.5233, 17580
1071, 0.524, 17594
1072, 0.5241, 17608
1073, 0.5243, 17622
1074, 0.5246, 17636
1075, 0.5248, 17651
1076, 0.5248, 17665
1077, 0.525, 17679
1078, 0.5254, 17694
1079, 0.5254, 17708
1080, 0.5255, 17722
1081, 0.5256, 17736
1082, 0.5259, 17750
1083, 0.526, 17764
1084, 0.5263, 17779
1085, 0.5264, 17793
1086, 0.5266, 17806
1087, 0.5268, 17820
1088, 0.5274, 17835
1089, 0.5274, 17849
1090, 0.5276, 17864
1091, 0.5276, 17879
1092, 0.5274, 17893
1093, 0.5278, 17907
1094, 0.528, 17922
1095, 0.528, 17936
1096, 0.5284, 17950
1097, 0.5285, 17965
1098, 0.5287, 17978
1099, 0.5289, 17992
1100, 0.5288, 18006
1101, 0.5289, 18021
1102, 0.5294, 18035
1103, 0.5295, 18049
1104, 0.5295, 18062
1105, 0.5298, 18077
1106, 0.5299, 18091
1107, 0.5299, 18105
1108, 0.5302, 18119
1109, 0.5303, 18132
1110, 0.5304, 18146
1111, 0.5307, 18160
1112, 0.5306, 18174
1113, 0.531, 18188
1114, 0.5309, 18202
1115, 0.531, 18216
1116, 0.5314, 18230
1117, 0.5315, 18244
1118, 0.5321, 18259
1119, 0.5319, 18273
1120, 0.5321, 18288
1121, 0.5316, 18301
1122, 0.5319, 18315
1123, 0.532, 18329
1124, 0.5322, 18343
1125, 0.5319, 18358
1126, 0.5329, 18371
1127, 0.5328, 18385
1128, 0.5332, 18400
1129, 0.5336, 18414
1130, 0.5334, 18428
1131, 0.5334, 18441
1132, 0.5336, 18455
1133, 0.5339, 18469
1134, 0.5339, 18484
1135, 0.5344, 18498
1136, 0.5336, 18512
1137, 0.534, 18526
1138, 0.5339, 18539
1139, 0.5341, 18553
1140, 0.534, 18567
1141, 0.5344, 18581
1142, 0.5345, 18595
1143, 0.5346, 18609
1144, 0.5348, 18624
1145, 0.5349, 18638
1146, 0.5351, 18652
1147, 0.5353, 18666
1148, 0.5352, 18680
1149, 0.5354, 18693
1150, 0.5354, 18707
1151, 0.5354, 18721
1152, 0.5355, 18735
1153, 0.5356, 18749
1154, 0.5361, 18763
1155, 0.5363, 18777
1156, 0.5362, 18792
1157, 0.5367, 18806
1158, 0.5367, 18821
1159, 0.537, 18835
1160, 0.5369, 18849
1161, 0.5374, 18863
1162, 0.5375, 18877
1163, 0.5377, 18891
1164, 0.5378, 18905
1165, 0.5378, 18919
1166, 0.5379, 18933
1167, 0.5381, 18946
1168, 0.5379, 18960
1169, 0.5381, 18974
1170, 0.5379, 18989
1171, 0.5381, 19002
1172, 0.5386, 19016
1173, 0.5388, 19031
1174, 0.5391, 19046
1175, 0.539, 19061
1176, 0.5391, 19075
1177, 0.5392, 19089
1178, 0.5392, 19103
1179, 0.5394, 19117
1180, 0.5395, 19131
1181, 0.5396, 19145
1182, 0.5396, 19159
1183, 0.5397, 19173
1184, 0.5397, 19187
1185, 0.5399, 19201
1186, 0.5401, 19215
1187, 0.5401, 19229
1188, 0.5403, 19243
1189, 0.5403, 19257
1190, 0.5405, 19271
1191, 0.5404, 19285
1192, 0.5406, 19299
1193, 0.5407, 19313
1194, 0.5411, 19327
1195, 0.541, 19342
1196, 0.5413, 19356
1197, 0.5413, 19370
1198, 0.5411, 19385
1199, 0.5415, 19399
1200, 0.5417, 19413
1201, 0.5419, 19427
1202, 0.5421, 19441
1203, 0.5421, 19455
1204, 0.5422, 19469
1205, 0.5423, 19483
1206, 0.5427, 19498
1207, 0.5429, 19512
1208, 0.543, 19526
1209, 0.5432, 19540
1210, 0.5431, 19555
1211, 0.5429, 19568
1212, 0.543, 19583
1213, 0.5432, 19597
1214, 0.543, 19611
1215, 0.5433, 19626
1216, 0.5435, 19641
1217, 0.5438, 19655
1218, 0.544, 19668
1219, 0.5441, 19682
1220, 0.5443, 19696
1221, 0.5443, 19711
1222, 0.5449, 19725
1223, 0.5453, 19740
1224, 0.5455, 19754
1225, 0.5458, 19768
1226, 0.546, 19782
1227, 0.5465, 19796
1228, 0.5467, 19810
1229, 0.547, 19824
1230, 0.5471, 19838
1231, 0.5468, 19852
1232, 0.547, 19867
1233, 0.5472, 19881
1234, 0.5474, 19895
1235, 0.5474, 19909
1236, 0.5473, 19922
1237, 0.5476, 19936
1238, 0.5476, 19950
1239, 0.5476, 19964
1240, 0.5477, 19978
1241, 0.5475, 19992
1242, 0.5482, 20006
1243, 0.5483, 20021
1244, 0.5487, 20035
1245, 0.549, 20049
1246, 0.5488, 20063
1247, 0.5489, 20076
1248, 0.549, 20090
1249, 0.5491, 20104
1250, 0.5494, 20118
1251, 0.5496, 20131
1252, 0.55, 20145
1253, 0.5499, 20159
1254, 0.5499, 20173
1255, 0.55, 20187
1256, 0.5501, 20201
1257, 0.5501, 20216
1258, 0.5502, 20229
1259, 0.5503, 20243
1260, 0.5504, 20258
1261, 0.5505, 20272
1262, 0.5504, 20286
1263, 0.5506, 20299
1264, 0.5507, 20313
1265, 0.5509, 20327
1266, 0.5504, 20341
1267, 0.5507, 20355
1268, 0.5504, 20369
1269, 0.5505, 20383
1270, 0.5503, 20397
1271, 0.5504, 20411
1272, 0.5505, 20425
1273, 0.5507, 20440
1274, 0.5512, 20453
1275, 0.5512, 20467
1276, 0.5512, 20481
1277, 0.5514, 20495
1278, 0.5514, 20509
1279, 0.5517, 20523
1280, 0.5518, 20538
1281, 0.5518, 20551
1282, 0.5519, 20565
1283, 0.5519, 20579
1284, 0.5518, 20593
1285, 0.5519, 20607
1286, 0.5518, 20622
1287, 0.552, 20636
1288, 0.5521, 20650
1289, 0.5521, 20664
1290, 0.5523, 20678
1291, 0.5524, 20692
1292, 0.5526, 20706
1293, 0.5527, 20719
1294, 0.5528, 20733
1295, 0.5529, 20747
1296, 0.5531, 20761
1297, 0.5532, 20775
1298, 0.5534, 20790
1299, 0.5532, 20804
1300, 0.5534, 20818
1301, 0.5534, 20833
1302, 0.5535, 20846
1303, 0.5536, 20860
1304, 0.5535, 20874
1305, 0.5536, 20888
1306, 0.554, 20901
1307, 0.554, 20916
1308, 0.5545, 20930
1309, 0.5545, 20944
1310, 0.5545, 20959
1311, 0.5547, 20973
1312, 0.5548, 20987
1313, 0.5547, 21002
1314, 0.555, 21016
1315, 0.5551, 21031
1316, 0.5551, 21046
1317, 0.5553, 21060
1318, 0.555, 21074
1319, 0.5552, 21089
1320, 0.5552, 21102
1321, 0.555, 21116
1322, 0.5549, 21130
1323, 0.5549, 21144
1324, 0.555, 21157
1325, 0.5551, 21171
1326, 0.5554, 21185
1327, 0.5554, 21199
1328, 0.5555, 21214
1329, 0.5558, 21228
1330, 0.5558, 21242
1331, 0.5562, 21255
1332, 0.5566, 21270
1333, 0.5566, 21284
1334, 0.5566, 21299
1335, 0.5568, 21313
1336, 0.5569, 21327
1337, 0.557, 21341
1338, 0.557, 21355
1339, 0.5571, 21369
1340, 0.5568, 21383
1341, 0.5568, 21397
1342, 0.557, 21411
1343, 0.5569, 21425
1344, 0.5568, 21439
1345, 0.557, 21452
1346, 0.5569, 21467
1347, 0.5566, 21481
1348, 0.5569, 21496
1349, 0.5572, 21511
1350, 0.5574, 21525
1351, 0.5575, 21539
1352, 0.5575, 21553
1353, 0.5574, 21567
1354, 0.5576, 21580
1355, 0.5575, 21594
1356, 0.5575, 21608
1357, 0.5575, 21622
1358, 0.5573, 21637
1359, 0.5574, 21651
1360, 0.5574, 21666
1361, 0.5575, 21680
1362, 0.5575, 21694
1363, 0.5581, 21708
1364, 0.5581, 21722
1365, 0.5583, 21737
1366, 0.5587, 21751
1367, 0.5587, 21765
1368, 0.5589, 21779
1369, 0.5591, 21792
1370, 0.5588, 21806
1371, 0.5589, 21820
1372, 0.5591, 21834
1373, 0.5592, 21848
1374, 0.5594, 21861
1375, 0.5599, 21875
1376, 0.5602, 21889
1377, 0.5603, 21904
1378, 0.5601, 21918
1379, 0.56, 21933
1380, 0.56, 21947
1381, 0.5601, 21961
1382, 0.5603, 21976
1383, 0.5604, 21990
1384, 0.5603, 22004
1385, 0.5604, 22017
1386, 0.5603, 22031
1387, 0.5605, 22045
1388, 0.5608, 22059
1389, 0.5611, 22073
1390, 0.5608, 22087
1391, 0.5611, 22101
1392, 0.5614, 22115
1393, 0.5614, 22129
1394, 0.5615, 22143
1395, 0.5618, 22157
1396, 0.5618, 22172
1397, 0.5619, 22186
1398, 0.5618, 22201
1399, 0.5621, 22215
1400, 0.5623, 22229
1401, 0.5623, 22243
1402, 0.5622, 22257
1403, 0.5622, 22271
1404, 0.5625, 22285
1405, 0.5627, 22299
1406, 0.5627, 22313
1407, 0.5626, 22327
1408, 0.5623, 22341
1409, 0.5623, 22356
1410, 0.5621, 22370
1411, 0.5623, 22385
1412, 0.5622, 22399
1413, 0.5624, 22413
1414, 0.5627, 22427
1415, 0.5628, 22440
1416, 0.5626, 22454
1417, 0.5628, 22469
1418, 0.5625, 22482
1419, 0.5623, 22497
1420, 0.5624, 22511
1421, 0.5625, 22525
1422, 0.5626, 22540
1423, 0.5629, 22554
1424, 0.5626, 22569
1425, 0.5628, 22583
1426, 0.5628, 22598
1427, 0.563, 22612
1428, 0.5628, 22627
1429, 0.5629, 22641
1430, 0.5629, 22655
1431, 0.5632, 22669
1432, 0.5635, 22683
1433, 0.5635, 22697
1434, 0.5638, 22712
1435, 0.5642, 22726
1436, 0.5639, 22740
1437, 0.564, 22753
1438, 0.5644, 22767
1439, 0.5642, 22782
1440, 0.5643, 22796
1441, 0.5642, 22809
1442, 0.5641, 22823
1443, 0.5645, 22837
1444, 0.5646, 22852
1445, 0.5647, 22866
1446, 0.5648, 22880
1447, 0.5648, 22894
1448, 0.565, 22908
1449, 0.5649, 22922
1450, 0.5652, 22936
1451, 0.5654, 22951
1452, 0.5655, 22965
1453, 0.5656, 22980
1454, 0.5657, 22995
1455, 0.566, 23010
1456, 0.5661, 23024
1457, 0.5661, 23039
1458, 0.5664, 23055
1459, 0.5662, 23069
1460, 0.5663, 23083
1461, 0.5664, 23097
1462, 0.5666, 23111
1463, 0.5665, 23126
1464, 0.5667, 23140
1465, 0.5669, 23154
1466, 0.5668, 23169
1467, 0.5666, 23184
1468, 0.5668, 23199
1469, 0.5669, 23213
1470, 0.5668, 23228
1471, 0.5668, 23243
1472, 0.567, 23257
1473, 0.5669, 23271
1474, 0.567, 23285
1475, 0.567, 23299
1476, 0.567, 23314
1477, 0.5669, 23328
1478, 0.5668, 23342
1479, 0.567, 23357
1480, 0.567, 23371
1481, 0.5673, 23385
1482, 0.5674, 23399
1483, 0.5678, 23413
1484, 0.5678, 23427
1485, 0.5676, 23441
1486, 0.5677, 23455
1487, 0.5679, 23469
1488, 0.5678, 23483
1489, 0.5676, 23497
1490, 0.5678, 23511
1491, 0.568, 23525
1492, 0.5681, 23539
1493, 0.5682, 23553
1494, 0.5681, 23568
1495, 0.5684, 23582
1496, 0.5685, 23596
1497, 0.5686, 23611
1498, 0.5683, 23625
1499, 0.5682, 23639
1500, 0.5682, 23654
1501, 0.5683, 23668
1502, 0.5684, 23683
1503, 0.5684, 23697
1504, 0.5682, 23711
1505, 0.5684, 23725
1506, 0.5687, 23739
1507, 0.5685, 23753
1508, 0.5688, 23767
1509, 0.5691, 23782
1510, 0.569, 23795
1511, 0.5692, 23809
1512, 0.5693, 23823
1513, 0.5694, 23837
1514, 0.5696, 23851
1515, 0.5697, 23866
1516, 0.5701, 23880
1517, 0.57, 23895
1518, 0.5703, 23910
1519, 0.5705, 23924
1520, 0.5704, 23939
1521, 0.5704, 23953
1522, 0.5707, 23967
1523, 0.5707, 23981
1524, 0.5707, 23996
1525, 0.5709, 24010
1526, 0.5709, 24024
1527, 0.5708, 24038
1528, 0.5711, 24053
1529, 0.5713, 24066
1530, 0.5712, 24081
1531, 0.5711, 24096
1532, 0.5713, 24110
1533, 0.5713, 24124
1534, 0.5714, 24138
1535, 0.5716, 24152
1536, 0.5715, 24166
1537, 0.5717, 24180
1538, 0.5719, 24195
1539, 0.5719, 24209
1540, 0.572, 24224
1541, 0.5722, 24238
1542, 0.5723, 24253
1543, 0.5724, 24267
1544, 0.5726, 24281
1545, 0.5731, 24295
1546, 0.5731, 24309
1547, 0.5731, 24323
1548, 0.5732, 24338
1549, 0.5733, 24353
1550, 0.5733, 24367
1551, 0.5731, 24382
1552, 0.5729, 24396
1553, 0.5728, 24410
1554, 0.5731, 24425
1555, 0.5731, 24439
1556, 0.573, 24453
1557, 0.5733, 24468
1558, 0.573, 24482
1559, 0.5732, 24497
1560, 0.5732, 24511
1561, 0.5738, 24525
1562, 0.5739, 24540
1563, 0.5738, 24555
1564, 0.574, 24569
1565, 0.5742, 24583
1566, 0.5746, 24598
1567, 0.5748, 24611
1568, 0.5748, 24625
1569, 0.575, 24640
1570, 0.5749, 24655
1571, 0.5747, 24668
1572, 0.5748, 24682
1573, 0.5751, 24696
1574, 0.5751, 24711
1575, 0.5754, 24725
1576, 0.5755, 24739
1577, 0.5757, 24753
1578, 0.5759, 24767
1579, 0.576, 24781
1580, 0.576, 24795
1581, 0.5762, 24810
1582, 0.576, 24825
1583, 0.576, 24839
1584, 0.576, 24854
1585, 0.576, 24868
1586, 0.5761, 24882
1587, 0.5761, 24896
1588, 0.5764, 24910
1589, 0.5763, 24924
1590, 0.5764, 24939
1591, 0.5763, 24952
1592, 0.5763, 24966
1593, 0.5763, 24980
1594, 0.5764, 24994
1595, 0.5766, 25008
1596, 0.5767, 25021
1597, 0.577, 25035
1598, 0.5771, 25049
1599, 0.5771, 25063
1600, 0.577, 25077
1601, 0.5773, 25091
1602, 0.5777, 25105
1603, 0.5777, 25120
1604, 0.578, 25134
1605, 0.5783, 25148
1606, 0.5783, 25162
1607, 0.5784, 25176
1608, 0.5785, 25190
1609, 0.5787, 25204
1610, 0.5787, 25218
1611, 0.5786, 25232
1612, 0.5786, 25246
1613, 0.5788, 25260
1614, 0.5789, 25275
1615, 0.5788, 25288
1616, 0.5791, 25302
1617, 0.5788, 25316
1618, 0.5789, 25330
1619, 0.5791, 25344
1620, 0.579, 25358
1621, 0.5789, 25372
1622, 0.579, 25387
1623, 0.5791, 25400
1624, 0.5792, 25414
1625, 0.5794, 25429
1626, 0.5795, 25443
1627, 0.5794, 25457
1628, 0.5795, 25471
1629, 0.5797, 25485
1630, 0.5797, 25499
1631, 0.5796, 25513
1632, 0.5801, 25528
1633, 0.58, 25542
1634, 0.5803, 25556
1635, 0.5804, 25571
1636, 0.5806, 25585
1637, 0.5807, 25599
1638, 0.5809, 25613
1639, 0.5808, 25627
1640, 0.5813, 25641
1641, 0.5812, 25655
1642, 0.5814, 25670
1643, 0.5815, 25683
1644, 0.5818, 25698
1645, 0.5818, 25712
1646, 0.5818, 25726
1647, 0.5818, 25740
1648, 0.5818, 25754
1649, 0.582, 25769
1650, 0.5821, 25783
1651, 0.582, 25797
1652, 0.5821, 25811
1653, 0.5821, 25825
1654, 0.5823, 25839
1655, 0.582, 25853
1656, 0.5821, 25867
1657, 0.582, 25881
1658, 0.5823, 25896
1659, 0.5825, 25910
1660, 0.5826, 25924
1661, 0.5826, 25939
1662, 0.5827, 25953
1663, 0.5829, 25968
1664, 0.5829, 25982
1665, 0.5828, 25996
1666, 0.5828, 26011
1667, 0.5829, 26025
1668, 0.5827, 26039
1669, 0.5828, 26053
1670, 0.5828, 26067
1671, 0.5827, 26081
1672, 0.5827, 26095
1673, 0.5827, 26109
1674, 0.5829, 26123
1675, 0.583, 26137
1676, 0.5831, 26151
1677, 0.5834, 26165
1678, 0.5834, 26179
1679, 0.5835, 26194
1680, 0.5837, 26208
1681, 0.5837, 26223
1682, 0.5837, 26237
1683, 0.5838, 26251
1684, 0.584, 26265
1685, 0.5835, 26279
1686, 0.5837, 26294
1687, 0.5836, 26309
1688, 0.5836, 26323
1689, 0.5836, 26337
1690, 0.5836, 26352
1691, 0.5838, 26366
1692, 0.5841, 26380
1693, 0.5841, 26395
1694, 0.5844, 26408
1695, 0.5842, 26422
1696, 0.5844, 26437
1697, 0.584, 26451
1698, 0.5842, 26465
1699, 0.584, 26478
1700, 0.5839, 26492
1701, 0.584, 26506
1702, 0.5844, 26520
1703, 0.5842, 26534
1704, 0.5841, 26549
1705, 0.5841, 26563
1706, 0.5841, 26577
1707, 0.5844, 26591
1708, 0.5844, 26605
1709, 0.5846, 26619
1710, 0.5847, 26633
1711, 0.5847, 26647
1712, 0.585, 26661
1713, 0.5851, 26675
1714, 0.5858, 26690
1715, 0.5858, 26704
1716, 0.586, 26718
1717, 0.5859, 26732
1718, 0.5861, 26746
1719, 0.5861, 26760
1720, 0.5859, 26774
1721, 0.5862, 26788
1722, 0.5864, 26802
1723, 0.5862, 26816
1724, 0.5863, 26830
1725, 0.5865, 26844
1726, 0.5865, 26858
1727, 0.5864, 26872
1728, 0.5865, 26886
1729, 0.5863, 26900
1730, 0.5865, 26915
1731, 0.5868, 26929
1732, 0.5868, 26944
1733, 0.5869, 26958
1734, 0.587, 26972
1735, 0.5871, 26987
1736, 0.5871, 27001
1737, 0.5871, 27016
1738, 0.5871, 27030
1739, 0.5872, 27044
1740, 0.5874, 27058
1741, 0.5873, 27071
1742, 0.5876, 27085
1743, 0.5874, 27100
1744, 0.5873, 27114
1745, 0.5873, 27129
1746, 0.5872, 27143
1747, 0.5872, 27158
1748, 0.5873, 27172
1749, 0.5873, 27186
1750, 0.5873, 27201
1751, 0.5876, 27215
1752, 0.5875, 27229
1753, 0.5875, 27243
1754, 0.5876, 27258
1755, 0.5875, 27272
1756, 0.5875, 27287
1757, 0.5878, 27301
1758, 0.588, 27315
1759, 0.5884, 27330
1760, 0.5884, 27344
1761, 0.5885, 27359
1762, 0.5886, 27373
1763, 0.5888, 27388
1764, 0.5889, 27402
1765, 0.5888, 27417
1766, 0.5891, 27431
1767, 0.5893, 27446
1768, 0.5889, 27460
1769, 0.589, 27474
1770, 0.5892, 27488
1771, 0.5893, 27502
1772, 0.5892, 27516
1773, 0.5893, 27531
1774, 0.589, 27545
1775, 0.5894, 27559
1776, 0.5897, 27573
1777, 0.5895, 27587
1778, 0.5896, 27601
1779, 0.5898, 27615
1780, 0.5896, 27629
1781, 0.5898, 27643
1782, 0.5898, 27657
1783, 0.59, 27671
1784, 0.5898, 27685
1785, 0.5901, 27699
1786, 0.59, 27713
1787, 0.5902, 27727
1788, 0.5904, 27741
1789, 0.5908, 27756
1790, 0.5908, 27770
1791, 0.5909, 27784
1792, 0.5906, 27798
1793, 0.5909, 27812
1794, 0.5909, 27827
1795, 0.5911, 27841
1796, 0.591, 27855
1797, 0.5912, 27869
1798, 0.5909, 27883
1799, 0.5912, 27897
1800, 0.591, 27911
1801, 0.591, 27926
1802, 0.591, 27940
1803, 0.5909, 27955
1804, 0.5908, 27969
1805, 0.5911, 27983
1806, 0.5913, 27997
1807, 0.5911, 28011
1808, 0.591, 28026
1809, 0.591, 28039
1810, 0.591, 28053
1811, 0.5911, 28067
1812, 0.5909, 28081
1813, 0.5911, 28095
1814, 0.5915, 28110
1815, 0.5918, 28124
1816, 0.5919, 28138
1817, 0.5924, 28152
1818, 0.5925, 28166
1819, 0.5926, 28181
1820, 0.5924, 28195
1821, 0.5925, 28209
1822, 0.5927, 28223
1823, 0.5928, 28237
1824, 0.5931, 28252
1825, 0.5934, 28266
1826, 0.5936, 28280
1827, 0.5937, 28295
1828, 0.5937, 28309
1829, 0.5938, 28324
1830, 0.5942, 28338
1831, 0.5942, 28353
1832, 0.5944, 28367
1833, 0.5944, 28382
1834, 0.5943, 28396
1835, 0.5945, 28410
1836, 0.5944, 28424
1837, 0.5945, 28437
1838, 0.5946, 28451
1839, 0.5948, 28465
1840, 0.5949, 28479
1841, 0.5952, 28492
1842, 0.5952, 28506
1843, 0.5952, 28520
1844, 0.5952, 28535
1845, 0.595, 28549
1846, 0.595, 28563
1847, 0.595, 28576
1848, 0.5952, 28590
1849, 0.5952, 28604
1850, 0.5953, 28619
1851, 0.5953, 28633
1852, 0.5954, 28648
1853, 0.5954, 28661
1854, 0.5954, 28675
1855, 0.5952, 28689
1856, 0.5954, 28703
1857, 0.5953, 28717
1858, 0.5954, 28731
1859, 0.5956, 28746
1860, 0.5954, 28759
1861, 0.5956, 28773
1862, 0.5958, 28787
1863, 0.5957, 28801
1864, 0.5957, 28816
1865, 0.5959, 28830
1866, 0.5962, 28844
1867, 0.596, 28859
1868, 0.5963, 28873
1869, 0.5964, 28888
1870, 0.5964, 28902
1871, 0.5965, 28916
1872, 0.5967, 28930
1873, 0.5967, 28945
1874, 0.5966, 28959
1875, 0.5967, 28973
1876, 0.5968, 28988
1877, 0.597, 29002
1878, 0.5972, 29016
1879, 0.5972, 29031
1880, 0.5972, 29045
1881, 0.5973, 29060
1882, 0.5974, 29075
1883, 0.5975, 29089
1884, 0.5976, 29104
1885, 0.5977, 29118
1886, 0.5978, 29132
1887, 0.5977, 29147
1888, 0.5979, 29161
1889, 0.5975, 29175
1890, 0.5978, 29188
1891, 0.5979, 29202
1892, 0.5978, 29216
1893, 0.5982, 29230
1894, 0.5983, 29244
1895, 0.5983, 29258
1896, 0.5983, 29272
1897, 0.5983, 29286
1898, 0.5983, 29300
1899, 0.5984, 29314
1900, 0.5988, 29328
1901, 0.5989, 29342
1902, 0.5989, 29356
1903, 0.5991, 29370
1904, 0.5997, 29384
1905, 0.5997, 29398
1906, 0.5997, 29412
1907, 0.5998, 29426
1908, 0.6, 29439
1909, 0.5998, 29453
1910, 0.5997, 29467
1911, 0.6, 29481
1912, 0.6001, 29495
1913, 0.5999, 29509
1914, 0.6, 29523
1915, 0.6, 29536
1916, 0.5998, 29550
1917, 0.5998, 29564
1918, 0.5999, 29578
1919, 0.5999, 29591
1920, 0.5996, 29605
1921, 0.5998, 29619
1922, 0.5998, 29634
1923, 0.5997, 29648
1924, 0.5996, 29662
1925, 0.5996, 29676
1926, 0.5996, 29689
1927, 0.5997, 29703
1928, 0.5997, 29717
1929, 0.5999, 29731
1930, 0.6001, 29745
1931, 0.6002, 29759
1932, 0.6001, 29772
1933, 0.6003, 29787
1934, 0.6006, 29800
1935, 0.6006, 29814
1936, 0.6008, 29828
1937, 0.6006, 29842
1938, 0.601, 29856
1939, 0.6008, 29870
1940, 0.6012, 29884
1941, 0.6011, 29899
1942, 0.6011, 29913
1943, 0.601, 29927
1944, 0.6012, 29941
1945, 0.6012, 29955
1946, 0.6012, 29969
1947, 0.6014, 29983
1948, 0.6017, 29997
1949, 0.6014, 30011
1950, 0.6018, 30025
1951, 0.6016, 30039
1952, 0.6019, 30053
1953, 0.6015, 30067
1954, 0.6018, 30081
1955, 0.6019, 30095
1956, 0.6021, 30109
1957, 0.602, 30122
1958, 0.6022, 30137
1959, 0.602, 30151
1960, 0.6022, 30165
1961, 0.6021, 30180
1962, 0.6023, 30193
1963, 0.6023, 30207
1964, 0.6023, 30222
1965, 0.6024, 30236
1966, 0.6025, 30250
1967, 0.6024, 30264
1968, 0.6024, 30278
1969, 0.6024, 30292
1970, 0.6026, 30306
1971, 0.6027, 30321
1972, 0.6027, 30335
1973, 0.6031, 30350
1974, 0.6028, 30365
1975, 0.6031, 30379
1976, 0.603, 30392
1977, 0.6032, 30407
1978, 0.6028, 30421
1979, 0.6032, 30435
1980, 0.6032, 30448
1981, 0.6032, 30463
1982, 0.6033, 30477
1983, 0.6033, 30492
1984, 0.6033, 30506
1985, 0.6034, 30520
1986, 0.6029, 30534
1987, 0.6035, 30548
1988, 0.6034, 30562
1989, 0.6035, 30576
1990, 0.6034, 30590
1991, 0.6034, 30604
1992, 0.6033, 30618
1993, 0.6032, 30632
1994, 0.6033, 30646
1995, 0.6036, 30660
1996, 0.6035, 30675
1997, 0.6039, 30690
1998, 0.6041, 30704
1999, 0.604, 30718
2000, 0.6039, 30732
2001, 0.6039, 30746
2002, 0.6041, 30760
2003, 0.6041, 30775
2004, 0.6039, 30789
2005, 0.6039, 30804
2006, 0.604, 30818
2007, 0.604, 30832
2008, 0.6039, 30846
2009, 0.604, 30860
2010, 0.6039, 30873
2011, 0.6039, 30888
2012, 0.6039, 30902
2013, 0.6039, 30917
2014, 0.6038, 30931
2015, 0.6038, 30945
2016, 0.6038, 30959
2017, 0.6038, 30973
2018, 0.6037, 30987
2019, 0.6036, 31001
2020, 0.6038, 31015
2021, 0.604, 31030
2022, 0.6039, 31044
2023, 0.6039, 31058
2024, 0.604, 31072
2025, 0.604, 31086
2026, 0.604, 31099
2027, 0.6042, 31114
2028, 0.6044, 31128
2029, 0.6041, 31142
2030, 0.6044, 31156
2031, 0.6044, 31170
2032, 0.6042, 31184
2033, 0.6041, 31198
2034, 0.6043, 31211
2035, 0.6045, 31225
2036, 0.6045, 31239
2037, 0.6047, 31253
2038, 0.6045, 31267
2039, 0.6046, 31281
2040, 0.6044, 31295
2041, 0.6044, 31309
2042, 0.6044, 31323
2043, 0.6048, 31336
2044, 0.6049, 31350
2045, 0.6053, 31364
2046, 0.6053, 31378
2047, 0.6052, 31392
2048, 0.6054, 31405
2049, 0.6055, 31419
2050, 0.6055, 31433
2051, 0.6056, 31447
2052, 0.6053, 31461
2053, 0.6056, 31475
2054, 0.6057, 31489
2055, 0.6057, 31503
2056, 0.606, 31516
2057, 0.606, 31530
2058, 0.606, 31545
2059, 0.606, 31559
2060, 0.6059, 31573
2061, 0.6059, 31588
2062, 0.6061, 31602
2063, 0.6059, 31616
2064, 0.6056, 31630
2065, 0.6056, 31644
2066, 0.6055, 31659
2067, 0.6057, 31673
2068, 0.6059, 31688
2069, 0.606, 31703
2070, 0.6063, 31717
2071, 0.6063, 31731
2072, 0.6062, 31745
2073, 0.606, 31759
2074, 0.606, 31773
2075, 0.6061, 31787
2076, 0.6059, 31801
2077, 0.606, 31815
2078, 0.6063, 31830
2079, 0.6065, 31844
2080, 0.6067, 31858
2081, 0.6065, 31872
2082, 0.6068, 31886
2083, 0.6069, 31900
2084, 0.607, 31914
2085, 0.6071, 31928
2086, 0.607, 31942
2087, 0.6069, 31956
2088, 0.607, 31970
2089, 0.607, 31985
2090, 0.6068, 31999
2091, 0.607, 32013
2092, 0.6071, 32028
2093, 0.607, 32043
2094, 0.6072, 32057
2095, 0.6073, 32072
2096, 0.6071, 32086
2097, 0.6071, 32100
2098, 0.6071, 32115
2099, 0.6069, 32129
2100, 0.6068, 32144
2101, 0.6067, 32158
2102, 0.6067, 32172
2103, 0.6068, 32186
2104, 0.6067, 32199
2105, 0.6065, 32214
2106, 0.6063, 32228
2107, 0.6064, 32243
2108, 0.6063, 32257
2109, 0.6065, 32271
2110, 0.6066, 32285
2111, 0.6066, 32300
2112, 0.6065, 32314
2113, 0.6065, 32328
2114, 0.6066, 32342
2115, 0.6066, 32357
2116, 0.6066, 32371
2117, 0.6066, 32385
2118, 0.6067, 32399
2119, 0.6065, 32413
2120, 0.6068, 32427
2121, 0.6068, 32441
2122, 0.607, 32456
2123, 0.6069, 32470
2124, 0.607, 32485
2125, 0.607, 32499
2126, 0.6072, 32513
2127, 0.6071, 32527
2128, 0.607, 32541
2129, 0.6071, 32555
2130, 0.6071, 32570
2131, 0.6072, 32584
2132, 0.6073, 32598
2133, 0.6075, 32613
2134, 0.6076, 32627
2135, 0.6076, 32641
2136, 0.6078, 32655
2137, 0.6078, 32669
2138, 0.6078, 32683
2139, 0.6077, 32697
2140, 0.6077, 32712
2141, 0.6078, 32726
2142, 0.6079, 32740
2143, 0.6082, 32754
2144, 0.6084, 32768
2145, 0.6086, 32783
2146, 0.6087, 32797
2147, 0.6084, 32811
2148, 0.6087, 32825
2149, 0.6086, 32839
2150, 0.6089, 32854
2151, 0.6087, 32869
2152, 0.6089, 32883
2153, 0.6088, 32897
2154, 0.6091, 32912
2155, 0.609, 32926
2156, 0.6093, 32941
2157, 0.6094, 32955
2158, 0.6095, 32969
2159, 0.6096, 32983
2160, 0.6096, 32997
2161, 0.6095, 33012
2162, 0.6095, 33026
2163, 0.6095, 33040
2164, 0.6095, 33054
2165, 0.6096, 33069
2166, 0.6095, 33083
2167, 0.6095, 33097
2168, 0.6094, 33112
2169, 0.6093, 33126
2170, 0.6093, 33140
2171, 0.6093, 33155
2172, 0.6092, 33169
2173, 0.6095, 33184
2174, 0.6094, 33199
2175, 0.6094, 33215
2176, 0.6095, 33229
2177, 0.6092, 33243
2178, 0.6092, 33257
2179, 0.6094, 33271
2180, 0.6094, 33285
2181, 0.6095, 33299
2182, 0.6097, 33314
2183, 0.6097, 33328
2184, 0.6098, 33342
2185, 0.6099, 33356
2186, 0.61, 33370
2187, 0.6102, 33385
2188, 0.6101, 33399
2189, 0.6101, 33413
2190, 0.6104, 33427
2191, 0.6104, 33441
2192, 0.6105, 33456
2193, 0.6104, 33470
2194, 0.6102, 33485
2195, 0.61, 33499
2196, 0.6103, 33513
2197, 0.6102, 33528
2198, 0.6101, 33542
2199, 0.6099, 33555
2200, 0.6101, 33569
2201, 0.61, 33584
2202, 0.6099, 33598
2203, 0.6099, 33612
2204, 0.6099, 33627
2205, 0.6099, 33641
2206, 0.6098, 33656
2207, 0.6099, 33669
2208, 0.6098, 33683
2209, 0.6096, 33698
2210, 0.6098, 33712
2211, 0.6097, 33726
2212, 0.6099, 33740
2213, 0.6098, 33753
2214, 0.6097, 33767
2215, 0.6097, 33781
2216, 0.6099, 33796
2217, 0.6098, 33810
2218, 0.6101, 33825
2219, 0.6098, 33840
2220, 0.6099, 33854
2221, 0.6098, 33868
2222, 0.6099, 33882
2223, 0.6099, 33896
2224, 0.6098, 33910
2225, 0.6098, 33924
2226, 0.6098, 33939
2227, 0.6096, 33953
2228, 0.6097, 33967
2229, 0.6094, 33981
2230, 0.6094, 33996
2231, 0.6094, 34010
2232, 0.6093, 34025
2233, 0.6093, 34039
2234, 0.6095, 34053
2235, 0.6096, 34068
2236, 0.6094, 34082
2237, 0.6095, 34096
2238, 0.6093, 34111
2239, 0.6091, 34125
2240, 0.6094, 34139
2241, 0.6094, 34153
2242, 0.6092, 34167
2243, 0.6094, 34182
2244, 0.6095, 34196
2245, 0.6096, 34210
2246, 0.6096, 34224
2247, 0.6095, 34238
2248, 0.6094, 34252
2249, 0.6095, 34266
2250, 0.6096, 34280
2251, 0.6095, 34294
2252, 0.6096, 34309
2253, 0.6096, 34323
2254, 0.6099, 34336
2255, 0.61, 34351
2256, 0.6099, 34365
2257, 0.6098, 34379
2258, 0.6097, 34394
2259, 0.6099, 34408
2260, 0.6098, 34422
2261, 0.6097, 34437
2262, 0.6098, 34451
2263, 0.6095, 34465
2264, 0.6097, 34479
2265, 0.6097, 34493
2266, 0.6096, 34507
2267, 0.6095, 34521
2268, 0.6096, 34535
2269, 0.6095, 34549
2270, 0.6097, 34563
2271, 0.6096, 34578
2272, 0.6093, 34592
2273, 0.6092, 34606
2274, 0.6093, 34620
2275, 0.6094, 34634
2276, 0.6094, 34648
2277, 0.6094, 34662
2278, 0.6094, 34676
2279, 0.6092, 34691
2280, 0.6095, 34705
2281, 0.6092, 34720
2282, 0.6093, 34734
2283, 0.6093, 34748
2284, 0.6094, 34762
2285, 0.6092, 34776
2286, 0.6096, 34790
2287, 0.6096, 34805
2288, 0.6094, 34819
2289, 0.6092, 34834
2290, 0.6094, 34848
2291, 0.6091, 34862
2292, 0.6089, 34876
2293, 0.6089, 34890
2294, 0.6089, 34905
2295, 0.609, 34919
2296, 0.6092, 34933
2297, 0.6091, 34947
2298, 0.6093, 34962
2299, 0.6094, 34976
2300, 0.6096, 34990
2301, 0.6098, 35004
2302, 0.6095, 35018
2303, 0.6098, 35032
2304, 0.61, 35046
2305, 0.6101, 35060
2306, 0.6103, 35074
2307, 0.6102, 35088
2308, 0.6103, 35102
2309, 0.6102, 35117
2310, 0.6107, 35131
2311, 0.6104, 35145
2312, 0.6107, 35159
2313, 0.6106, 35174
2314, 0.6109, 35188
2315, 0.6109, 35202
2316, 0.6108, 35217
2317, 0.6108, 35231
2318, 0.6108, 35245
2319, 0.6108, 35259
2320, 0.6107, 35273
2321, 0.6107, 35287
2322, 0.6107, 35300
2323, 0.6106, 35314
2324, 0.6109, 35328
2325, 0.6108, 35342
2326, 0.611, 35356
2327, 0.6112, 35370
2328, 0.6112, 35384
2329, 0.6113, 35399
2330, 0.6114, 35413
2331, 0.6114, 35427
2332, 0.6115, 35442
2333, 0.6115, 35456
2334, 0.6116, 35470
2335, 0.6115, 35484
2336, 0.6117, 35498
2337, 0.6116, 35512
2338, 0.6118, 35526
2339, 0.612, 35539
2340, 0.6121, 35553
2341, 0.6122, 35567
2342, 0.6123, 35581
2343, 0.6122, 35596
2344, 0.6121, 35610
2345, 0.6119, 35624
2346, 0.6119, 35638
2347, 0.6121, 35652
2348, 0.6119, 35666
2349, 0.612, 35679
2350, 0.612, 35693
2351, 0.612, 35707
2352, 0.612, 35721
2353, 0.612, 35735
2354, 0.6119, 35749
2355, 0.6119, 35763
2356, 0.612, 35776
2357, 0.6118, 35790
2358, 0.6119, 35804
2359, 0.612, 35818
2360, 0.6121, 35832
2361, 0.6121, 35846
2362, 0.6124, 35859
2363, 0.6123, 35873
2364, 0.6121, 35887
2365, 0.6121, 35902
2366, 0.6123, 35916
2367, 0.6123, 35930
2368, 0.6124, 35944
2369, 0.6124, 35958
2370, 0.6123, 35973
2371, 0.6121, 35986
2372, 0.6123, 36000
2373, 0.6125, 36014
2374, 0.6124, 36028
2375, 0.6124, 36042
2376, 0.6125, 36056
2377, 0.6123, 36070
2378, 0.6124, 36084
2379, 0.6127, 36098
2380, 0.6126, 36112
2381, 0.6128, 36126
2382, 0.6126, 36140
2383, 0.6127, 36154
2384, 0.6129, 36168
2385, 0.6131, 36182
2386, 0.6131, 36196
2387, 0.6129, 36210
2388, 0.6131, 36225
2389, 0.6129, 36239
2390, 0.613, 36253
2391, 0.6129, 36267
2392, 0.6128, 36281
2393, 0.6129, 36295
2394, 0.613, 36309
2395, 0.6128, 36323
2396, 0.6128, 36337
2397, 0.6128, 36351
2398, 0.6126, 36365
2399, 0.6125, 36378
2400, 0.6125, 36392
2401, 0.6125, 36406
2402, 0.6128, 36419
2403, 0.6126, 36433
2404, 0.6129, 36447
2405, 0.6127, 36461
2406, 0.6128, 36475
2407, 0.6128, 36488
2408, 0.613, 36502
2409, 0.6128, 36516
2410, 0.613, 36530
2411, 0.6129, 36544
2412, 0.613, 36558
2413, 0.6129, 36572
2414, 0.6131, 36586
2415, 0.6133, 36600
2416, 0.613, 36614
2417, 0.6131, 36629
2418, 0.6129, 36643
2419, 0.6132, 36657
2420, 0.613, 36671
2421, 0.613, 36685
2422, 0.6128, 36699
2423, 0.6125, 36714
2424, 0.6125, 36728
2425, 0.6124, 36742
2426, 0.6126, 36756
2427, 0.6123, 36771
2428, 0.6122, 36785
2429, 0.6123, 36799
2430, 0.6121, 36813
2431, 0.6122, 36828
2432, 0.6121, 36842
2433, 0.6121, 36857
2434, 0.612, 36871
2435, 0.6125, 36884
2436, 0.6123, 36898
2437, 0.6122, 36913
2438, 0.6124, 36926
2439, 0.6122, 36940
2440, 0.6123, 36954
2441, 0.6124, 36968
2442, 0.6124, 36982
2443, 0.6123, 36996
2444, 0.6121, 37010
2445, 0.612, 37023
2446, 0.6121, 37037
2447, 0.612, 37051
2448, 0.6119, 37064
2449, 0.6118, 37079
2450, 0.6118, 37092
2451, 0.6118, 37106
2452, 0.6121, 37120
2453, 0.612, 37134
2454, 0.6117, 37148
2455, 0.6118, 37162
2456, 0.6118, 37177
2457, 0.6119, 37191
2458, 0.6123, 37205
2459, 0.612, 37219
2460, 0.6126, 37232
2461, 0.6123, 37246
2462, 0.6123, 37261
2463, 0.6126, 37275
2464, 0.6127, 37289
2465, 0.6128, 37303
2466, 0.6129, 37317
2467, 0.613, 37331
2468, 0.6128, 37346
2469, 0.6129, 37360
2470, 0.6129, 37374
2471, 0.6131, 37389
2472, 0.6129, 37404
2473, 0.6131, 37418
2474, 0.613, 37433
2475, 0.6131, 37447
2476, 0.6131, 37461
2477, 0.6131, 37476
2478, 0.6128, 37489
2479, 0.613, 37503
2480, 0.6128, 37518
2481, 0.6128, 37532
2482, 0.613, 37546
2483, 0.6133, 37560
2484, 0.6131, 37574
2485, 0.6134, 37588
2486, 0.6132, 37603
2487, 0.6134, 37617
2488, 0.6132, 37632
2489, 0.6135, 37646
2490, 0.6133, 37660
2491, 0.6132, 37674
2492, 0.613, 37688
2493, 0.6133, 37703
2494, 0.6133, 37716
2495, 0.6131, 37731
2496, 0.613, 37745
2497, 0.6129, 37760
2498, 0.613, 37773
2499, 0.6128, 37787
2500, 0.6126, 37801
2501, 0.6127, 37815
2502, 0.6126, 37829
2503, 0.613, 37842
2504, 0.6126, 37856
2505, 0.6128, 37870
2506, 0.6125, 37884
2507, 0.6129, 37898
2508, 0.6127, 37912
2509, 0.6129, 37927
2510, 0.6129, 37941
2511, 0.6129, 37955
2512, 0.6127, 37970
2513, 0.6127, 37984
2514, 0.6125, 37999
2515, 0.6127, 38013
2516, 0.6125, 38027
2517, 0.6127, 38041
2518, 0.6126, 38055
2519, 0.6128, 38068
2520, 0.6128, 38083
2521, 0.6127, 38097
2522, 0.6128, 38111
2523, 0.6127, 38125
2524, 0.6125, 38139
2525, 0.6124, 38153
2526, 0.6125, 38167
2527, 0.6126, 38181
2528, 0.6127, 38194
2529, 0.6125, 38209
2530, 0.6126, 38223
2531, 0.6125, 38237
2532, 0.6127, 38251
2533, 0.6126, 38265
2534, 0.6126, 38278
2535, 0.6127, 38292
2536, 0.6128, 38307
2537, 0.6128, 38321
2538, 0.6128, 38336
2539, 0.6127, 38350
2540, 0.6127, 38364
2541, 0.6126, 38378
2542, 0.6127, 38392
2543, 0.613, 38406
2544, 0.6133, 38420
2545, 0.6135, 38434
2546, 0.6135, 38449
2547, 0.6136, 38463
2548, 0.6133, 38477
2549, 0.6136, 38491
2550, 0.6135, 38505
2551, 0.6137, 38519
2552, 0.6139, 38532
2553, 0.6139, 38546
2554, 0.614, 38560
2555, 0.6139, 38574
2556, 0.6139, 38588
2557, 0.6139, 38601
2558, 0.6137, 38615
2559, 0.6137, 38629
2560, 0.6138, 38644
2561, 0.6137, 38657
2562, 0.6138, 38671
2563, 0.6138, 38685
2564, 0.6136, 38699
2565, 0.6136, 38713
2566, 0.6136, 38727
2567, 0.6138, 38741
2568, 0.6139, 38755
2569, 0.6139, 38769
2570, 0.614, 38783
2571, 0.6141, 38797
2572, 0.614, 38811
2573, 0.6142, 38825
2574, 0.6141, 38839
2575, 0.6142, 38853
2576, 0.6142, 38867
2577, 0.6141, 38881
2578, 0.6142, 38895
2579, 0.6143, 38908
2580, 0.6144, 38922
2581, 0.6143, 38936
2582, 0.6145, 38950
2583, 0.6144, 38965
2584, 0.6145, 38979
2585, 0.6145, 38994
2586, 0.6145, 39008
2587, 0.6146, 39022
2588, 0.6147, 39036
2589, 0.6148, 39050
2590, 0.6148, 39064
2591, 0.6148, 39077
2592, 0.6148, 39091
2593, 0.6147, 39105
2594, 0.6148, 39120
2595, 0.615, 39133
2596, 0.6149, 39147
2597, 0.6149, 39161
2598, 0.615, 39175
2599, 0.6147, 39189
2600, 0.6151, 39203
2601, 0.6152, 39217
2602, 0.6149, 39231
2603, 0.6148, 39246
2604, 0.6147, 39260
2605, 0.6148, 39275
2606, 0.615, 39288
2607, 0.615, 39302
2608, 0.615, 39316
2609, 0.6149, 39330
2610, 0.6151, 39344
2611, 0.6151, 39357
2612, 0.6153, 39371
2613, 0.6149, 39385
2614, 0.615, 39399
2615, 0.615, 39413
2616, 0.6151, 39426
2617, 0.615, 39440
2618, 0.615, 39454
2619, 0.615, 39467
2620, 0.6151, 39481
2621, 0.6152, 39496
2622, 0.615, 39510
2623, 0.615, 39524
2624, 0.6153, 39538
2625, 0.615, 39552
2626, 0.6152, 39567
2627, 0.6151, 39581
2628, 0.6153, 39596
2629, 0.6151, 39610
2630, 0.6153, 39624
2631, 0.6151, 39638
2632, 0.6152, 39651
2633, 0.6151, 39666
2634, 0.6147, 39679
2635, 0.6151, 39693
2636, 0.6151, 39707
2637, 0.6152, 39721
2638, 0.6151, 39735
2639, 0.6152, 39749
2640, 0.6152, 39764
2641, 0.6154, 39778
2642, 0.615, 39792
2643, 0.6151, 39806
2644, 0.6149, 39820
2645, 0.6149, 39834
2646, 0.6149, 39849
2647, 0.6152, 39863
2648, 0.6152, 39877
2649, 0.6151, 39891
2650, 0.6151, 39905
2651, 0.615, 39918
2652, 0.6151, 39932
2653, 0.6151, 39946
2654, 0.6151, 39960
2655, 0.615, 39974
2656, 0.6151, 39988
2657, 0.6151, 40002
2658, 0.6153, 40015
2659, 0.6153, 40029
2660, 0.6154, 40043
2661, 0.6155, 40057
2662, 0.6153, 40071
2663, 0.6154, 40085
2664, 0.6153, 40100
2665, 0.6153, 40114
2666, 0.615, 40128
2667, 0.6149, 40142
2668, 0.6149, 40157
2669, 0.6148, 40170
2670, 0.6146, 40185
2671, 0.6146, 40199
2672, 0.6148, 40213
2673, 0.6148, 40228
2674, 0.6146, 40242
2675, 0.6149, 40256
2676, 0.6148, 40270
2677, 0.6145, 40284
2678, 0.6148, 40298
2679, 0.6147, 40312
2680, 0.6146, 40326
2681, 0.6145, 40341
2682, 0.6146, 40355
2683, 0.6146, 40368
2684, 0.6145, 40382
2685, 0.6143, 40397
2686, 0.6143, 40410
2687, 0.6144, 40425
2688, 0.6141, 40439
2689, 0.614, 40452
2690, 0.6141, 40467
2691, 0.6142, 40481
2692, 0.614, 40494
2693, 0.6141, 40508
2694, 0.6141, 40522
2695, 0.6138, 40536
2696, 0.614, 40550
2697, 0.6139, 40564
2698, 0.614, 40578
2699, 0.6136, 40592
2700, 0.614, 40606
2701, 0.6138, 40619
2702, 0.614, 40633
2703, 0.614, 40647
2704, 0.614, 40661
2705, 0.614, 40675
2706, 0.6142, 40689
2707, 0.6138, 40703
2708, 0.6141, 40717
2709, 0.614, 40731
2710, 0.614, 40745
2711, 0.6139, 40759
2712, 0.6139, 40773
2713, 0.614, 40788
2714, 0.614, 40801
2715, 0.614, 40816
2716, 0.6141, 40830
2717, 0.6141, 40844
2718, 0.6141, 40858
2719, 0.6142, 40872
2720, 0.6141, 40886
2721, 0.6141, 40900
2722, 0.6143, 40914
2723, 0.6142, 40928
2724, 0.6141, 40942
2725, 0.6143, 40956
2726, 0.6141, 40970
2727, 0.6142, 40984
2728, 0.6142, 40997
2729, 0.6142, 41011
2730, 0.6143, 41025
2731, 0.6143, 41039
2732, 0.6144, 41054
2733, 0.6144, 41067
2734, 0.6145, 41081
2735, 0.6143, 41095
2736, 0.6147, 41109
2737, 0.6145, 41123
2738, 0.6146, 41137
2739, 0.6145, 41152
2740, 0.6147, 41166
2741, 0.6149, 41180
2742, 0.6149, 41195
2743, 0.6149, 41209
2744, 0.615, 41223
2745, 0.615, 41237
2746, 0.6151, 41251
2747, 0.6154, 41265
2748, 0.6153, 41279
2749, 0.6159, 41293
2750, 0.616, 41307
2751, 0.6157, 41321
2752, 0.6161, 41335
2753, 0.616, 41349
2754, 0.6162, 41363
2755, 0.6161, 41377
2756, 0.6162, 41391
2757, 0.6162, 41405
2758, 0.6163, 41419
2759, 0.6164, 41433
2760, 0.6165, 41447
2761, 0.6164, 41461
2762, 0.6165, 41475
2763, 0.6166, 41489
2764, 0.6168, 41503
2765, 0.6169, 41517
2766, 0.6169, 41531
2767, 0.6168, 41545
2768, 0.6167, 41560
2769, 0.6167, 41574
2770, 0.6166, 41588
2771, 0.6168, 41602
2772, 0.6164, 41616
2773, 0.6166, 41630
2774, 0.6166, 41645
2775, 0.6165, 41659
2776, 0.6164, 41673
2777, 0.6169, 41687
2778, 0.6167, 41701
2779, 0.6171, 41715
2780, 0.6173, 41729
2781, 0.6174, 41743
2782, 0.6173, 41757
2783, 0.6173, 41772
2784, 0.6173, 41785
2785, 0.6172, 41799
2786, 0.6174, 41813
2787, 0.6173, 41827
2788, 0.6171, 41841
2789, 0.6172, 41856
2790, 0.617, 41870
2791, 0.6173, 41884
2792, 0.6171, 41897
2793, 0.6172, 41911
2794, 0.6169, 41925
2795, 0.6171, 41939
2796, 0.6169, 41953
2797, 0.6168, 41967
2798, 0.6166, 41981
2799, 0.617, 41995
2800, 0.617, 42009
2801, 0.617, 42022
2802, 0.6168, 42037
2803, 0.6169, 42051
2804, 0.6171, 42064
2805, 0.617, 42078
2806, 0.6169, 42092
2807, 0.6172, 42107
2808, 0.6172, 42121
2809, 0.6175, 42135
2810, 0.6172, 42149
2811, 0.6173, 42163
2812, 0.6174, 42177
2813, 0.6172, 42191
2814, 0.617, 42205
2815, 0.6172, 42219
2816, 0.6173, 42233
2817, 0.6172, 42246
2818, 0.6172, 42260
2819, 0.6172, 42275
2820, 0.6172, 42288
2821, 0.6171, 42302
2822, 0.6171, 42316
2823, 0.617, 42330
2824, 0.6169, 42343
2825, 0.617, 42357
2826, 0.617, 42371
2827, 0.6169, 42384
2828, 0.6169, 42398
2829, 0.6169, 42412
2830, 0.6168, 42425
2831, 0.6168, 42439
2832, 0.6167, 42453
2833, 0.6171, 42466
2834, 0.6172, 42481
2835, 0.6173, 42494
2836, 0.6174, 42508
2837, 0.6176, 42522
2838, 0.6176, 42536
2839, 0.6176, 42550
2840, 0.6176, 42564
2841, 0.6177, 42578
2842, 0.6177, 42592
2843, 0.6177, 42606
2844, 0.6176, 42620
2845, 0.6177, 42635
2846, 0.6181, 42649
2847, 0.618, 42664
2848, 0.6182, 42678
2849, 0.6182, 42692
2850, 0.618, 42706
2851, 0.6183, 42720
2852, 0.6181, 42734
2853, 0.6182, 42747
2854, 0.6184, 42762
2855, 0.6184, 42776
2856, 0.6185, 42790
2857, 0.6185, 42804
2858, 0.6184, 42818
2859, 0.6184, 42832
2860, 0.6184, 42846
2861, 0.6184, 42860
2862, 0.6185, 42873
2863, 0.6189, 42887
2864, 0.6186, 42901
2865, 0.6188, 42915
2866, 0.6189, 42929
2867, 0.619, 42943
2868, 0.6191, 42957
2869, 0.6193, 42972
2870, 0.6191, 42986
2871, 0.6193, 43001
2872, 0.6189, 43015
2873, 0.6192, 43029
2874, 0.619, 43043
2875, 0.619, 43056
2876, 0.619, 43070
2877, 0.6188, 43085
2878, 0.6187, 43100
2879, 0.6189, 43114
2880, 0.6185, 43128
2881, 0.6185, 43142
2882, 0.6186, 43157
2883, 0.6186, 43171
2884, 0.6183, 43186
2885, 0.6184, 43200
2886, 0.6183, 43214
2887, 0.6185, 43228
2888, 0.6183, 43242
2889, 0.6186, 43256
2890, 0.6186, 43270
2891, 0.6185, 43284
2892, 0.6185, 43298
2893, 0.6187, 43313
2894, 0.6188, 43327
2895, 0.6186, 43341
2896, 0.6189, 43355
2897, 0.6187, 43369
2898, 0.6185, 43383
2899, 0.6189, 43398
2900, 0.6187, 43412
2901, 0.619, 43426
2902, 0.6186, 43440
2903, 0.6188, 43454
2904, 0.6187, 43468
2905, 0.6188, 43482
2906, 0.6186, 43497
2907, 0.6187, 43511
2908, 0.6186, 43526
2909, 0.6187, 43540
2910, 0.6187, 43554
2911, 0.6185, 43568
2912, 0.6185, 43583
2913, 0.6187, 43597
2914, 0.6185, 43611
2915, 0.6185, 43625
2916, 0.6183, 43638
2917, 0.6182, 43652
2918, 0.6185, 43667
2919, 0.6184, 43681
2920, 0.6185, 43695
2921, 0.6187, 43709
2922, 0.6188, 43723
2923, 0.6189, 43737
2924, 0.6189, 43751
2925, 0.619, 43765
2926, 0.619, 43779
2927, 0.619, 43793
2928, 0.6187, 43807
2929, 0.6189, 43820
2930, 0.6188, 43835
2931, 0.619, 43849
2932, 0.6191, 43863
2933, 0.619, 43877
2934, 0.619, 43891
2935, 0.619, 43905
2936, 0.6191, 43919
2937, 0.6191, 43933
2938, 0.6193, 43947
2939, 0.619, 43961
2940, 0.6192, 43975
2941, 0.6194, 43989
2942, 0.6194, 44004
2943, 0.6193, 44018
2944, 0.6196, 44032
2945, 0.6196, 44046
2946, 0.6195, 44060
2947, 0.6195, 44074
2948, 0.6197, 44088
2949, 0.6196, 44102
2950, 0.6196, 44116
2951, 0.6197, 44130
2952, 0.6197, 44144
2953, 0.6196, 44158
2954, 0.6195, 44171
2955, 0.6198, 44185
2956, 0.6195, 44200
2957, 0.6198, 44214
2958, 0.6196, 44228
2959, 0.6197, 44242
2960, 0.6196, 44256
2961, 0.6194, 44269
2962, 0.6196, 44283
2963, 0.6194, 44297
2964, 0.6195, 44311
2965, 0.6195, 44325
2966, 0.6196, 44339
2967, 0.6193, 44353
2968, 0.6197, 44367
2969, 0.6196, 44381
2970, 0.6195, 44395
2971, 0.6194, 44409
2972, 0.6194, 44423
2973, 0.6191, 44438
2974, 0.6194, 44452
2975, 0.6194, 44466
2976, 0.6197, 44481
2977, 0.6195, 44495
2978, 0.6196, 44510
2979, 0.6198, 44524
2980, 0.6197, 44538
2981, 0.6197, 44552
2982, 0.6197, 44567
2983, 0.6196, 44581
2984, 0.6198, 44595
2985, 0.62, 44609
2986, 0.6199, 44623
2987, 0.6197, 44637
2988, 0.6201, 44651
2989, 0.6203, 44665
2990, 0.6203, 44678
2991, 0.6203, 44692
2992, 0.6204, 44706
2993, 0.6203, 44720
2994, 0.6204, 44734
2995, 0.6205, 44747
2996, 0.6204, 44762
2997, 0.6205, 44776
2998, 0.6207, 44790
2999, 0.6207, 44804
3000, 0.6207, 44818
3001, 0.6206, 44833
3002, 0.621, 44847
3003, 0.6208, 44861
3004, 0.6209, 44875
3005, 0.6206, 44889
3006, 0.6208, 44903
3007, 0.6208, 44917
3008, 0.6209, 44931
3009, 0.6208, 44945
3010, 0.6209, 44959
3011, 0.6208, 44974
3012, 0.6207, 44988
3013, 0.6209, 45002
3014, 0.6208, 45016
3015, 0.6208, 45030
3016, 0.6207, 45044
3017, 0.6208, 45058
3018, 0.6207, 45072
3019, 0.6208, 45085
3020, 0.6207, 45099
3021, 0.6207, 45113
3022, 0.6209, 45127
3023, 0.621, 45140
3024, 0.6211, 45154
3025, 0.6209, 45168
3026, 0.6211, 45182
3027, 0.6209, 45196
3028, 0.6212, 45210
3029, 0.621, 45223
3030, 0.621, 45238
3031, 0.6211, 45252
3032, 0.621, 45266
3033, 0.6212, 45280
3034, 0.6212, 45295
3035, 0.6211, 45309
3036, 0.6212, 45323
3037, 0.6213, 45337
3038, 0.6211, 45350
3039, 0.6212, 45364
3040, 0.621, 45378
3041, 0.6211, 45392
3042, 0.621, 45406
3043, 0.621, 45419
3044, 0.6209, 45433
3045, 0.621, 45448
3046, 0.6208, 45461
3047, 0.6209, 45475
3048, 0.6211, 45489
3049, 0.6211, 45503
3050, 0.6212, 45517
3051, 0.6209, 45531
3052, 0.6208, 45545
3053, 0.6208, 45559
3054, 0.6206, 45573
3055, 0.6207, 45586
3056, 0.6208, 45600
3057, 0.621, 45614
3058, 0.6208, 45628
3059, 0.6209, 45642
3060, 0.6209, 45656
3061, 0.6208, 45670
3062, 0.6209, 45684
3063, 0.6205, 45698
3064, 0.6207, 45712
3065, 0.6206, 45725
3066, 0.6208, 45740
3067, 0.6209, 45754
3068, 0.6209, 45768
3069, 0.6211, 45782
3070, 0.621, 45796
3071, 0.6211, 45809
3072, 0.6211, 45823
3073, 0.621, 45838
3074, 0.6212, 45852
3075, 0.6211, 45866
3076, 0.6213, 45880
3077, 0.6209, 45894
3078, 0.621, 45907
3079, 0.621, 45921
3080, 0.6211, 45935
3081, 0.6212, 45949
3082, 0.6211, 45962
3083, 0.6213, 45976
3084, 0.6216, 45991
3085, 0.6216, 46005
3086, 0.6215, 46019
3087, 0.6216, 46033
3088, 0.6215, 46048
3089, 0.6218, 46062
3090, 0.6214, 46076
3091, 0.6215, 46090
3092, 0.6213, 46104
3093, 0.6213, 46118
3094, 0.6212, 46132
3095, 0.6215, 46147
3096, 0.6211, 46161
3097, 0.6212, 46175
3098, 0.6213, 46189
3099, 0.6213, 46203
3100, 0.6211, 46217
3101, 0.6213, 46231
3102, 0.6213, 46245
3103, 0.6214, 46259
3104, 0.6212, 46274
3105, 0.6214, 46288
3106, 0.6214, 46302
3107, 0.6215, 46316
3108, 0.6214, 46330
3109, 0.6216, 46343
3110, 0.6215, 46357
3111, 0.6213, 46371
3112, 0.6214, 46384
3113, 0.6217, 46398
3114, 0.6218, 46412
3115, 0.6218, 46426
3116, 0.6217, 46440
3117, 0.6219, 46455
3118, 0.6219, 46469
3119, 0.6218, 46483
3120, 0.6221, 46497
3121, 0.622, 46511
3122, 0.6222, 46525
3123, 0.6221, 46539
3124, 0.6222, 46552
3125, 0.6221, 46567
3126, 0.6222, 46581
3127, 0.6222, 46595
3128, 0.6223, 46609
3129, 0.6221, 46623
3130, 0.6223, 46637
3131, 0.6222, 46652
3132, 0.6225, 46666
3133, 0.6222, 46680
3134, 0.622, 46693
3135, 0.6218, 46707
3136, 0.6222, 46721
3137, 0.6221, 46735
3138, 0.6222, 46749
3139, 0.622, 46762
3140, 0.622, 46776
3141, 0.622, 46790
3142, 0.6219, 46803
3143, 0.622, 46817
3144, 0.622, 46831
3145, 0.6219, 46845
3146, 0.622, 46859
3147, 0.6221, 46873
3148, 0.6223, 46887
3149, 0.6223, 46902
3150, 0.6222, 46916
3151, 0.6222, 46930
3152, 0.6224, 46944
3153, 0.6223, 46959
3154, 0.6224, 46973
3155, 0.6222, 46988
3156, 0.6224, 47002
3157, 0.6224, 47016
3158, 0.6223, 47030
3159, 0.6224, 47043
3160, 0.6225, 47057
3161, 0.6225, 47071
3162, 0.6224, 47085
3163, 0.6221, 47100
3164, 0.6223, 47114
3165, 0.6221, 47129
3166, 0.6224, 47143
3167, 0.6222, 47157
3168, 0.6223, 47171
3169, 0.6226, 47185
3170, 0.6224, 47199
3171, 0.6225, 47212
3172, 0.6224, 47226
3173, 0.6224, 47240
3174, 0.6223, 47254
3175, 0.6222, 47268
3176, 0.6221, 47283
3177, 0.6221, 47297
3178, 0.6221, 47312
3179, 0.622, 47325
3180, 0.622, 47339
3181, 0.6222, 47353
3182, 0.6217, 47367
3183, 0.6219, 47380
3184, 0.6218, 47394
3185, 0.6219, 47408
3186, 0.622, 47422
3187, 0.6217, 47436
3188, 0.6215, 47450
3189, 0.6215, 47464
3190, 0.6214, 47478
3191, 0.6214, 47492
3192, 0.6212, 47505
3193, 0.621, 47519
3194, 0.6213, 47533
3195, 0.6213, 47547
3196, 0.6213, 47560
3197, 0.6213, 47574
3198, 0.6211, 47588
3199, 0.6214, 47601
3200, 0.6212, 47615
3201, 0.6213, 47629
3202, 0.6215, 47644
3203, 0.6216, 47657
3204, 0.6213, 47671
3205, 0.6214, 47685
3206, 0.6212, 47699
3207, 0.6212, 47713
3208, 0.6212, 47727
3209, 0.6213, 47741
3210, 0.6214, 47755
3211, 0.6213, 47768
3212, 0.6215, 47782
3213, 0.6213, 47795
3214, 0.6214, 47809
3215, 0.6215, 47824
3216, 0.6213, 47838
3217, 0.6215, 47853
3218, 0.6216, 47867
3219, 0.6216, 47882
3220, 0.6215, 47895
3221, 0.6214, 47909
3222, 0.6215, 47923
3223, 0.6216, 47937
3224, 0.6216, 47951
3225, 0.6215, 47966
3226, 0.6216, 47981
3227, 0.6216, 47995
3228, 0.6216, 48009
3229, 0.6215, 48022
3230, 0.6215, 48037
3231, 0.6217, 48050
3232, 0.6216, 48064
3233, 0.6217, 48078
3234, 0.6219, 48092
3235, 0.6219, 48106
3236, 0.622, 48119
3237, 0.6218, 48133
3238, 0.6217, 48147
3239, 0.622, 48162
3240, 0.6218, 48176
3241, 0.6218, 48191
3242, 0.6217, 48205
3243, 0.6215, 48219
3244, 0.6217, 48233
3245, 0.6219, 48247
3246, 0.6219, 48261
3247, 0.6217, 48275
3248, 0.6218, 48289
3249, 0.6218, 48303
3250, 0.6218, 48317
3251, 0.6217, 48330
3252, 0.6218, 48344
3253, 0.6219, 48358
3254, 0.6219, 48372
3255, 0.6217, 48386
3256, 0.6218, 48400
3257, 0.622, 48413
3258, 0.6221, 48427
3259, 0.6218, 48441
3260, 0.622, 48455
3261, 0.622, 48469
3262, 0.6219, 48484
3263, 0.622, 48498
3264, 0.6221, 48513
3265, 0.6221, 48527
3266, 0.6223, 48541
3267, 0.6223, 48555
3268, 0.6221, 48569
3269, 0.6221, 48583
3270, 0.622, 48597
3271, 0.622, 48611
3272, 0.6219, 48625
3273, 0.6219, 48639
3274, 0.6219, 48652
3275, 0.6222, 48667
3276, 0.6221, 48681
3277, 0.6219, 48695
3278, 0.6222, 48709
3279, 0.6224, 48723
3280, 0.6223, 48737
3281, 0.6223, 48751
3282, 0.6226, 48765
3283, 0.6225, 48778
3284, 0.6228, 48792
3285, 0.6225, 48806
3286, 0.6222, 48820
3287, 0.6222, 48835
3288, 0.6224, 48849
3289, 0.6225, 48863
3290, 0.6225, 48877
3291, 0.6225, 48891
3292, 0.6221, 48904
3293, 0.6225, 48918
3294, 0.6224, 48932
3295, 0.6221, 48946
3296, 0.6223, 48960
3297, 0.622, 48973
3298, 0.622, 48987
3299, 0.6222, 49001
3300, 0.6224, 49015
3301, 0.6222, 49029
3302, 0.6218, 49043
3303, 0.6219, 49057
3304, 0.6219, 49071
3305, 0.6221, 49085
3306, 0.6221, 49098
3307, 0.622, 49112
3308, 0.622, 49126
3309, 0.6222, 49140
3310, 0.6219, 49155
3311, 0.6221, 49169
3312, 0.6219, 49183
3313, 0.6219, 49198
3314, 0.622, 49212
3315, 0.6221, 49226
3316, 0.622, 49240
3317, 0.6223, 49254
3318, 0.6222, 49268
3319, 0.622, 49281
3320, 0.6223, 49296
3321, 0.6221, 49310
3322, 0.6219, 49324
3323, 0.622, 49338
3324, 0.6218, 49352
3325, 0.6219, 49366
3326, 0.6221, 49380
3327, 0.6218, 49394
3328, 0.6222, 49407
3329, 0.6221, 49422
3330, 0.6218, 49436
3331, 0.6219, 49451
3332, 0.622, 49464
3333, 0.6219, 49479
3334, 0.6219, 49492
3335, 0.6221, 49506
3336, 0.622, 49520
3337, 0.622, 49534
3338, 0.6219, 49548
3339, 0.6219, 49563
3340, 0.6218, 49577
3341, 0.6222, 49592
3342, 0.6218, 49606
3343, 0.6218, 49620
3344, 0.6216, 49634
3345, 0.6215, 49648
3346, 0.6215, 49662
3347, 0.6215, 49675
3348, 0.6215, 49690
3349, 0.6213, 49704
3350, 0.6214, 49718
3351, 0.6216, 49732
3352, 0.6215, 49747
3353, 0.6213, 49761
3354, 0.6218, 49775
3355, 0.6212, 49790
3356, 0.6214, 49804
3357, 0.6211, 49817
3358, 0.6213, 49832
3359, 0.6217, 49846
3360, 0.622, 49859
3361, 0.6216, 49874
3362, 0.6217, 49888
3363, 0.6219, 49903
3364, 0.6219, 49917
3365, 0.6217, 49931
3366, 0.6217, 49945
3367, 0.6216, 49959
3368, 0.6216, 49974
3369, 0.6218, 49988
3370, 0.6219, 50001
3371, 0.6219, 50015
3372, 0.6218, 50029
3373, 0.6219, 50043
3374, 0.6217, 50057
3375, 0.6219, 50071
3376, 0.622, 50084
3377, 0.6222, 50098
3378, 0.6218, 50112
3379, 0.6219, 50125
3380, 0.6223, 50139
3381, 0.622, 50154
3382, 0.6222, 50168
3383, 0.6222, 50182
3384, 0.6224, 50196
3385, 0.6224, 50211
3386, 0.6224, 50225
3387, 0.6226, 50239
3388, 0.6226, 50253
3389, 0.6224, 50267
3390, 0.6222, 50282
3391, 0.6225, 50296
3392, 0.6223, 50310
3393, 0.6226, 50325
3394, 0.6222, 50338
3395, 0.6226, 50352
3396, 0.6226, 50366
3397, 0.6226, 50380
3398, 0.6229, 50394
3399, 0.6227, 50407
3400, 0.6228, 50421
3401, 0.6228, 50435
3402, 0.6232, 50448
3403, 0.623, 50462
3404, 0.6231, 50476
3405, 0.6226, 50489
3406, 0.623, 50503
3407, 0.623, 50517
3408, 0.6233, 50531
3409, 0.6231, 50544
3410, 0.6234, 50558
3411, 0.6234, 50572
3412, 0.6232, 50586
3413, 0.6236, 50600
3414, 0.6235, 50615
3415, 0.6233, 50628
3416, 0.6232, 50642
3417, 0.6233, 50656
3418, 0.6239, 50670
3419, 0.6233, 50683
3420, 0.6233, 50697
3421, 0.6234, 50711
3422, 0.6235, 50725
3423, 0.6232, 50739
3424, 0.6234, 50752
3425, 0.6235, 50766
3426, 0.6234, 50780
3427, 0.6234, 50793
3428, 0.6232, 50807
3429, 0.6234, 50821
3430, 0.6233, 50834
3431, 0.6234, 50848
3432, 0.6237, 50862
3433, 0.6234, 50876
3434, 0.6234, 50890
3435, 0.6234, 50904
3436, 0.6233, 50918
3437, 0.6234, 50932
3438, 0.6236, 50946
3439, 0.6232, 50960
3440, 0.6232, 50974
3441, 0.623, 50988
3442, 0.6234, 51001
3443, 0.6232, 51015
3444, 0.6234, 51029
3445, 0.6233, 51044
3446, 0.6233, 51058
3447, 0.6235, 51072
3448, 0.6233, 51086
3449, 0.6233, 51100
3450, 0.6232, 51114
3451, 0.6234, 51128
3452, 0.6233, 51141
3453, 0.6233, 51155
3454, 0.6231, 51170
3455, 0.6235, 51184
3456, 0.6233, 51198
3457, 0.6233, 51212
3458, 0.6233, 51227
3459, 0.6232, 51241
3460, 0.6233, 51255
3461, 0.6236, 51269
3462, 0.6235, 51283
3463, 0.6234, 51297
3464, 0.6235, 51311
3465, 0.6234, 51325
3466, 0.6233, 51339
3467, 0.6235, 51353
3468, 0.6233, 51367
3469, 0.6236, 51382
3470, 0.6234, 51395
3471, 0.6236, 51409
3472, 0.6236, 51423
3473, 0.6238, 51437
3474, 0.6235, 51451
3475, 0.6233, 51465
3476, 0.6236, 51479
3477, 0.6237, 51493
3478, 0.6238, 51508
3479, 0.6236, 51522
3480, 0.6237, 51536
3481, 0.6235, 51550
3482, 0.6237, 51564
3483, 0.6235, 51578
3484, 0.6236, 51592
3485, 0.6236, 51605
3486, 0.6237, 51619
3487, 0.624, 51633
3488, 0.6238, 51648
3489, 0.6238, 51662
3490, 0.6238, 51676
3491, 0.6241, 51690
3492, 0.6241, 51704
3493, 0.6238, 51718
3494, 0.6238, 51732
3495, 0.6237, 51747
3496, 0.6241, 51760
3497, 0.6238, 51774
3498, 0.624, 51788
3499, 0.6239, 51802
3500, 0.6238, 51816
3501, 0.6238, 51830
3502, 0.6239, 51844
3503, 0.6238, 51858
3504, 0.6239, 51872
3505, 0.6239, 51886
3506, 0.6238, 51900
3507, 0.6238, 51914
3508, 0.6237, 51928
3509, 0.6241, 51941
3510, 0.624, 51955
3511, 0.624, 51969
3512, 0.6236, 51982
3513, 0.624, 51996
3514, 0.6239, 52010
3515, 0.6241, 52024
3516, 0.6241, 52037
3517, 0.624, 52051
3518, 0.6245, 52065
3519, 0.6245, 52079
3520, 0.6245, 52093
3521, 0.6242, 52106
3522, 0.6244, 52120
3523, 0.6245, 52134
3524, 0.6244, 52148
3525, 0.6246, 52161
3526, 0.6246, 52175
3527, 0.6246, 52189
3528, 0.6247, 52202
3529, 0.6247, 52216
3530, 0.6248, 52231
3531, 0.6247, 52245
3532, 0.6247, 52259
3533, 0.6248, 52273
3534, 0.6248, 52287
3535, 0.625, 52300
3536, 0.625, 52315
3537, 0.6251, 52328
3538, 0.6249, 52342
3539, 0.625, 52356
3540, 0.625, 52369
3541, 0.6248, 52383
3542, 0.625, 52397
3543, 0.6249, 52411
3544, 0.625, 52426
3545, 0.625, 52440
3546, 0.6251, 52455
3547, 0.6249, 52468
3548, 0.6249, 52482
3549, 0.6248, 52496
3550, 0.6249, 52510
3551, 0.6247, 52523
3552, 0.6246, 52537
3553, 0.6245, 52551
3554, 0.6248, 52565
3555, 0.6246, 52578
3556, 0.6248, 52592
3557, 0.6246, 52606
3558, 0.6247, 52620
3559, 0.6246, 52634
3560, 0.6248, 52648
3561, 0.6246, 52663
3562, 0.6245, 52677
3563, 0.6246, 52692
3564, 0.625, 52705
3565, 0.6247, 52719
3566, 0.625, 52733
3567, 0.6248, 52747
3568, 0.6249, 52761
3569, 0.6248, 52775
3570, 0.625, 52789
3571, 0.6247, 52803
3572, 0.6251, 52818
3573, 0.6251, 52832
3574, 0.6254, 52846
3575, 0.6252, 52860
3576, 0.6251, 52874
3577, 0.6253, 52889
3578, 0.6251, 52903
3579, 0.6251, 52917
3580, 0.6252, 52932
3581, 0.6251, 52946
3582, 0.6251, 52960
3583, 0.6252, 52974
3584, 0.6251, 52987
3585, 0.625, 53002
3586, 0.625, 53016
3587, 0.6249, 53030
3588, 0.625, 53044
3589, 0.6245, 53059
3590, 0.6247, 53073
3591, 0.6247, 53087
3592, 0.6247, 53101
3593, 0.6246, 53114
3594, 0.6245, 53128
3595, 0.6245, 53142
3596, 0.6244, 53156
3597, 0.6247, 53170
3598, 0.6245, 53184
3599, 0.6245, 53198
3600, 0.6245, 53212
3601, 0.6245, 53225
3602, 0.6246, 53239
3603, 0.6247, 53253
3604, 0.6247, 53266
3605, 0.6247, 53280
3606, 0.6245, 53294
3607, 0.6245, 53308
3608, 0.6244, 53323
3609, 0.6244, 53337
3610, 0.6244, 53351
3611, 0.6244, 53366
3612, 0.6244, 53380
3613, 0.6245, 53393
3614, 0.6245, 53407
3615, 0.6247, 53421
3616, 0.6245, 53435
3617, 0.6247, 53449
3618, 0.6245, 53463
3619, 0.6245, 53477
3620, 0.6243, 53491
3621, 0.6242, 53505
3622, 0.6246, 53519
3623, 0.6245, 53533
3624, 0.6247, 53547
3625, 0.6247, 53562
3626, 0.6251, 53576
3627, 0.6248, 53590
3628, 0.6248, 53605
3629, 0.6248, 53619
3630, 0.6248, 53633
3631, 0.6249, 53647
3632, 0.6248, 53661
3633, 0.6249, 53675
3634, 0.625, 53689
3635, 0.6249, 53704
3636, 0.6249, 53718
3637, 0.6243, 53732
3638, 0.6248, 53746
3639, 0.6246, 53761
3640, 0.6248, 53775
3641, 0.6247, 53790
3642, 0.6248, 53804
3643, 0.6246, 53818
3644, 0.625, 53832
3645, 0.6249, 53845
3646, 0.625, 53859
3647, 0.6246, 53873
3648, 0.6248, 53887
3649, 0.6244, 53901
3650, 0.6245, 53915
3651, 0.6245, 53929
3652, 0.6248, 53943
3653, 0.6243, 53957
3654, 0.6243, 53971
3655, 0.6244, 53985
3656, 0.6241, 53998
3657, 0.624, 54012
3658, 0.6241, 54026
3659, 0.6238, 54040
3660, 0.6241, 54054
3661, 0.624, 54068
3662, 0.6239, 54083
3663, 0.6238, 54097
3664, 0.6237, 54111
3665, 0.6239, 54124
3666, 0.6238, 54138
3667, 0.6239, 54152
3668, 0.6239, 54165
3669, 0.624, 54180
3670, 0.6238, 54193
3671, 0.6238, 54208
3672, 0.6243, 54222
3673, 0.6244, 54236
3674, 0.6244, 54250
3675, 0.6244, 54265
3676, 0.6245, 54279
3677, 0.6242, 54293
3678, 0.6245, 54307
3679, 0.6244, 54321
3680, 0.6248, 54336
3681, 0.6247, 54350
3682, 0.6246, 54364
3683, 0.6248, 54379
3684, 0.6247, 54393
3685, 0.6245, 54407
3686, 0.6247, 54421
3687, 0.6245, 54435
3688, 0.6244, 54448
3689, 0.6246, 54462
3690, 0.6241, 54476
3691, 0.6245, 54490
3692, 0.6244, 54504
3693, 0.6245, 54518
3694, 0.6244, 54532
3695, 0.6245, 54546
3696, 0.6245, 54561
3697, 0.6248, 54575
3698, 0.6243, 54589
3699, 0.6247, 54604
3700, 0.6244, 54618
3701, 0.6245, 54632
3702, 0.6243, 54647
3703, 0.6247, 54661
3704, 0.6247, 54676
3705, 0.6246, 54690
3706, 0.6245, 54704
3707, 0.6246, 54718
3708, 0.6245, 54732
3709, 0.6243, 54746
3710, 0.6245, 54760
3711, 0.6243, 54774
3712, 0.6244, 54789
3713, 0.6242, 54803
3714, 0.624, 54817
3715, 0.6242, 54830
3716, 0.6243, 54844
3717, 0.6241, 54858
3718, 0.6244, 54872
3719, 0.6244, 54886
3720, 0.6244, 54900
3721, 0.6244, 54914
3722, 0.6242, 54929
3723, 0.6241, 54943
3724, 0.6245, 54957
3725, 0.624, 54971
3726, 0.6241, 54986
3727, 0.6242, 55000
3728, 0.624, 55014
3729, 0.6239, 55029
3730, 0.6239, 55043
3731, 0.624, 55057
3732, 0.624, 55071
3733, 0.6241, 55086
3734, 0.6243, 55100
3735, 0.624, 55114
3736, 0.6241, 55129
3737, 0.6243, 55142
3738, 0.624, 55156
3739, 0.624, 55170
3740, 0.6237, 55184
3741, 0.6236, 55198
3742, 0.6236, 55213
3743, 0.6235, 55227
3744, 0.6234, 55241
3745, 0.6234, 55256
3746, 0.6237, 55269
3747, 0.6236, 55283
3748, 0.6236, 55297
3749, 0.6236, 55311
3750, 0.6236, 55325
3751, 0.6235, 55339
3752, 0.6235, 55352
3753, 0.6236, 55366
3754, 0.6237, 55380
3755, 0.6238, 55394
3756, 0.6238, 55409
3757, 0.6237, 55423
3758, 0.6237, 55437
3759, 0.624, 55452
3760, 0.624, 55466
3761, 0.624, 55480
3762, 0.6242, 55494
3763, 0.624, 55508
3764, 0.6239, 55522
3765, 0.624, 55535
3766, 0.6239, 55549
3767, 0.624, 55563
3768, 0.6239, 55577
3769, 0.6241, 55591
3770, 0.624, 55605
3771, 0.6239, 55619
3772, 0.6242, 55634
3773, 0.6243, 55648
3774, 0.6242, 55662
3775, 0.6243, 55676
3776, 0.6243, 55690
3777, 0.6241, 55704
3778, 0.6244, 55719
3779, 0.6246, 55733
3780, 0.6244, 55747
3781, 0.6242, 55761
3782, 0.6246, 55775
3783, 0.6243, 55789
3784, 0.6246, 55803
3785, 0.6244, 55817
3786, 0.6245, 55831
3787, 0.6242, 55846
3788, 0.6244, 55860
3789, 0.6242, 55873
3790, 0.6241, 55887
3791, 0.624, 55901
3792, 0.6242, 55914
3793, 0.6242, 55928
3794, 0.6243, 55942
3795, 0.6243, 55955
3796, 0.6241, 55969
3797, 0.6242, 55983
3798, 0.624, 55997
3799, 0.6242, 56011
3800, 0.6245, 56025
3801, 0.6244, 56039
3802, 0.6243, 56053
3803, 0.6242, 56068
3804, 0.6244, 56082
3805, 0.6241, 56097
3806, 0.6245, 56111
3807, 0.6243, 56125
3808, 0.6243, 56139
3809, 0.6241, 56153
3810, 0.6241, 56168
3811, 0.6239, 56182
3812, 0.6241, 56197
3813, 0.6241, 56211
3814, 0.624, 56226
3815, 0.624, 56240
3816, 0.624, 56255
3817, 0.6239, 56269
3818, 0.6242, 56284
3819, 0.6242, 56298
3820, 0.624, 56312
3821, 0.624, 56326
3822, 0.624, 56340
3823, 0.6241, 56355
3824, 0.6242, 56368
3825, 0.624, 56383
3826, 0.6239, 56397
3827, 0.6239, 56410
3828, 0.6239, 56424
3829, 0.6238, 56438
3830, 0.6237, 56452
3831, 0.6237, 56465
3832, 0.6237, 56479
3833, 0.6237, 56493
3834, 0.6236, 56507
3835, 0.6237, 56521
3836, 0.6235, 56534
3837, 0.6234, 56548
3838, 0.6232, 56563
3839, 0.6233, 56577
3840, 0.6234, 56590
3841, 0.6233, 56604
3842, 0.6234, 56618
3843, 0.6236, 56632
3844, 0.6234, 56645
3845, 0.6234, 56660
3846, 0.6229, 56674
3847, 0.623, 56687
3848, 0.6229, 56701
3849, 0.6227, 56714
3850, 0.6227, 56728
3851, 0.6226, 56742
3852, 0.6228, 56756
3853, 0.6225, 56770
3854, 0.6226, 56784
3855, 0.6227, 56798
3856, 0.6227, 56812
3857, 0.623, 56826
3858, 0.6228, 56840
3859, 0.623, 56854
3860, 0.623, 56868
3861, 0.623, 56882
3862, 0.6229, 56895
3863, 0.6228, 56909
3864, 0.6228, 56923
3865, 0.6228, 56937
3866, 0.6228, 56951
3867, 0.6226, 56965
3868, 0.6225, 56979
3869, 0.6228, 56993
3870, 0.6226, 57007
3871, 0.6225, 57021
3872, 0.6223, 57035
3873, 0.6227, 57049
3874, 0.6226, 57063
3875, 0.623, 57077
3876, 0.6226, 57091
3877, 0.623, 57105
3878, 0.6228, 57119
3879, 0.6229, 57133
3880, 0.623, 57147
3881, 0.6232, 57161
3882, 0.6232, 57175
3883, 0.6231, 57188
3884, 0.623, 57202
3885, 0.6228, 57216
3886, 0.623, 57230
3887, 0.623, 57244
3888, 0.6227, 57258
3889, 0.6231, 57272
3890, 0.6227, 57286
3891, 0.6229, 57299
3892, 0.6228, 57314
3893, 0.6228, 57328
3894, 0.6227, 57343
3895, 0.6225, 57357
3896, 0.6223, 57371
3897, 0.6226, 57384
3898, 0.6225, 57398
3899, 0.6227, 57413
3900, 0.6226, 57427
3901, 0.6224, 57441
3902, 0.6222, 57455
3903, 0.6224, 57469
3904, 0.6224, 57484
3905, 0.6224, 57498
3906, 0.6226, 57512
3907, 0.6224, 57526
3908, 0.6226, 57540
3909, 0.6225, 57554
3910, 0.6224, 57568
3911, 0.6223, 57582
3912, 0.6224, 57596
3913, 0.6223, 57611
3914, 0.6223, 57625
3915, 0.6227, 57639
3916, 0.6225, 57653
3917, 0.6226, 57667
3918, 0.6227, 57681
3919, 0.6226, 57695
3920, 0.6225, 57709
3921, 0.6227, 57722
3922, 0.6225, 57736
3923, 0.6226, 57750
3924, 0.6225, 57764
3925, 0.6226, 57778
3926, 0.6225, 57792
3927, 0.6225, 57806
3928, 0.6225, 57821
3929, 0.6226, 57835
3930, 0.6226, 57849
3931, 0.6228, 57862
3932, 0.6227, 57876
3933, 0.6227, 57890
3934, 0.6229, 57904
3935, 0.6227, 57918
3936, 0.6225, 57932
3937, 0.6226, 57946
3938, 0.6228, 57960
3939, 0.6228, 57974
3940, 0.623, 57988
3941, 0.6226, 58002
3942, 0.6229, 58016
3943, 0.6225, 58031
3944, 0.6229, 58045
3945, 0.6226, 58059
3946, 0.6228, 58073
3947, 0.6228, 58087
3948, 0.6226, 58101
3949, 0.6226, 58115
3950, 0.6223, 58129
3951, 0.6226, 58143
3952, 0.6226, 58157
3953, 0.6224, 58172
3954, 0.6223, 58186
3955, 0.6226, 58199
3956, 0.6225, 58213
3957, 0.6225, 58228
3958, 0.6223, 58242
3959, 0.6224, 58256
3960, 0.6225, 58271
3961, 0.6225, 58285
3962, 0.6221, 58299
3963, 0.6224, 58313
3964, 0.622, 58327
3965, 0.6223, 58341
3966, 0.6219, 58355
3967, 0.622, 58369
3968, 0.6219, 58384
3969, 0.6219, 58397
3970, 0.6215, 58411
3971, 0.6218, 58425
3972, 0.6216, 58439
3973, 0.6218, 58453
3974, 0.6214, 58467
3975, 0.6216, 58481
3976, 0.6215, 58495
3977, 0.6217, 58508
3978, 0.6216, 58522
3979, 0.6216, 58536
3980, 0.6215, 58550
3981, 0.6215, 58564
3982, 0.6214, 58579
3983, 0.6215, 58593
3984, 0.6214, 58607
3985, 0.6217, 58621
3986, 0.6215, 58635
3987, 0.6217, 58649
3988, 0.6215, 58663
3989, 0.6215, 58677
3990, 0.6218, 58691
3991, 0.6216, 58705
3992, 0.6216, 58719
3993, 0.6218, 58733
3994, 0.6214, 58747
3995, 0.6217, 58762
3996, 0.6214, 58777
3997, 0.6216, 58791
3998, 0.6213, 58805
3999, 0.6213, 58819
4000, 0.6211, 58833
4001, 0.6213, 58847
4002, 0.6212, 58861
4003, 0.6218, 58874
4004, 0.6216, 58889
4005, 0.6214, 58903
4006, 0.6215, 58916
4007, 0.6218, 58930
4008, 0.6217, 58944
4009, 0.6217, 58958
4010, 0.6216, 58972
4011, 0.6217, 58986
4012, 0.6217, 59000
4013, 0.6214, 59014
4014, 0.6216, 59029
4015, 0.6216, 59042
4016, 0.6217, 59057
4017, 0.6216, 59071
4018, 0.6219, 59085
4019, 0.6217, 59099
4020, 0.6216, 59113
4021, 0.622, 59127
4022, 0.6217, 59141
4023, 0.6219, 59154
4024, 0.6218, 59168
4025, 0.6218, 59182
4026, 0.6218, 59196
4027, 0.6221, 59210
4028, 0.6219, 59223
4029, 0.622, 59237
4030, 0.6221, 59251
4031, 0.6219, 59265
4032, 0.6218, 59279
4033, 0.6219, 59293
4034, 0.6219, 59307
4035, 0.6217, 59321
4036, 0.6219, 59334
4037, 0.6216, 59348
4038, 0.6216, 59362
4039, 0.6219, 59375
4040, 0.6218, 59389
4041, 0.6217, 59403
4042, 0.6217, 59417
4043, 0.6216, 59430
4044, 0.6216, 59444
4045, 0.6217, 59458
4046, 0.622, 59472
4047, 0.6217, 59486
4048, 0.6218, 59499
4049, 0.6218, 59513
4050, 0.6217, 59527
4051, 0.6216, 59540
4052, 0.6217, 59555
4053, 0.6217, 59569
4054, 0.6215, 59583
4055, 0.6217, 59597
4056, 0.6219, 59612
4057, 0.6218, 59626
4058, 0.6218, 59639
4059, 0.6217, 59653
4060, 0.6218, 59667
4061, 0.6219, 59681
4062, 0.6218, 59695
4063, 0.622, 59709
4064, 0.6219, 59722
4065, 0.622, 59736
4066, 0.6219, 59751
4067, 0.6218, 59765
4068, 0.6218, 59779
4069, 0.6219, 59793
4070, 0.6218, 59808
4071, 0.6217, 59822
4072, 0.6216, 59836
4073, 0.6219, 59850
4074, 0.6215, 59864
4075, 0.6218, 59878
4076, 0.6217, 59892
4077, 0.622, 59906
4078, 0.6214, 59920
4079, 0.6218, 59934
4080, 0.6214, 59948
4081, 0.6218, 59962
4082, 0.6217, 59976
4083, 0.6216, 59990
4084, 0.6211, 60004
4085, 0.6212, 60017
4086, 0.6217, 60031
4087, 0.6217, 60045
4088, 0.6214, 60059
4089, 0.6217, 60073
4090, 0.6215, 60087
4091, 0.6217, 60101
4092, 0.6217, 60116
4093, 0.6217, 60130
4094, 0.6215, 60144
4095, 0.6218, 60158
4096, 0.6216, 60172
4097, 0.6216, 60186
4098, 0.6216, 60199
4099, 0.6216, 60214
4100, 0.6216, 60228
4101, 0.6219, 60242
4102, 0.6214, 60256
4103, 0.6213, 60270
4104, 0.6214, 60284
4105, 0.6214, 60298
4106, 0.6215, 60312
4107, 0.6214, 60327
4108, 0.6213, 60341
4109, 0.6213, 60354
4110, 0.621, 60368
4111, 0.6211, 60382
4112, 0.6211, 60397
4113, 0.6215, 60411
4114, 0.6212, 60425
4115, 0.6212, 60439
4116, 0.6209, 60454
4117, 0.6213, 60468
4118, 0.6211, 60482
4119, 0.6214, 60497
4120, 0.6213, 60510
4121, 0.6214, 60524
4122, 0.6213, 60539
4123, 0.6215, 60552
4124, 0.6215, 60567
4125, 0.6215, 60581
4126, 0.6215, 60595
4127, 0.6213, 60608
4128, 0.6213, 60622
4129, 0.6213, 60636
4130, 0.6212, 60651
4131, 0.6213, 60665
4132, 0.6214, 60679
4133, 0.6214, 60693
4134, 0.6213, 60707
4135, 0.621, 60720
4136, 0.6209, 60734
4137, 0.6211, 60748
4138, 0.621, 60762
4139, 0.621, 60776
4140, 0.6213, 60790
4141, 0.6213, 60803
4142, 0.6212, 60817
4143, 0.6212, 60831
4144, 0.6213, 60845
4145, 0.6213, 60859
4146, 0.6212, 60873
4147, 0.6213, 60886
4148, 0.6211, 60900
4149, 0.6212, 60914
4150, 0.6212, 60928
4151, 0.6212, 60942
4152, 0.6212, 60955
4153, 0.6213, 60969
4154, 0.6213, 60983
4155, 0.6212, 60997
4156, 0.6211, 61011
4157, 0.6212, 61025
4158, 0.6213, 61039
4159, 0.6213, 61053
4160, 0.6211, 61067
4161, 0.6213, 61080
4162, 0.6212, 61094
4163, 0.6211, 61108
4164, 0.6213, 61122
4165, 0.621, 61137
4166, 0.6213, 61151
4167, 0.621, 61165
4168, 0.6207, 61179
4169, 0.621, 61193
4170, 0.6209, 61207
4171, 0.6208, 61220
4172, 0.6206, 61234
4173, 0.6204, 61248
4174, 0.62, 61262
4175, 0.62, 61276
4176, 0.62, 61290
4177, 0.6199, 61303
4178, 0.62, 61318
4179, 0.62, 61332
4180, 0.6198, 61346
4181, 0.6201, 61360
4182, 0.6197, 61373
4183, 0.6197, 61387
4184, 0.6197, 61401
4185, 0.6199, 61415
4186, 0.6199, 61429
4187, 0.62, 61443
4188, 0.6199, 61457
4189, 0.6198, 61472
4190, 0.6196, 61486
4191, 0.6196, 61500
4192, 0.6197, 61514
4193, 0.6196, 61527
4194, 0.6196, 61541
4195, 0.6196, 61555
4196, 0.6196, 61568
4197, 0.6195, 61582
4198, 0.6197, 61596
4199, 0.6194, 61609
4200, 0.6193, 61623
4201, 0.6193, 61638
4202, 0.6193, 61652
4203, 0.6193, 61666
4204, 0.6194, 61680
4205, 0.6195, 61694
4206, 0.6193, 61707
4207, 0.6194, 61721
4208, 0.6193, 61735
4209, 0.6193, 61749
4210, 0.6193, 61763
4211, 0.6194, 61777
4212, 0.6194, 61790
4213, 0.6193, 61804
4214, 0.6193, 61818
4215, 0.619, 61832
4216, 0.6192, 61845
4217, 0.6191, 61859
4218, 0.6194, 61873
4219, 0.6193, 61887
4220, 0.6193, 61901
4221, 0.6193, 61915
4222, 0.6193, 61929
4223, 0.6193, 61943
4224, 0.6191, 61957
4225, 0.6193, 61971
4226, 0.6191, 61986
4227, 0.619, 62000
4228, 0.619, 62013
4229, 0.619, 62027
4230, 0.6193, 62041
4231, 0.6188, 62055
4232, 0.6192, 62068
4233, 0.6189, 62083
4234, 0.6192, 62097
4235, 0.6188, 62111
4236, 0.619, 62126
4237, 0.6192, 62140
4238, 0.6192, 62153
4239, 0.6191, 62168
4240, 0.6188, 62181
4241, 0.6189, 62195
4242, 0.6189, 62209
4243, 0.6189, 62224
4244, 0.6189, 62238
4245, 0.6189, 62253
4246, 0.6189, 62267
4247, 0.619, 62281
4248, 0.6189, 62296
4249, 0.6189, 62310
4250, 0.6186, 62324
4251, 0.6185, 62338
4252, 0.6183, 62352
4253, 0.6183, 62366
4254, 0.6185, 62380
4255, 0.6181, 62394
4256, 0.6183, 62408
4257, 0.6181, 62422
4258, 0.6183, 62436
4259, 0.618, 62450
4260, 0.618, 62463
4261, 0.618, 62477
4262, 0.618, 62491
4263, 0.618, 62505
4264, 0.6178, 62519
4265, 0.6181, 62534
4266, 0.6182, 62548
4267, 0.618, 62562
4268, 0.6182, 62576
4269, 0.6181, 62590
4270, 0.6182, 62604
4271, 0.6182, 62618
4272, 0.6182, 62632
4273, 0.6182, 62646
4274, 0.6183, 62660
4275, 0.6182, 62674
4276, 0.6184, 62687
4277, 0.6181, 62701
4278, 0.6181, 62715
4279, 0.6183, 62729
4280, 0.6183, 62743
4281, 0.6183, 62757
4282, 0.6181, 62770
4283, 0.6181, 62784
4284, 0.6184, 62799
4285, 0.6183, 62813
4286, 0.6186, 62827
4287, 0.6185, 62842
4288, 0.6186, 62855
4289, 0.6184, 62869
4290, 0.6188, 62883
4291, 0.6183, 62898
4292, 0.6188, 62912
4293, 0.6186, 62927
4294, 0.6184, 62941
4295, 0.6186, 62956
4296, 0.6185, 62970
4297, 0.6186, 62984
4298, 0.6185, 62998
4299, 0.6187, 63012
4300, 0.6184, 63026
4301, 0.6187, 63040
4302, 0.6181, 63054
4303, 0.6186, 63068
4304, 0.6181, 63081
4305, 0.6186, 63095
4306, 0.6183, 63109
4307, 0.6184, 63124
4308, 0.6182, 63138
4309, 0.6184, 63153
4310, 0.6182, 63167
4311, 0.6183, 63180
4312, 0.6182, 63194
4313, 0.6182, 63208
4314, 0.6181, 63223
4315, 0.6181, 63237
4316, 0.6179, 63251
4317, 0.618, 63265
4318, 0.6177, 63280
4319, 0.6179, 63294
4320, 0.6179, 63308
4321, 0.618, 63322
4322, 0.618, 63336
4323, 0.6177, 63351
4324, 0.6177, 63365
4325, 0.6176, 63380
4326, 0.6175, 63394
4327, 0.6177, 63408
4328, 0.6176, 63422
4329, 0.6175, 63435
4330, 0.6175, 63449
4331, 0.6173, 63463
4332, 0.6176, 63476
4333, 0.6173, 63490
4334, 0.6175, 63504
4335, 0.6173, 63518
4336, 0.6174, 63532
4337, 0.6174, 63545
4338, 0.6174, 63559
4339, 0.6175, 63573
4340, 0.6174, 63587
4341, 0.6174, 63601
4342, 0.6174, 63614
4343, 0.6174, 63628
4344, 0.6176, 63642
4345, 0.6175, 63656
4346, 0.6175, 63670
4347, 0.6176, 63684
4348, 0.6175, 63699
4349, 0.6177, 63713
4350, 0.6176, 63727
4351, 0.6175, 63741
4352, 0.6176, 63755
4353, 0.6177, 63769
4354, 0.6179, 63783
4355, 0.6179, 63797
4356, 0.618, 63811
4357, 0.6179, 63825
4358, 0.6181, 63839
4359, 0.6178, 63853
4360, 0.6183, 63868
4361, 0.6183, 63882
4362, 0.6183, 63897
4363, 0.6185, 63911
4364, 0.6181, 63926
4365, 0.6183, 63940
4366, 0.6184, 63955
4367, 0.6183, 63969
4368, 0.6181, 63983
4369, 0.618, 63998
4370, 0.6184, 64012
4371, 0.6182, 64026
4372, 0.6184, 64040
4373, 0.6181, 64053
4374, 0.6179, 64067
4375, 0.6181, 64082
4376, 0.6181, 64096
4377, 0.618, 64110
4378, 0.6179, 64124
4379, 0.6177, 64138
4380, 0.6178, 64152
4381, 0.6176, 64166
4382, 0.6178, 64179
4383, 0.6177, 64193
4384, 0.6178, 64207
4385, 0.6179, 64221
4386, 0.618, 64235
4387, 0.6179, 64248
4388, 0.618, 64262
4389, 0.6181, 64276
4390, 0.6181, 64289
4391, 0.6181, 64303
4392, 0.618, 64317
4393, 0.6176, 64331
4394, 0.6179, 64344
4395, 0.6178, 64358
4396, 0.6177, 64372
4397, 0.6181, 64386
4398, 0.6181, 64399
4399, 0.6181, 64414
4400, 0.6179, 64428
4401, 0.6183, 64442
4402, 0.6183, 64455
4403, 0.6183, 64469
4404, 0.6181, 64483
4405, 0.6185, 64497
4406, 0.6183, 64511
4407, 0.6185, 64525
4408, 0.6185, 64539
4409, 0.6183, 64553
4410, 0.6185, 64567
4411, 0.6182, 64582
4412, 0.6186, 64596
4413, 0.6185, 64610
4414, 0.6184, 64625
4415, 0.6183, 64639
4416, 0.6182, 64653
4417, 0.6188, 64667
4418, 0.6185, 64682
4419, 0.6187, 64696
4420, 0.6186, 64710
4421, 0.6185, 64724
4422, 0.6183, 64737
4423, 0.6189, 64751
4424, 0.6184, 64765
4425, 0.6184, 64779
4426, 0.6183, 64793
4427, 0.6182, 64807
4428, 0.6183, 64820
4429, 0.6183, 64834
4430, 0.6183, 64848
4431, 0.6182, 64861
4432, 0.6183, 64875
4433, 0.6179, 64890
4434, 0.6185, 64904
4435, 0.6183, 64918
4436, 0.6187, 64933
4437, 0.6185, 64946
4438, 0.6187, 64960
4439, 0.6186, 64973
4440, 0.6191, 64987
4441, 0.6186, 65001
4442, 0.6189, 65015
4443, 0.6186, 65029
4444, 0.6186, 65043
4445, 0.6185, 65056
4446, 0.6187, 65070
4447, 0.6187, 65084
4448, 0.6187, 65098
4449, 0.6183, 65111
4450, 0.6181, 65125
4451, 0.618, 65139
4452, 0.6184, 65152
4453, 0.6181, 65166
4454, 0.6186, 65180
4455, 0.6183, 65193
4456, 0.6182, 65207
4457, 0.6182, 65221
4458, 0.6185, 65234
4459, 0.6183, 65248
4460, 0.6186, 65262
4461, 0.6186, 65276
4462, 0.6186, 65290
4463, 0.6186, 65304
4464, 0.6187, 65318
4465, 0.6189, 65332
4466, 0.6187, 65346
4467, 0.6189, 65360
4468, 0.619, 65374
4469, 0.6186, 65388
4470, 0.6185, 65403
4471, 0.6189, 65417
4472, 0.6186, 65430
4473, 0.6188, 65444
4474, 0.6185, 65458
4475, 0.6187, 65472
4476, 0.6189, 65486
4477, 0.6187, 65500
4478, 0.6188, 65514
4479, 0.6192, 65527
4480, 0.619, 65541
4481, 0.6189, 65555
4482, 0.6186, 65569
4483, 0.6184, 65583
4484, 0.6186, 65597
4485, 0.6187, 65612
4486, 0.6186, 65626
4487, 0.6183, 65640
4488, 0.6182, 65654
4489, 0.6186, 65667
4490, 0.6182, 65681
4491, 0.6184, 65695
4492, 0.6183, 65709
4493, 0.6183, 65723
4494, 0.6182, 65737
4495, 0.6182, 65751
4496, 0.6183, 65766
4497, 0.618, 65780
4498, 0.6185, 65794
4499, 0.6184, 65809
4500, 0.6186, 65823
4501, 0.6187, 65837
4502, 0.6187, 65850
4503, 0.6187, 65864
4504, 0.619, 65878
4505, 0.6189, 65892
4506, 0.6193, 65905
4507, 0.6187, 65919
4508, 0.6188, 65934
4509, 0.6182, 65948
4510, 0.6184, 65963
4511, 0.618, 65977
4512, 0.6185, 65991
4513, 0.618, 66006
4514, 0.6185, 66020
4515, 0.618, 66034
4516, 0.6186, 66047
4517, 0.6183, 66061
4518, 0.6185, 66075
4519, 0.6184, 66089
4520, 0.6184, 66104
4521, 0.6178, 66118
4522, 0.6181, 66133
4523, 0.6181, 66147
4524, 0.6183, 66162
4525, 0.6181, 66176
4526, 0.618, 66190
4527, 0.6179, 66204
4528, 0.6179, 66218
4529, 0.6177, 66232
4530, 0.6179, 66246
4531, 0.6178, 66260
4532, 0.6178, 66274
4533, 0.6178, 66288
4534, 0.6178, 66302
4535, 0.6177, 66316
4536, 0.6176, 66330
4537, 0.6177, 66344
4538, 0.6178, 66358
4539, 0.6177, 66372
4540, 0.6178, 66386
4541, 0.6175, 66400
4542, 0.6175, 66415
4543, 0.6175, 66429
4544, 0.6176, 66444
4545, 0.6176, 66458
4546, 0.6178, 66473
4547, 0.6177, 66487
4548, 0.6179, 66501
4549, 0.6177, 66515
4550, 0.6175, 66529
4551, 0.6176, 66543
4552, 0.6175, 66557
4553, 0.6178, 66571
4554, 0.6177, 66586
4555, 0.6176, 66600
4556, 0.6178, 66614
4557, 0.6176, 66629
4558, 0.6176, 66642
4559, 0.6175, 66656
4560, 0.6175, 66670
4561, 0.6175, 66684
4562, 0.6174, 66698
4563, 0.6174, 66712
4564, 0.6173, 66726
4565, 0.6174, 66740
4566, 0.6172, 66754
4567, 0.6172, 66768
4568, 0.6173, 66782
4569, 0.6173, 66796
4570, 0.617, 66809
4571, 0.6172, 66824
4572, 0.6169, 66838
4573, 0.6169, 66853
4574, 0.6169, 66867
4575, 0.617, 66881
4576, 0.617, 66896
4577, 0.6169, 66910
4578, 0.617, 66924
4579, 0.6171, 66938
4580, 0.617, 66952
4581, 0.617, 66966
4582, 0.6169, 66981
4583, 0.6172, 66995
4584, 0.617, 67009
4585, 0.6169, 67023
4586, 0.6171, 67037
4587, 0.6171, 67051
4588, 0.617, 67064
4589, 0.617, 67078
4590, 0.6173, 67092
4591, 0.6172, 67106
4592, 0.6171, 67120
4593, 0.6173, 67134
4594, 0.6173, 67147
4595, 0.6175, 67161
4596, 0.6176, 67175
4597, 0.6173, 67189
4598, 0.6172, 67203
4599, 0.617, 67218
4600, 0.6168, 67232
4601, 0.6168, 67245
4602, 0.6169, 67259
4603, 0.617, 67273
4604, 0.6166, 67287
4605, 0.617, 67301
4606, 0.6166, 67314
4607, 0.617, 67328
4608, 0.6169, 67342
4609, 0.6168, 67356
4610, 0.6168, 67371
4611, 0.6169, 67385
4612, 0.6168, 67400
4613, 0.6167, 67414
4614, 0.6167, 67428
4615, 0.617, 67441
4616, 0.6167, 67455
4617, 0.6167, 67469
4618, 0.6166, 67484
4619, 0.6167, 67498
4620, 0.6167, 67512
4621, 0.6166, 67526
4622, 0.6163, 67539
4623, 0.6163, 67553
4624, 0.6161, 67567
4625, 0.6161, 67581
4626, 0.6161, 67595
4627, 0.6161, 67609
4628, 0.6159, 67622
4629, 0.6163, 67636
4630, 0.6161, 67650
4631, 0.6161, 67664
4632, 0.6161, 67678
4633, 0.6161, 67691
4634, 0.6161, 67706
4635, 0.6158, 67720
4636, 0.616, 67735
4637, 0.6159, 67749
4638, 0.6158, 67763
4639, 0.616, 67777
4640, 0.6162, 67791
4641, 0.6161, 67805
4642, 0.6162, 67819
4643, 0.6162, 67832
4644, 0.6161, 67847
4645, 0.6163, 67861
4646, 0.6158, 67875
4647, 0.6161, 67889
4648, 0.6162, 67903
4649, 0.6158, 67917
4650, 0.6161, 67930
4651, 0.6156, 67944
4652, 0.6158, 67958
4653, 0.6158, 67971
4654, 0.6158, 67985
4655, 0.6157, 67999
4656, 0.6157, 68013
4657, 0.6154, 68027
4658, 0.616, 68041
4659, 0.616, 68056
4660, 0.6158, 68069
4661, 0.6155, 68084
4662, 0.6159, 68098
4663, 0.6156, 68112
4664, 0.6161, 68126
4665, 0.6157, 68140
4666, 0.6159, 68154
4667, 0.6152, 68169
4668, 0.6159, 68183
4669, 0.6155, 68198
4670, 0.6157, 68212
4671, 0.6157, 68226
4672, 0.6158, 68241
4673, 0.6157, 68255
4674, 0.6158, 68269
4675, 0.6156, 68284
4676, 0.6159, 68298
4677, 0.6159, 68313
4678, 0.616, 68327
4679, 0.6158, 68341
4680, 0.6156, 68354
4681, 0.616, 68368
4682, 0.616, 68382
4683, 0.6162, 68397
4684, 0.6161, 68410
4685, 0.6164, 68424
4686, 0.6159, 68439
4687, 0.6159, 68452
4688, 0.6159, 68466
4689, 0.6156, 68481
4690, 0.6159, 68495
4691, 0.6155, 68509
4692, 0.6156, 68522
4693, 0.6157, 68536
4694, 0.6153, 68550
4695, 0.6158, 68564
4696, 0.6157, 68578
4697, 0.6152, 68591
4698, 0.6157, 68605
4699, 0.6156, 68620
4700, 0.6155, 68634
4701, 0.6155, 68648
4702, 0.6157, 68661
4703, 0.6157, 68676
4704, 0.6156, 68690
4705, 0.6158, 68704
4706, 0.6155, 68718
4707, 0.6158, 68731
4708, 0.6156, 68745
4709, 0.6156, 68759
4710, 0.6159, 68772
4711, 0.6154, 68786
4712, 0.6156, 68800
4713, 0.6153, 68814
4714, 0.6158, 68827
4715, 0.6153, 68842
4716, 0.6157, 68858
4717, 0.6151, 68872
4718, 0.6152, 68886
4719, 0.6151, 68900
4720, 0.6153, 68914
4721, 0.6152, 68928
4722, 0.6155, 68942
4723, 0.6148, 68956
4724, 0.6149, 68970
4725, 0.6145, 68984
4726, 0.6146, 68998
4727, 0.6144, 69011
4728, 0.6143, 69025
4729, 0.6144, 69040
4730, 0.6141, 69054
4731, 0.6141, 69067
4732, 0.6143, 69081
4733, 0.6144, 69095
4734, 0.6141, 69109
4735, 0.6141, 69124
4736, 0.6143, 69138
4737, 0.6144, 69152
4738, 0.6144, 69166
4739, 0.6146, 69181
4740, 0.6142, 69195
4741, 0.6141, 69209
4742, 0.6143, 69223
4743, 0.6144, 69237
4744, 0.6141, 69251
4745, 0.6142, 69264
4746, 0.6137, 69278
4747, 0.6143, 69292
4748, 0.6139, 69306
4749, 0.614, 69320
4750, 0.6138, 69333
4751, 0.6139, 69347
4752, 0.6139, 69361
4753, 0.6141, 69375
4754, 0.6136, 69388
4755, 0.6139, 69402
4756, 0.6137, 69417
4757, 0.6139, 69431
4758, 0.6137, 69445
4759, 0.6135, 69459
4760, 0.6136, 69473
4761, 0.6138, 69487
4762, 0.6136, 69501
4763, 0.6138, 69515
4764, 0.6135, 69529
4765, 0.6138, 69544
4766, 0.6132, 69558
4767, 0.6131, 69573
4768, 0.6131, 69587
4769, 0.6131, 69601
4770, 0.613, 69615
4771, 0.6131, 69629
4772, 0.6127, 69644
4773, 0.6131, 69658
4774, 0.6131, 69672
4775, 0.6129, 69687
4776, 0.613, 69701
4777, 0.6127, 69715
4778, 0.613, 69728
4779, 0.6127, 69742
4780, 0.6126, 69756
4781, 0.6131, 69770
4782, 0.6127, 69784
4783, 0.6125, 69798
4784, 0.6126, 69812
4785, 0.613, 69826
4786, 0.6128, 69840
4787, 0.6128, 69854
4788, 0.6126, 69868
4789, 0.6128, 69882
4790, 0.6129, 69896
4791, 0.6128, 69910
4792, 0.6128, 69924
4793, 0.6131, 69938
4794, 0.6127, 69952
4795, 0.6128, 69966
4796, 0.6126, 69979
4797, 0.6129, 69993
4798, 0.6128, 70007
4799, 0.6131, 70021
4800, 0.6127, 70035
4801, 0.6129, 70048
4802, 0.6126, 70062
4803, 0.6127, 70076
4804, 0.6126, 70090
4805, 0.6128, 70104
4806, 0.6125, 70118
4807, 0.6125, 70132
4808, 0.6126, 70147
4809, 0.6127, 70161
4810, 0.6126, 70174
4811, 0.6126, 70188
4812, 0.6126, 70202
4813, 0.6127, 70216
4814, 0.6127, 70231
4815, 0.6128, 70245
4816, 0.6129, 70259
4817, 0.6128, 70273
4818, 0.6129, 70287
4819, 0.6129, 70301
4820, 0.6131, 70315
4821, 0.6126, 70329
4822, 0.6128, 70343
4823, 0.6126, 70356
4824, 0.6127, 70370
4825, 0.6127, 70385
4826, 0.6127, 70398
4827, 0.6129, 70412
4828, 0.6127, 70426
4829, 0.6126, 70441
4830, 0.6125, 70455
4831, 0.6126, 70469
4832, 0.6125, 70483
4833, 0.6124, 70498
4834, 0.6127, 70511
4835, 0.6122, 70526
4836, 0.6126, 70540
4837, 0.6122, 70554
4838, 0.6122, 70568
4839, 0.6121, 70582
4840, 0.6122, 70596
4841, 0.6125, 70610
4842, 0.6123, 70624
4843, 0.6126, 70638
4844, 0.6123, 70652
4845, 0.6123, 70666
4846, 0.6123, 70680
4847, 0.6121, 70694
4848, 0.6125, 70708
4849, 0.6126, 70723
4850, 0.6125, 70737
4851, 0.6126, 70752
4852, 0.6124, 70766
4853, 0.6126, 70781
4854, 0.6123, 70794
4855, 0.6123, 70808
4856, 0.6126, 70822
4857, 0.6125, 70836
4858, 0.6125, 70850
4859, 0.6124, 70864
4860, 0.6125, 70877
4861, 0.6125, 70891
4862, 0.6122, 70905
4863, 0.6119, 70919
4864, 0.612, 70933
4865, 0.6123, 70947
4866, 0.6121, 70961
4867, 0.6122, 70974
4868, 0.612, 70988
4869, 0.6119, 71002
4870, 0.6124, 71017
4871, 0.6118, 71032
4872, 0.612, 71046
4873, 0.6116, 71060
4874, 0.612, 71073
4875, 0.612, 71087
4876, 0.612, 71101
4877, 0.612, 71114
4878, 0.6122, 71128
4879, 0.6123, 71142
4880, 0.6124, 71155
4881, 0.6124, 71169
4882, 0.6124, 71183
4883, 0.6124, 71198
4884, 0.6123, 71212
4885, 0.6123, 71226
4886, 0.6121, 71240
4887, 0.6124, 71255
4888, 0.6121, 71269
4889, 0.6124, 71283
4890, 0.6122, 71297
4891, 0.6121, 71310
4892, 0.6123, 71325
4893, 0.6126, 71339
4894, 0.612, 71354
4895, 0.6123, 71368
4896, 0.6121, 71382
4897, 0.6122, 71396
4898, 0.612, 71410
4899, 0.6123, 71424
4900, 0.6121, 71438
4901, 0.6121, 71452
4902, 0.612, 71467
4903, 0.6123, 71481
4904, 0.6115, 71495
4905, 0.6116, 71509
4906, 0.6116, 71524
4907, 0.6118, 71538
4908, 0.6114, 71552
4909, 0.6115, 71566
4910, 0.6116, 71580
4911, 0.6119, 71594
4912, 0.6119, 71608
4913, 0.6116, 71622
4914, 0.6112, 71636
4915, 0.6114, 71650
4916, 0.6112, 71664
4917, 0.6115, 71679
4918, 0.6115, 71693
4919, 0.612, 71707
4920, 0.6117, 71722
4921, 0.6121, 71736
4922, 0.6121, 71750
4923, 0.6121, 71764
4924, 0.6119, 71778
4925, 0.6119, 71792
4926, 0.6117, 71806
4927, 0.612, 71820
4928, 0.6118, 71833
4929, 0.6122, 71847
4930, 0.6121, 71861
4931, 0.612, 71875
4932, 0.6121, 71890
4933, 0.6123, 71904
4934, 0.6122, 71918
4935, 0.6122, 71933
4936, 0.6118, 71947
4937, 0.6126, 71960
4938, 0.6118, 71974
4939, 0.6114, 71988
4940, 0.6115, 72002
4941, 0.6115, 72016
4942, 0.6118, 72030
4943, 0.6116, 72044
4944, 0.6121, 72058
4945, 0.6118, 72072
4946, 0.6118, 72086
4947, 0.6117, 72100
4948, 0.6117, 72113
4949, 0.612, 72127
4950, 0.6122, 72142
4951, 0.612, 72156
4952, 0.6122, 72170
4953, 0.6123, 72184
4954, 0.6121, 72197
4955, 0.6127, 72211
4956, 0.612, 72225
4957, 0.6122, 72240
4958, 0.6123, 72254
4959, 0.6122, 72268
4960, 0.6122, 72282
4961, 0.6121, 72296
4962, 0.6114, 72310
4963, 0.6121, 72324
4964, 0.6118, 72338
4965, 0.6123, 72352
4966, 0.6119, 72366
4967, 0.6123, 72380
4968, 0.6114, 72393
4969, 0.612, 72408
4970, 0.6114, 72422
4971, 0.6119, 72436
4972, 0.6118, 72450
4973, 0.6118, 72464
4974, 0.6116, 72479
4975, 0.6117, 72493
4976, 0.6115, 72508
4977, 0.612, 72522
4978, 0.6114, 72536
4979, 0.6116, 72551
4980, 0.6114, 72566
4981, 0.6114, 72580
4982, 0.6112, 72593
4983, 0.6112, 72607
4984, 0.611, 72621
4985, 0.6111, 72636
4986, 0.611, 72650
4987, 0.6112, 72664
4988, 0.6111, 72678
4989, 0.6111, 72692
4990, 0.611, 72705
4991, 0.6115, 72719
4992, 0.6112, 72733
4993, 0.6112, 72747
4994, 0.6113, 72761
4995, 0.611, 72775
4996, 0.6115, 72789
4997, 0.6118, 72804
4998, 0.6116, 72818
4999, 0.6116, 72832
5000, 0.6115, 72847
