1, 0.0941, 27
2, 0.0942, 45
3, 0.0939, 62
4, 0.0948, 80
5, 0.096, 97
6, 0.0965, 116
7, 0.0961, 134
8, 0.0961, 152
9, 0.0964, 170
10, 0.097, 188
11, 0.0974, 206
12, 0.0975, 224
13, 0.0983, 242
14, 0.0987, 260
15, 0.0988, 278
16, 0.0991, 295
17, 0.0997, 313
18, 0.0995, 331
19, 0.0997, 349
20, 0.1001, 367
21, 0.1004, 385
22, 0.1001, 403
23, 0.1005, 421
24, 0.1007, 438
25, 0.1006, 456
26, 0.1003, 475
27, 0.1002, 493
28, 0.1004, 511
29, 0.1014, 528
30, 0.1008, 546
31, 0.1006, 564
32, 0.1009, 582
33, 0.1011, 599
34, 0.1012, 617
35, 0.1011, 635
36, 0.1009, 653
37, 0.1009, 670
38, 0.1008, 688
39, 0.1009, 706
40, 0.1013, 723
41, 0.1012, 741
42, 0.1009, 759
43, 0.1006, 777
44, 0.1007, 795
45, 0.1006, 813
46, 0.101, 831
47, 0.101, 848
48, 0.1012, 866
49, 0.1013, 884
50, 0.1037, 901
51, 0.1054, 919
52, 0.1072, 937
53, 0.1093, 954
54, 0.1115, 972
55, 0.114, 990
56, 0.116, 1008
57, 0.1184, 1026
58, 0.1218, 1044
59, 0.1267, 1062
60, 0.1296, 1080
61, 0.1323, 1098
62, 0.1353, 1116
63, 0.1364, 1133
64, 0.1387, 1151
65, 0.1415, 1169
66, 0.1434, 1187
67, 0.1452, 1205
68, 0.148, 1222
69, 0.1491, 1241
70, 0.1509, 1259
71, 0.1514, 1277
72, 0.1502, 1295
73, 0.1507, 1313
74, 0.1503, 1330
75, 0.1515, 1349
76, 0.1504, 1366
77, 0.151, 1384
78, 0.1511, 1401
79, 0.1498, 1419
80, 0.1494, 1437
81, 0.148, 1455
82, 0.1477, 1472
83, 0.1477, 1490
84, 0.1479, 1508
85, 0.1495, 1526
86, 0.1498, 1543
87, 0.1507, 1561
88, 0.152, 1579
89, 0.1529, 1597
90, 0.153, 1614
91, 0.1527, 1632
92, 0.1541, 1650
93, 0.1556, 1667
94, 0.1554, 1685
95, 0.1549, 1702
96, 0.1574, 1720
97, 0.159, 1738
98, 0.1606, 1755
99, 0.1636, 1773
100, 0.1664, 1790
101, 0.1692, 1808
102, 0.1732, 1826
103, 0.176, 1844
104, 0.1797, 1862
105, 0.1836, 1880
106, 0.1865, 1897
107, 0.1872, 1916
108, 0.189, 1933
109, 0.1912, 1951
110, 0.1933, 1969
111, 0.1957, 1987
112, 0.1984, 2004
113, 0.2001, 2022
114, 0.2028, 2039
115, 0.204, 2057
116, 0.2086, 2075
117, 0.2119, 2092
118, 0.2138, 2111
119, 0.2155, 2129
120, 0.2171, 2146
121, 0.2197, 2164
122, 0.2214, 2182
123, 0.2248, 2200
124, 0.2263, 2217
125, 0.2284, 2235
126, 0.2303, 2253
127, 0.2332, 2270
128, 0.2357, 2288
129, 0.2371, 2306
130, 0.2391, 2323
131, 0.2408, 2341
132, 0.243, 2358
133, 0.2477, 2373
134, 0.2506, 2386
135, 0.2539, 2400
136, 0.256, 2414
137, 0.2571, 2428
138, 0.2576, 2442
139, 0.2581, 2456
140, 0.2589, 2470
141, 0.2598, 2484
142, 0.2607, 2497
143, 0.2607, 2511
144, 0.2619, 2525
145, 0.2634, 2539
146, 0.2651, 2552
147, 0.2658, 2567
148, 0.2669, 2581
149, 0.2684, 2595
150, 0.269, 2609
151, 0.2682, 2624
152, 0.2692, 2638
153, 0.2692, 2651
154, 0.2695, 2666
155, 0.2699, 2680
156, 0.2713, 2695
157, 0.2727, 2709
158, 0.2741, 2723
159, 0.2746, 2737
160, 0.2764, 2750
161, 0.2771, 2765
162, 0.2774, 2779
163, 0.2797, 2793
164, 0.2812, 2807
165, 0.282, 2821
166, 0.2824, 2836
167, 0.2829, 2850
168, 0.2833, 2864
169, 0.2848, 2878
170, 0.2861, 2892
171, 0.2872, 2906
172, 0.2885, 2920
173, 0.2901, 2934
174, 0.2921, 2948
175, 0.2931, 2962
176, 0.2936, 2976
177, 0.2934, 2990
178, 0.2939, 3004
179, 0.2949, 3018
180, 0.2944, 3032
181, 0.2961, 3046
182, 0.2962, 3060
183, 0.2971, 3074
184, 0.2977, 3089
185, 0.2993, 3103
186, 0.299, 3117
187, 0.2999, 3130
188, 0.3018, 3144
189, 0.3022, 3158
190, 0.303, 3172
191, 0.3046, 3186
192, 0.305, 3200
193, 0.3061, 3214
194, 0.3064, 3228
195, 0.3076, 3243
196, 0.3091, 3257
197, 0.3094, 3271
198, 0.3107, 3285
199, 0.3104, 3299
200, 0.3111, 3313
201, 0.3124, 3328
202, 0.3135, 3342
203, 0.3146, 3356
204, 0.3152, 3370
205, 0.3166, 3384
206, 0.3169, 3398
207, 0.3183, 3413
208, 0.3183, 3430
209, 0.3198, 3448
210, 0.3213, 3466
211, 0.3219, 3483
212, 0.3228, 3501
213, 0.3235, 3515
214, 0.3254, 3529
215, 0.3262, 3543
216, 0.3269, 3557
217, 0.3276, 3570
218, 0.3283, 3585
219, 0.3291, 3599
220, 0.3289, 3614
221, 0.3295, 3628
222, 0.3305, 3643
223, 0.3306, 3657
224, 0.3315, 3671
225, 0.3324, 3685
226, 0.3336, 3699
227, 0.3347, 3712
228, 0.3354, 3726
229, 0.3367, 3740
230, 0.3368, 3754
231, 0.3375, 3769
232, 0.338, 3783
233, 0.3386, 3797
234, 0.3395, 3811
235, 0.3416, 3825
236, 0.3431, 3838
237, 0.3433, 3853
238, 0.3437, 3867
239, 0.3444, 3880
240, 0.3449, 3894
241, 0.3458, 3908
242, 0.3465, 3921
243, 0.3476, 3935
244, 0.3483, 3949
245, 0.349, 3963
246, 0.3494, 3977
247, 0.3502, 3991
248, 0.3505, 4005
249, 0.351, 4020
250, 0.3518, 4034
251, 0.3523, 4049
252, 0.3536, 4063
253, 0.3548, 4077
254, 0.3559, 4091
255, 0.3567, 4105
256, 0.3567, 4119
257, 0.3576, 4134
258, 0.3587, 4148
259, 0.3589, 4162
260, 0.3599, 4176
261, 0.36, 4190
262, 0.3602, 4205
263, 0.3602, 4219
264, 0.3602, 4233
265, 0.361, 4247
266, 0.3619, 4261
267, 0.3614, 4275
268, 0.3625, 4289
269, 0.362, 4304
270, 0.3634, 4318
271, 0.3635, 4332
272, 0.3644, 4345
273, 0.3656, 4359
274, 0.366, 4373
275, 0.3668, 4387
276, 0.3673, 4401
277, 0.3683, 4415
278, 0.3691, 4429
279, 0.3696, 4443
280, 0.3701, 4457
281, 0.3704, 4471
282, 0.3708, 4485
283, 0.3717, 4499
284, 0.3726, 4513
285, 0.3738, 4528
286, 0.375, 4542
287, 0.3755, 4557
288, 0.3764, 4571
289, 0.3769, 4585
290, 0.3772, 4598
291, 0.3778, 4612
292, 0.3783, 4626
293, 0.3786, 4640
294, 0.3799, 4654
295, 0.3804, 4668
296, 0.3815, 4682
297, 0.3821, 4695
298, 0.3827, 4709
299, 0.3832, 4723
300, 0.3832, 4737
301, 0.383, 4750
302, 0.3841, 4764
303, 0.384, 4778
304, 0.3849, 4791
305, 0.3846, 4806
306, 0.385, 4820
307, 0.386, 4835
308, 0.3871, 4849
309, 0.3878, 4862
310, 0.3883, 4877
311, 0.3888, 4890
312, 0.3897, 4904
313, 0.392, 4918
314, 0.393, 4933
315, 0.3937, 4947
316, 0.3943, 4962
317, 0.3946, 4976
318, 0.3952, 4991
319, 0.3957, 5005
320, 0.3964, 5020
321, 0.397, 5034
322, 0.3977, 5048
323, 0.3977, 5062
324, 0.3985, 5075
325, 0.3989, 5090
326, 0.4, 5104
327, 0.4006, 5118
328, 0.4013, 5133
329, 0.4021, 5146
330, 0.403, 5160
331, 0.4037, 5174
332, 0.404, 5187
333, 0.4034, 5201
334, 0.4035, 5215
335, 0.4037, 5229
336, 0.4039, 5243
337, 0.404, 5256
338, 0.4049, 5270
339, 0.4052, 5284
340, 0.4058, 5298
341, 0.4061, 5312
342, 0.4058, 5326
343, 0.4062, 5340
344, 0.4068, 5354
345, 0.407, 5368
346, 0.4072, 5381
347, 0.408, 5395
348, 0.408, 5410
349, 0.4083, 5424
350, 0.4093, 5438
351, 0.4095, 5452
352, 0.4094, 5466
353, 0.4096, 5479
354, 0.4096, 5493
355, 0.4098, 5507
356, 0.4103, 5521
357, 0.411, 5535
358, 0.4109, 5549
359, 0.4115, 5562
360, 0.4123, 5576
361, 0.4125, 5591
362, 0.4133, 5605
363, 0.4143, 5619
364, 0.4145, 5632
365, 0.4153, 5646
366, 0.4161, 5660
367, 0.4167, 5674
368, 0.4166, 5687
369, 0.4173, 5701
370, 0.4181, 5715
371, 0.4185, 5728
372, 0.4186, 5743
373, 0.4185, 5758
374, 0.4188, 5772
375, 0.4192, 5787
376, 0.4199, 5802
377, 0.4202, 5817
378, 0.4215, 5831
379, 0.4217, 5846
380, 0.4223, 5860
381, 0.423, 5874
382, 0.4228, 5889
383, 0.4236, 5903
384, 0.4243, 5917
385, 0.4245, 5931
386, 0.4247, 5946
387, 0.4255, 5960
388, 0.426, 5974
389, 0.4262, 5989
390, 0.4267, 6003
391, 0.427, 6018
392, 0.4277, 6032
393, 0.4283, 6046
394, 0.4283, 6061
395, 0.4291, 6075
396, 0.4289, 6089
397, 0.4295, 6103
398, 0.4296, 6117
399, 0.4304, 6132
400, 0.4312, 6146
401, 0.4312, 6160
402, 0.4316, 6175
403, 0.4321, 6189
404, 0.4324, 6204
405, 0.4326, 6217
406, 0.4333, 6231
407, 0.4338, 6245
408, 0.4347, 6258
409, 0.4354, 6272
410, 0.4356, 6287
411, 0.4364, 6301
412, 0.4372, 6315
413, 0.4373, 6330
414, 0.4376, 6344
415, 0.4376, 6358
416, 0.4376, 6372
417, 0.4375, 6386
418, 0.4381, 6401
419, 0.4389, 6415
420, 0.4395, 6429
421, 0.4394, 6443
422, 0.4399, 6458
423, 0.4404, 6473
424, 0.441, 6487
425, 0.4413, 6502
426, 0.4419, 6516
427, 0.4423, 6530
428, 0.4426, 6544
429, 0.4422, 6558
430, 0.4422, 6572
431, 0.4431, 6586
432, 0.4437, 6602
433, 0.4439, 6619
434, 0.4443, 6637
435, 0.4449, 6655
436, 0.445, 6673
437, 0.4446, 6691
438, 0.4452, 6710
439, 0.4452, 6727
440, 0.4457, 6745
441, 0.4461, 6763
442, 0.4473, 6782
443, 0.448, 6800
444, 0.4482, 6818
445, 0.4486, 6835
446, 0.4494, 6853
447, 0.4506, 6871
448, 0.4511, 6888
449, 0.4515, 6906
450, 0.4519, 6924
451, 0.4528, 6942
452, 0.4535, 6960
453, 0.4536, 6979
454, 0.4536, 6996
455, 0.4544, 7014
456, 0.4547, 7033
457, 0.455, 7052
458, 0.4556, 7070
459, 0.4555, 7088
460, 0.4556, 7106
461, 0.4558, 7124
462, 0.456, 7143
463, 0.4564, 7160
464, 0.4565, 7178
465, 0.4569, 7196
466, 0.4569, 7215
467, 0.4568, 7234
468, 0.457, 7253
469, 0.4582, 7272
470, 0.4581, 7290
471, 0.4581, 7308
472, 0.4584, 7326
473, 0.4584, 7344
474, 0.4585, 7362
475, 0.4589, 7380
476, 0.4587, 7398
477, 0.459, 7416
478, 0.4596, 7433
479, 0.46, 7451
480, 0.4603, 7469
481, 0.4607, 7487
482, 0.4608, 7504
483, 0.4613, 7522
484, 0.4611, 7540
485, 0.4618, 7558
486, 0.4622, 7576
487, 0.4622, 7594
488, 0.4622, 7612
489, 0.4629, 7630
490, 0.4631, 7648
491, 0.4632, 7666
492, 0.4633, 7684
493, 0.4635, 7702
494, 0.4639, 7720
495, 0.465, 7738
496, 0.4652, 7755
497, 0.4654, 7773
498, 0.4654, 7791
499, 0.466, 7809
500, 0.4667, 7827
501, 0.467, 7844
502, 0.4678, 7862
503, 0.4681, 7879
504, 0.4684, 7897
505, 0.4685, 7915
506, 0.4685, 7933
507, 0.4684, 7951
508, 0.4688, 7969
509, 0.4691, 7986
510, 0.4691, 8004
511, 0.4688, 8021
512, 0.4689, 8039
513, 0.4696, 8056
514, 0.47, 8074
515, 0.4704, 8092
516, 0.4705, 8109
517, 0.4706, 8127
518, 0.4705, 8145
519, 0.4704, 8163
520, 0.4704, 8181
521, 0.4708, 8198
522, 0.4713, 8216
523, 0.4716, 8234
524, 0.4717, 8252
525, 0.4714, 8270
526, 0.4719, 8288
527, 0.4723, 8306
528, 0.4724, 8324
529, 0.4725, 8341
530, 0.4731, 8359
531, 0.4734, 8377
532, 0.4738, 8395
533, 0.4742, 8412
534, 0.4745, 8430
535, 0.4745, 8447
536, 0.4749, 8465
537, 0.4753, 8483
538, 0.4759, 8500
539, 0.4763, 8518
540, 0.4767, 8536
541, 0.4775, 8554
542, 0.4777, 8571
543, 0.478, 8589
544, 0.4781, 8606
545, 0.4779, 8624
546, 0.4775, 8642
547, 0.4774, 8659
548, 0.4779, 8677
549, 0.4781, 8695
550, 0.4782, 8713
551, 0.4778, 8731
552, 0.4777, 8748
553, 0.4782, 8766
554, 0.4785, 8784
555, 0.4787, 8801
556, 0.4788, 8819
557, 0.4787, 8837
558, 0.4791, 8854
559, 0.4794, 8872
560, 0.4799, 8889
561, 0.4808, 8907
562, 0.4814, 8925
563, 0.4814, 8943
564, 0.4817, 8961
565, 0.4817, 8979
566, 0.4821, 8997
567, 0.4824, 9014
568, 0.4826, 9032
569, 0.4831, 9050
570, 0.4834, 9068
571, 0.4839, 9085
572, 0.4846, 9103
573, 0.4849, 9120
574, 0.485, 9137
575, 0.4849, 9155
576, 0.485, 9173
577, 0.4852, 9191
578, 0.4854, 9208
579, 0.485, 9226
580, 0.4853, 9245
581, 0.4861, 9262
582, 0.4864, 9280
583, 0.4869, 9298
584, 0.4874, 9315
585, 0.4874, 9333
586, 0.4874, 9351
587, 0.4872, 9369
588, 0.4875, 9387
589, 0.4878, 9405
590, 0.4878, 9422
591, 0.4882, 9439
592, 0.4883, 9457
593, 0.4883, 9475
594, 0.4884, 9492
595, 0.4886, 9510
596, 0.4891, 9527
597, 0.4892, 9545
598, 0.4895, 9563
599, 0.4899, 9580
600, 0.4901, 9598
601, 0.49, 9615
602, 0.4901, 9633
603, 0.4901, 9651
604, 0.4901, 9669
605, 0.4901, 9687
606, 0.4901, 9705
607, 0.4903, 9722
608, 0.4904, 9740
609, 0.4909, 9758
610, 0.4909, 9775
611, 0.4915, 9793
612, 0.4922, 9811
613, 0.4924, 9828
614, 0.4929, 9846
615, 0.4931, 9864
616, 0.4931, 9881
617, 0.4933, 9899
618, 0.4937, 9917
619, 0.4938, 9934
620, 0.4951, 9953
621, 0.4949, 9970
622, 0.4948, 9988
623, 0.4955, 10006
624, 0.4956, 10023
625, 0.4956, 10041
626, 0.4956, 10059
627, 0.496, 10077
628, 0.4963, 10094
629, 0.4963, 10112
630, 0.4966, 10129
631, 0.4961, 10147
632, 0.4963, 10164
633, 0.4966, 10182
634, 0.4968, 10199
635, 0.497, 10217
636, 0.4971, 10235
637, 0.4973, 10253
638, 0.4975, 10271
639, 0.4978, 10289
640, 0.4986, 10307
641, 0.4987, 10324
642, 0.4991, 10342
643, 0.4993, 10360
644, 0.4995, 10377
645, 0.4999, 10395
646, 0.5007, 10412
647, 0.5005, 10430
648, 0.5006, 10448
649, 0.5011, 10466
650, 0.501, 10483
651, 0.5012, 10501
652, 0.5014, 10519
653, 0.5017, 10537
654, 0.502, 10555
655, 0.5025, 10572
656, 0.5027, 10590
657, 0.503, 10608
658, 0.5034, 10625
659, 0.504, 10643
660, 0.5041, 10661
661, 0.5044, 10678
662, 0.5046, 10696
663, 0.5053, 10714
664, 0.5056, 10732
665, 0.5061, 10750
666, 0.5061, 10768
667, 0.5069, 10786
668, 0.5069, 10804
669, 0.5072, 10821
670, 0.5072, 10839
671, 0.5073, 10857
672, 0.5078, 10875
673, 0.5078, 10893
674, 0.5077, 10910
675, 0.5078, 10928
676, 0.5077, 10946
677, 0.5076, 10964
678, 0.5078, 10981
679, 0.508, 10999
680, 0.5088, 11017
681, 0.5087, 11035
682, 0.5089, 11053
683, 0.509, 11070
684, 0.5098, 11088
685, 0.5101, 11106
686, 0.5104, 11123
687, 0.5106, 11141
688, 0.511, 11159
689, 0.5114, 11176
690, 0.5117, 11194
691, 0.5117, 11212
692, 0.5117, 11229
693, 0.512, 11247
694, 0.5121, 11265
695, 0.5123, 11283
696, 0.5123, 11301
697, 0.5125, 11319
698, 0.5127, 11336
699, 0.5124, 11353
700, 0.5125, 11372
701, 0.5125, 11389
702, 0.513, 11407
703, 0.5133, 11425
704, 0.5139, 11443
705, 0.5141, 11461
706, 0.5145, 11478
707, 0.5149, 11496
708, 0.5155, 11514
709, 0.5155, 11532
710, 0.516, 11550
711, 0.5163, 11568
712, 0.5162, 11586
713, 0.5162, 11603
714, 0.5162, 11621
715, 0.5162, 11639
716, 0.5163, 11657
717, 0.5165, 11674
718, 0.5172, 11692
719, 0.5172, 11709
720, 0.5169, 11727
721, 0.5171, 11744
722, 0.5179, 11762
723, 0.5184, 11780
724, 0.5187, 11798
725, 0.5191, 11815
726, 0.5194, 11834
727, 0.5194, 11854
728, 0.5196, 11873
729, 0.5193, 11890
730, 0.5193, 11908
731, 0.5193, 11926
732, 0.5198, 11944
733, 0.5202, 11962
734, 0.5205, 11980
735, 0.5204, 11997
736, 0.5206, 12015
737, 0.5207, 12033
738, 0.5213, 12050
739, 0.5213, 12069
740, 0.5219, 12086
741, 0.5217, 12104
742, 0.5223, 12122
743, 0.5222, 12140
744, 0.5224, 12158
745, 0.5228, 12176
746, 0.5234, 12194
747, 0.5237, 12211
748, 0.524, 12229
749, 0.5245, 12247
750, 0.525, 12265
751, 0.525, 12282
752, 0.525, 12300
753, 0.5253, 12318
754, 0.5254, 12336
755, 0.5253, 12354
756, 0.5253, 12372
757, 0.5255, 12390
758, 0.5258, 12408
759, 0.5258, 12425
760, 0.526, 12443
761, 0.5259, 12461
762, 0.5263, 12479
763, 0.5262, 12496
764, 0.5265, 12514
765, 0.5266, 12532
766, 0.527, 12550
767, 0.5273, 12568
768, 0.5276, 12586
769, 0.5276, 12604
770, 0.5277, 12622
771, 0.5279, 12640
772, 0.5283, 12658
773, 0.5285, 12676
774, 0.5287, 12693
775, 0.5286, 12711
776, 0.5286, 12729
777, 0.5292, 12746
778, 0.5296, 12764
779, 0.5297, 12782
780, 0.5305, 12800
781, 0.5302, 12818
782, 0.5305, 12836
783, 0.5307, 12853
784, 0.5309, 12871
785, 0.531, 12888
786, 0.5314, 12906
787, 0.5314, 12923
788, 0.5317, 12940
789, 0.5316, 12958
790, 0.5319, 12976
791, 0.5317, 12993
792, 0.5323, 13011
793, 0.5321, 13029
794, 0.5322, 13047
795, 0.5326, 13064
796, 0.533, 13082
797, 0.533, 13099
798, 0.5332, 13117
799, 0.5337, 13135
800, 0.5341, 13152
801, 0.5344, 13170
802, 0.5352, 13188
803, 0.5351, 13206
804, 0.5354, 13224
805, 0.5358, 13241
806, 0.5363, 13259
807, 0.5365, 13277
808, 0.5367, 13295
809, 0.5369, 13312
810, 0.537, 13330
811, 0.5376, 13348
812, 0.5375, 13365
813, 0.5378, 13383
814, 0.538, 13400
815, 0.5379, 13418
816, 0.5382, 13435
817, 0.5385, 13453
818, 0.5386, 13471
819, 0.5388, 13489
820, 0.5388, 13507
821, 0.539, 13524
822, 0.5388, 13542
823, 0.539, 13560
824, 0.5389, 13578
825, 0.5394, 13596
826, 0.5394, 13613
827, 0.5395, 13631
828, 0.5397, 13649
829, 0.5399, 13667
830, 0.54, 13684
831, 0.5401, 13703
832, 0.54, 13720
833, 0.5403, 13738
834, 0.5405, 13756
835, 0.5409, 13774
836, 0.5407, 13791
837, 0.5406, 13809
838, 0.5409, 13827
839, 0.5409, 13844
840, 0.5412, 13862
841, 0.5411, 13880
842, 0.5412, 13898
843, 0.5411, 13916
844, 0.5411, 13934
845, 0.5412, 13951
846, 0.5413, 13969
847, 0.5413, 13986
848, 0.5416, 14004
849, 0.5419, 14021
850, 0.5421, 14039
851, 0.5422, 14057
852, 0.5423, 14074
853, 0.5423, 14092
854, 0.5424, 14110
855, 0.5427, 14127
856, 0.5428, 14145
857, 0.5429, 14164
858, 0.5431, 14182
859, 0.5432, 14199
860, 0.5438, 14217
861, 0.5438, 14235
862, 0.5438, 14253
863, 0.5441, 14270
864, 0.5442, 14288
865, 0.5445, 14306
866, 0.5448, 14323
867, 0.5446, 14341
868, 0.5447, 14359
869, 0.5448, 14377
870, 0.545, 14395
871, 0.5449, 14412
872, 0.5445, 14430
873, 0.5444, 14448
874, 0.5443, 14466
875, 0.5443, 14483
876, 0.5442, 14501
877, 0.5437, 14519
878, 0.5436, 14536
879, 0.544, 14554
880, 0.544, 14571
881, 0.5441, 14590
882, 0.5439, 14608
883, 0.5439, 14625
884, 0.544, 14643
885, 0.5443, 14661
886, 0.5446, 14679
887, 0.5447, 14696
888, 0.545, 14714
889, 0.5449, 14732
890, 0.5451, 14749
891, 0.5451, 14767
892, 0.5453, 14785
893, 0.5453, 14803
894, 0.5453, 14821
895, 0.5455, 14838
896, 0.5458, 14856
897, 0.546, 14874
898, 0.5461, 14892
899, 0.5461, 14909
900, 0.5466, 14927
901, 0.5472, 14945
902, 0.547, 14963
903, 0.5472, 14980
904, 0.5475, 14998
905, 0.5476, 15015
906, 0.5478, 15033
907, 0.548, 15051
908, 0.5483, 15069
909, 0.5485, 15087
910, 0.5487, 15105
911, 0.5487, 15122
912, 0.5488, 15140
913, 0.5488, 15157
914, 0.5491, 15175
915, 0.5493, 15192
916, 0.5493, 15210
917, 0.5494, 15227
918, 0.5496, 15245
919, 0.5501, 15264
920, 0.5503, 15281
921, 0.5505, 15299
922, 0.5502, 15317
923, 0.5509, 15334
924, 0.551, 15352
925, 0.5513, 15369
926, 0.5515, 15387
927, 0.5516, 15405
928, 0.5521, 15423
929, 0.5526, 15441
930, 0.5529, 15459
931, 0.5533, 15476
932, 0.5537, 15494
933, 0.5537, 15512
934, 0.5536, 15530
935, 0.5536, 15548
936, 0.5538, 15566
937, 0.5539, 15583
938, 0.5539, 15601
939, 0.5543, 15618
940, 0.5542, 15636
941, 0.5546, 15654
942, 0.5546, 15671
943, 0.5548, 15689
944, 0.5548, 15707
945, 0.5548, 15725
946, 0.555, 15742
947, 0.5551, 15760
948, 0.5556, 15778
949, 0.5554, 15795
950, 0.556, 15813
951, 0.5562, 15831
952, 0.5564, 15849
953, 0.5562, 15867
954, 0.5565, 15884
955, 0.5567, 15902
956, 0.5572, 15920
957, 0.5571, 15938
958, 0.5575, 15956
959, 0.5577, 15973
960, 0.5579, 15991
961, 0.5581, 16009
962, 0.5583, 16027
963, 0.5588, 16044
964, 0.5589, 16063
965, 0.5591, 16080
966, 0.5591, 16098
967, 0.5595, 16116
968, 0.5597, 16134
969, 0.5601, 16152
970, 0.5603, 16170
971, 0.5604, 16187
972, 0.5608, 16205
973, 0.5612, 16223
974, 0.5614, 16240
975, 0.5616, 16258
976, 0.5616, 16276
977, 0.5619, 16294
978, 0.5621, 16312
979, 0.5624, 16329
980, 0.5624, 16347
981, 0.5625, 16365
982, 0.5627, 16382
983, 0.563, 16400
984, 0.5632, 16418
985, 0.5633, 16436
986, 0.5638, 16453
987, 0.5639, 16471
988, 0.5642, 16489
989, 0.5646, 16507
990, 0.5649, 16525
991, 0.565, 16543
992, 0.5651, 16561
993, 0.5648, 16578
994, 0.565, 16596
995, 0.5651, 16614
996, 0.5652, 16631
997, 0.5654, 16649
998, 0.5655, 16667
999, 0.5661, 16684
1000, 0.5661, 16702
1001, 0.5664, 16720
1002, 0.5664, 16738
1003, 0.5662, 16756
1004, 0.5664, 16773
1005, 0.5662, 16791
1006, 0.5661, 16809
1007, 0.566, 16827
1008, 0.5661, 16844
1009, 0.5663, 16862
1010, 0.5663, 16880
1011, 0.5662, 16898
1012, 0.5665, 16915
1013, 0.5668, 16933
1014, 0.5666, 16951
1015, 0.5668, 16968
1016, 0.567, 16986
1017, 0.5675, 17004
1018, 0.5676, 17022
1019, 0.5678, 17039
1020, 0.5678, 17057
1021, 0.568, 17076
1022, 0.5677, 17095
1023, 0.5677, 17112
1024, 0.568, 17130
1025, 0.568, 17148
1026, 0.5678, 17166
1027, 0.568, 17183
1028, 0.5681, 17201
1029, 0.5683, 17219
1030, 0.5686, 17239
1031, 0.5686, 17257
1032, 0.5686, 17276
1033, 0.5687, 17294
1034, 0.5683, 17312
1035, 0.5684, 17330
1036, 0.568, 17348
1037, 0.5684, 17367
1038, 0.5685, 17385
1039, 0.5688, 17403
1040, 0.5687, 17421
1041, 0.5688, 17439
1042, 0.5687, 17457
1043, 0.5691, 17475
1044, 0.5692, 17492
1045, 0.5694, 17510
1046, 0.5695, 17528
1047, 0.5694, 17546
1048, 0.5693, 17563
1049, 0.5692, 17581
1050, 0.5694, 17599
1051, 0.5693, 17616
1052, 0.5694, 17634
1053, 0.5695, 17652
1054, 0.5696, 17670
1055, 0.5699, 17687
1056, 0.5697, 17704
1057, 0.5698, 17722
1058, 0.5696, 17740
1059, 0.5694, 17759
1060, 0.5694, 17776
1061, 0.5696, 17794
1062, 0.5698, 17812
1063, 0.5701, 17830
1064, 0.5702, 17847
1065, 0.5705, 17865
1066, 0.5705, 17883
1067, 0.5708, 17901
1068, 0.571, 17918
1069, 0.5712, 17936
1070, 0.5713, 17954
1071, 0.5715, 17971
1072, 0.572, 17989
1073, 0.5722, 18006
1074, 0.5726, 18024
1075, 0.5727, 18042
1076, 0.5729, 18060
1077, 0.5729, 18077
1078, 0.5728, 18095
1079, 0.5732, 18113
1080, 0.5733, 18130
1081, 0.5732, 18148
1082, 0.5733, 18166
1083, 0.5731, 18184
1084, 0.5734, 18201
1085, 0.5737, 18219
1086, 0.5737, 18237
1087, 0.5736, 18255
1088, 0.574, 18273
1089, 0.5742, 18291
1090, 0.5742, 18308
1091, 0.574, 18326
1092, 0.5741, 18344
1093, 0.5742, 18361
1094, 0.5744, 18379
1095, 0.5741, 18397
1096, 0.5741, 18415
1097, 0.5744, 18433
1098, 0.5743, 18450
1099, 0.5745, 18469
1100, 0.5747, 18486
1101, 0.5747, 18504
1102, 0.5749, 18522
1103, 0.5745, 18540
1104, 0.5747, 18558
1105, 0.5752, 18576
1106, 0.5752, 18593
1107, 0.5752, 18611
1108, 0.5755, 18629
1109, 0.5755, 18647
1110, 0.5753, 18665
1111, 0.5753, 18683
1112, 0.5756, 18700
1113, 0.5757, 18718
1114, 0.5759, 18736
1115, 0.5759, 18754
1116, 0.576, 18772
1117, 0.5763, 18790
1118, 0.5767, 18808
1119, 0.5766, 18826
1120, 0.5768, 18843
1121, 0.5769, 18861
1122, 0.577, 18878
1123, 0.5771, 18896
1124, 0.577, 18914
1125, 0.5771, 18932
1126, 0.5771, 18950
1127, 0.5772, 18968
1128, 0.5772, 18986
1129, 0.5774, 19004
1130, 0.5775, 19022
1131, 0.5777, 19039
1132, 0.5779, 19057
1133, 0.5779, 19075
1134, 0.5778, 19093
1135, 0.5776, 19111
1136, 0.5777, 19129
1137, 0.5779, 19147
1138, 0.578, 19164
1139, 0.5782, 19182
1140, 0.5783, 19200
1141, 0.5783, 19217
1142, 0.5781, 19235
1143, 0.5782, 19253
1144, 0.5781, 19271
1145, 0.5783, 19288
1146, 0.5782, 19306
1147, 0.5784, 19324
1148, 0.5785, 19342
1149, 0.5787, 19360
1150, 0.5788, 19378
1151, 0.5787, 19395
1152, 0.5787, 19413
1153, 0.579, 19430
1154, 0.5793, 19448
1155, 0.5793, 19466
1156, 0.5797, 19484
1157, 0.5798, 19501
1158, 0.5799, 19519
1159, 0.5799, 19537
1160, 0.5798, 19555
1161, 0.5798, 19573
1162, 0.58, 19590
1163, 0.5801, 19608
1164, 0.5803, 19626
1165, 0.5805, 19644
1166, 0.5805, 19661
1167, 0.5808, 19679
1168, 0.581, 19697
1169, 0.5812, 19715
1170, 0.581, 19732
1171, 0.5809, 19750
1172, 0.5809, 19768
1173, 0.5809, 19786
1174, 0.5808, 19803
1175, 0.581, 19821
1176, 0.5813, 19839
1177, 0.5814, 19857
1178, 0.5815, 19875
1179, 0.5817, 19893
1180, 0.5818, 19911
1181, 0.5819, 19929
1182, 0.582, 19946
1183, 0.582, 19964
1184, 0.5823, 19982
1185, 0.5822, 20000
1186, 0.5821, 20018
1187, 0.582, 20036
1188, 0.5825, 20053
1189, 0.5824, 20071
1190, 0.5826, 20089
1191, 0.5826, 20106
1192, 0.5828, 20124
1193, 0.5826, 20141
1194, 0.5828, 20159
1195, 0.5826, 20177
1196, 0.5826, 20194
1197, 0.5824, 20212
1198, 0.5825, 20229
1199, 0.5829, 20247
1200, 0.5834, 20264
1201, 0.5832, 20282
1202, 0.5833, 20300
1203, 0.5834, 20317
1204, 0.5836, 20335
1205, 0.5837, 20352
1206, 0.5835, 20370
1207, 0.5837, 20388
1208, 0.5837, 20405
1209, 0.5839, 20423
1210, 0.584, 20441
1211, 0.5844, 20459
1212, 0.5846, 20477
1213, 0.5847, 20495
1214, 0.5848, 20513
1215, 0.5849, 20530
1216, 0.5851, 20548
1217, 0.5852, 20566
1218, 0.585, 20584
1219, 0.585, 20602
1220, 0.585, 20619
1221, 0.5853, 20637
1222, 0.5856, 20655
1223, 0.5859, 20673
1224, 0.5859, 20690
1225, 0.586, 20708
1226, 0.586, 20726
1227, 0.5862, 20743
1228, 0.5864, 20761
1229, 0.5858, 20779
1230, 0.5858, 20796
1231, 0.5859, 20814
1232, 0.586, 20832
1233, 0.5859, 20850
1234, 0.586, 20868
1235, 0.586, 20886
1236, 0.5864, 20904
1237, 0.5864, 20922
1238, 0.5867, 20940
1239, 0.5867, 20957
1240, 0.5869, 20975
1241, 0.5867, 20993
1242, 0.5869, 21010
1243, 0.5871, 21028
1244, 0.5871, 21046
1245, 0.587, 21064
1246, 0.5872, 21082
1247, 0.5872, 21099
1248, 0.5873, 21117
1249, 0.5874, 21135
1250, 0.5875, 21153
1251, 0.5881, 21171
1252, 0.5884, 21189
1253, 0.5882, 21207
1254, 0.5884, 21225
1255, 0.5883, 21242
1256, 0.5886, 21260
1257, 0.5887, 21278
1258, 0.5888, 21297
1259, 0.5889, 21315
1260, 0.589, 21335
1261, 0.5892, 21354
1262, 0.589, 21373
1263, 0.5891, 21393
1264, 0.5892, 21411
1265, 0.5892, 21429
1266, 0.5896, 21447
1267, 0.5895, 21465
1268, 0.5896, 21483
1269, 0.5901, 21501
1270, 0.59, 21518
1271, 0.5901, 21536
1272, 0.5903, 21554
1273, 0.5902, 21572
1274, 0.5903, 21590
1275, 0.5902, 21608
1276, 0.5904, 21625
1277, 0.5906, 21643
1278, 0.5905, 21661
1279, 0.5904, 21679
1280, 0.5905, 21696
1281, 0.5907, 21715
1282, 0.5909, 21732
1283, 0.5909, 21751
1284, 0.591, 21768
1285, 0.5909, 21786
1286, 0.5911, 21804
1287, 0.5913, 21822
1288, 0.5914, 21840
1289, 0.5914, 21857
1290, 0.5913, 21875
1291, 0.5916, 21893
1292, 0.5918, 21911
1293, 0.5919, 21929
1294, 0.5918, 21947
1295, 0.5921, 21965
1296, 0.5922, 21983
1297, 0.5923, 22000
1298, 0.5921, 22018
1299, 0.5921, 22036
1300, 0.5924, 22054
1301, 0.5924, 22073
1302, 0.5924, 22091
1303, 0.5924, 22109
1304, 0.5922, 22127
1305, 0.5923, 22144
1306, 0.5925, 22162
1307, 0.5926, 22180
1308, 0.5928, 22198
1309, 0.5928, 22216
1310, 0.5931, 22233
1311, 0.593, 22251
1312, 0.5929, 22269
1313, 0.593, 22287
1314, 0.5931, 22305
1315, 0.5932, 22323
1316, 0.5933, 22340
1317, 0.5934, 22358
1318, 0.5937, 22376
1319, 0.5939, 22393
1320, 0.5935, 22411
1321, 0.5939, 22429
1322, 0.594, 22447
1323, 0.5939, 22465
1324, 0.594, 22482
1325, 0.5941, 22500
1326, 0.5943, 22517
1327, 0.5943, 22535
1328, 0.5942, 22553
1329, 0.5943, 22571
1330, 0.5946, 22588
1331, 0.5948, 22606
1332, 0.5945, 22623
1333, 0.5947, 22641
1334, 0.5945, 22659
1335, 0.5946, 22676
1336, 0.5946, 22694
1337, 0.5948, 22711
1338, 0.5951, 22729
1339, 0.5951, 22747
1340, 0.5954, 22765
1341, 0.5953, 22783
1342, 0.5953, 22801
1343, 0.5952, 22818
1344, 0.5953, 22836
1345, 0.5952, 22854
1346, 0.5956, 22872
1347, 0.5958, 22890
1348, 0.596, 22907
1349, 0.5958, 22925
1350, 0.596, 22943
1351, 0.5959, 22961
1352, 0.5957, 22978
1353, 0.5958, 22996
1354, 0.596, 23014
1355, 0.596, 23031
1356, 0.596, 23049
1357, 0.5957, 23067
1358, 0.5956, 23085
1359, 0.5958, 23103
1360, 0.596, 23121
1361, 0.596, 23139
1362, 0.5962, 23157
1363, 0.5966, 23174
1364, 0.5966, 23192
1365, 0.5967, 23210
1366, 0.597, 23228
1367, 0.5969, 23246
1368, 0.5973, 23263
1369, 0.5974, 23281
1370, 0.5972, 23299
1371, 0.5972, 23317
1372, 0.5975, 23335
1373, 0.5971, 23353
1374, 0.5976, 23370
1375, 0.5975, 23388
1376, 0.5977, 23406
1377, 0.5977, 23423
1378, 0.5977, 23441
1379, 0.5978, 23459
1380, 0.5979, 23477
1381, 0.5978, 23494
1382, 0.5979, 23513
1383, 0.5978, 23530
1384, 0.5981, 23548
1385, 0.5979, 23566
1386, 0.5979, 23584
1387, 0.598, 23602
1388, 0.598, 23620
1389, 0.5983, 23638
1390, 0.5984, 23656
1391, 0.5984, 23673
1392, 0.5984, 23691
1393, 0.5986, 23709
1394, 0.5985, 23727
1395, 0.5984, 23745
1396, 0.5984, 23763
1397, 0.5987, 23781
1398, 0.5988, 23799
1399, 0.5989, 23817
1400, 0.5991, 23834
1401, 0.5989, 23852
1402, 0.5992, 23870
1403, 0.5993, 23888
1404, 0.5992, 23906
1405, 0.5993, 23924
1406, 0.5994, 23942
1407, 0.5996, 23959
1408, 0.5995, 23977
1409, 0.5997, 23995
1410, 0.5997, 24012
1411, 0.6001, 24030
1412, 0.6002, 24048
1413, 0.6003, 24066
1414, 0.6004, 24083
1415, 0.6005, 24102
1416, 0.6005, 24120
1417, 0.6006, 24139
1418, 0.6004, 24156
1419, 0.6004, 24174
1420, 0.6003, 24193
1421, 0.6005, 24213
1422, 0.6005, 24232
1423, 0.6004, 24250
1424, 0.6006, 24268
1425, 0.6007, 24287
1426, 0.6008, 24305
1427, 0.6009, 24323
1428, 0.6011, 24341
1429, 0.6013, 24359
1430, 0.6015, 24378
1431, 0.6015, 24396
1432, 0.6016, 24413
1433, 0.6014, 24431
1434, 0.6016, 24449
1435, 0.6014, 24467
1436, 0.6016, 24484
1437, 0.6015, 24502
1438, 0.6015, 24520
1439, 0.6014, 24538
1440, 0.6015, 24556
1441, 0.601, 24574
1442, 0.6013, 24592
1443, 0.6013, 24610
1444, 0.6013, 24629
1445, 0.6012, 24646
1446, 0.6012, 24665
1447, 0.6012, 24683
1448, 0.601, 24701
1449, 0.6008, 24718
1450, 0.6009, 24735
1451, 0.6007, 24753
1452, 0.6012, 24771
1453, 0.6012, 24789
1454, 0.6013, 24807
1455, 0.601, 24825
1456, 0.601, 24843
1457, 0.6011, 24861
1458, 0.6011, 24878
1459, 0.6013, 24896
1460, 0.6012, 24913
1461, 0.601, 24931
1462, 0.6011, 24950
1463, 0.6014, 24967
1464, 0.6016, 24985
1465, 0.6018, 25003
1466, 0.6018, 25021
1467, 0.6018, 25039
1468, 0.6022, 25056
1469, 0.6023, 25074
1470, 0.6023, 25092
1471, 0.6025, 25110
1472, 0.6022, 25127
1473, 0.6024, 25145
1474, 0.6025, 25163
1475, 0.6025, 25181
1476, 0.6026, 25198
1477, 0.6028, 25215
1478, 0.6026, 25233
1479, 0.6025, 25252
1480, 0.6024, 25269
1481, 0.6026, 25287
1482, 0.6025, 25305
1483, 0.6024, 25322
1484, 0.6023, 25340
1485, 0.6023, 25357
1486, 0.6023, 25375
1487, 0.6026, 25393
1488, 0.6025, 25411
1489, 0.6026, 25429
1490, 0.6031, 25447
1491, 0.6031, 25465
1492, 0.6031, 25483
1493, 0.6029, 25501
1494, 0.6032, 25518
1495, 0.6032, 25536
1496, 0.6032, 25554
1497, 0.6035, 25572
1498, 0.6034, 25590
1499, 0.6036, 25608
1500, 0.6037, 25626
1501, 0.6037, 25643
1502, 0.6038, 25661
1503, 0.6041, 25680
1504, 0.6044, 25697
1505, 0.6045, 25715
1506, 0.6044, 25732
1507, 0.6043, 25750
1508, 0.6043, 25767
1509, 0.6044, 25785
1510, 0.6046, 25803
1511, 0.6045, 25821
1512, 0.6042, 25839
1513, 0.6046, 25857
1514, 0.6047, 25875
1515, 0.6046, 25893
1516, 0.6045, 25911
1517, 0.6047, 25928
1518, 0.6046, 25946
1519, 0.6045, 25964
1520, 0.6049, 25982
1521, 0.6048, 25999
1522, 0.6053, 26017
1523, 0.6051, 26035
1524, 0.6052, 26053
1525, 0.6051, 26071
1526, 0.6053, 26088
1527, 0.6051, 26106
1528, 0.6051, 26124
1529, 0.6054, 26142
1530, 0.6051, 26160
1531, 0.6052, 26178
1532, 0.605, 26195
1533, 0.6053, 26213
1534, 0.6051, 26231
1535, 0.6049, 26249
1536, 0.6048, 26266
1537, 0.6049, 26284
1538, 0.6052, 26302
1539, 0.605, 26320
1540, 0.6051, 26338
1541, 0.6052, 26355
1542, 0.6053, 26373
1543, 0.6053, 26391
1544, 0.6054, 26409
1545, 0.6053, 26427
1546, 0.6056, 26445
1547, 0.6055, 26463
1548, 0.6054, 26480
1549, 0.6059, 26498
1550, 0.6057, 26516
1551, 0.6056, 26534
1552, 0.6055, 26551
1553, 0.6057, 26569
1554, 0.6056, 26587
1555, 0.6055, 26604
1556, 0.6059, 26622
1557, 0.6059, 26640
1558, 0.6058, 26657
1559, 0.6058, 26675
1560, 0.6058, 26693
1561, 0.6059, 26711
1562, 0.6061, 26728
1563, 0.606, 26746
1564, 0.6061, 26763
1565, 0.6061, 26781
1566, 0.6065, 26799
1567, 0.6066, 26817
1568, 0.6064, 26835
1569, 0.6065, 26853
1570, 0.6061, 26871
1571, 0.6064, 26889
1572, 0.6062, 26907
1573, 0.6064, 26924
1574, 0.6064, 26942
1575, 0.6064, 26960
1576, 0.6065, 26979
1577, 0.6062, 26997
1578, 0.6064, 27014
1579, 0.6066, 27032
1580, 0.6066, 27050
1581, 0.6066, 27068
1582, 0.6068, 27087
1583, 0.6067, 27105
1584, 0.6066, 27123
1585, 0.6066, 27141
1586, 0.6068, 27159
1587, 0.6067, 27177
1588, 0.6066, 27195
1589, 0.6069, 27213
1590, 0.6069, 27231
1591, 0.6071, 27248
1592, 0.6071, 27266
1593, 0.6073, 27283
1594, 0.6076, 27301
1595, 0.6077, 27319
1596, 0.6076, 27337
1597, 0.6074, 27355
1598, 0.6073, 27374
1599, 0.6077, 27391
1600, 0.6077, 27409
1601, 0.608, 27427
1602, 0.6081, 27445
1603, 0.6083, 27462
1604, 0.6082, 27480
1605, 0.6082, 27497
1606, 0.6082, 27515
1607, 0.6082, 27533
1608, 0.6083, 27550
1609, 0.6087, 27568
1610, 0.6086, 27586
1611, 0.6086, 27604
1612, 0.6086, 27621
1613, 0.6085, 27639
1614, 0.6084, 27657
1615, 0.6079, 27675
1616, 0.6081, 27692
1617, 0.6081, 27710
1618, 0.6081, 27728
1619, 0.608, 27746
1620, 0.6083, 27764
1621, 0.608, 27782
1622, 0.6081, 27800
1623, 0.6081, 27818
1624, 0.6082, 27835
1625, 0.6079, 27853
1626, 0.6085, 27871
1627, 0.6082, 27889
1628, 0.6082, 27907
1629, 0.6083, 27925
1630, 0.6084, 27943
1631, 0.6083, 27962
1632, 0.6087, 27979
1633, 0.6085, 27997
1634, 0.6085, 28015
1635, 0.6082, 28032
1636, 0.6085, 28050
1637, 0.6085, 28068
1638, 0.6083, 28086
1639, 0.6086, 28104
1640, 0.6086, 28121
1641, 0.6084, 28139
1642, 0.6086, 28157
1643, 0.6087, 28175
1644, 0.6087, 28193
1645, 0.6091, 28210
1646, 0.6093, 28228
1647, 0.6093, 28246
1648, 0.6096, 28264
1649, 0.6097, 28282
1650, 0.6098, 28299
1651, 0.61, 28317
1652, 0.61, 28335
1653, 0.6099, 28353
1654, 0.6098, 28371
1655, 0.6101, 28388
1656, 0.6099, 28406
1657, 0.6101, 28424
1658, 0.6102, 28441
1659, 0.6104, 28459
1660, 0.6103, 28476
1661, 0.6106, 28494
1662, 0.6106, 28512
1663, 0.6107, 28530
1664, 0.6108, 28548
1665, 0.6106, 28566
1666, 0.6106, 28584
1667, 0.611, 28602
1668, 0.6109, 28620
1669, 0.6108, 28638
1670, 0.6111, 28655
1671, 0.6112, 28673
1672, 0.6111, 28692
1673, 0.611, 28709
1674, 0.6112, 28727
1675, 0.6111, 28745
1676, 0.6112, 28763
1677, 0.6109, 28781
1678, 0.6111, 28799
1679, 0.6109, 28817
1680, 0.6108, 28835
1681, 0.6109, 28853
1682, 0.6109, 28871
1683, 0.6111, 28889
1684, 0.6114, 28907
1685, 0.6112, 28925
1686, 0.6113, 28943
1687, 0.6115, 28961
1688, 0.6114, 28979
1689, 0.6117, 28997
1690, 0.6116, 29015
1691, 0.6118, 29032
1692, 0.6123, 29050
1693, 0.6122, 29068
1694, 0.6121, 29086
1695, 0.612, 29103
1696, 0.6119, 29122
1697, 0.6119, 29139
1698, 0.6117, 29157
1699, 0.6117, 29175
1700, 0.6117, 29193
1701, 0.6114, 29211
1702, 0.6116, 29229
1703, 0.6116, 29247
1704, 0.6116, 29265
1705, 0.6116, 29284
1706, 0.6115, 29302
1707, 0.6114, 29320
1708, 0.6115, 29338
1709, 0.6111, 29356
1710, 0.6112, 29374
1711, 0.6111, 29392
1712, 0.6111, 29410
1713, 0.6111, 29428
1714, 0.6112, 29445
1715, 0.6113, 29463
1716, 0.6112, 29481
1717, 0.6112, 29499
1718, 0.6112, 29518
1719, 0.6111, 29537
1720, 0.6112, 29555
1721, 0.6111, 29573
1722, 0.6108, 29591
1723, 0.611, 29609
1724, 0.6112, 29627
1725, 0.6111, 29645
1726, 0.6112, 29663
1727, 0.6109, 29681
1728, 0.611, 29698
1729, 0.6114, 29717
1730, 0.6113, 29735
1731, 0.6115, 29753
1732, 0.6112, 29770
1733, 0.6114, 29788
1734, 0.6115, 29807
1735, 0.6116, 29825
1736, 0.6115, 29844
1737, 0.6115, 29861
1738, 0.6118, 29879
1739, 0.6117, 29897
1740, 0.6119, 29915
1741, 0.6119, 29934
1742, 0.6122, 29952
1743, 0.6122, 29969
1744, 0.6124, 29987
1745, 0.6124, 30005
1746, 0.6125, 30023
1747, 0.6127, 30041
1748, 0.6128, 30059
1749, 0.6128, 30077
1750, 0.6127, 30095
1751, 0.6127, 30112
1752, 0.6125, 30130
1753, 0.6127, 30149
1754, 0.6128, 30167
1755, 0.6127, 30185
1756, 0.6127, 30202
1757, 0.613, 30220
1758, 0.6128, 30238
1759, 0.613, 30256
1760, 0.6131, 30274
1761, 0.6132, 30292
1762, 0.6132, 30310
1763, 0.6135, 30328
1764, 0.6135, 30346
1765, 0.6136, 30365
1766, 0.6135, 30383
1767, 0.6134, 30401
1768, 0.6135, 30419
1769, 0.6135, 30437
1770, 0.6135, 30456
1771, 0.6136, 30473
1772, 0.6136, 30491
1773, 0.6136, 30509
1774, 0.6137, 30527
1775, 0.6138, 30545
1776, 0.614, 30562
1777, 0.6139, 30580
1778, 0.614, 30599
1779, 0.6139, 30619
1780, 0.614, 30638
1781, 0.6138, 30655
1782, 0.6144, 30673
1783, 0.6143, 30691
1784, 0.6142, 30709
1785, 0.614, 30727
1786, 0.6139, 30745
1787, 0.6139, 30763
1788, 0.6139, 30781
1789, 0.6136, 30799
1790, 0.6137, 30817
1791, 0.6137, 30835
1792, 0.6135, 30853
1793, 0.6139, 30870
1794, 0.6138, 30888
1795, 0.6137, 30905
1796, 0.614, 30923
1797, 0.6142, 30941
1798, 0.6144, 30959
1799, 0.6143, 30977
1800, 0.6143, 30995
1801, 0.6145, 31012
1802, 0.6144, 31030
1803, 0.6144, 31048
1804, 0.6147, 31065
1805, 0.6149, 31083
1806, 0.6147, 31101
1807, 0.6149, 31119
1808, 0.6148, 31137
1809, 0.6148, 31155
1810, 0.6148, 31173
1811, 0.615, 31191
1812, 0.6154, 31209
1813, 0.6154, 31227
1814, 0.6155, 31244
1815, 0.6155, 31263
1816, 0.6159, 31280
1817, 0.6161, 31298
1818, 0.6159, 31316
1819, 0.616, 31334
1820, 0.6161, 31351
1821, 0.616, 31369
1822, 0.6161, 31387
1823, 0.616, 31405
1824, 0.6158, 31423
1825, 0.6159, 31441
1826, 0.6163, 31459
1827, 0.616, 31476
1828, 0.6163, 31494
1829, 0.6165, 31512
1830, 0.6167, 31530
1831, 0.6166, 31548
1832, 0.6166, 31566
1833, 0.6169, 31584
1834, 0.6172, 31602
1835, 0.6171, 31620
1836, 0.617, 31637
1837, 0.6171, 31655
1838, 0.6172, 31673
1839, 0.6172, 31691
1840, 0.6172, 31708
1841, 0.6174, 31726
1842, 0.6179, 31744
1843, 0.6179, 31763
1844, 0.618, 31780
1845, 0.618, 31798
1846, 0.6178, 31817
1847, 0.6177, 31834
1848, 0.6179, 31853
1849, 0.6182, 31870
1850, 0.6182, 31888
1851, 0.6182, 31906
1852, 0.6179, 31924
1853, 0.6179, 31942
1854, 0.6181, 31960
1855, 0.6182, 31977
1856, 0.618, 31995
1857, 0.6181, 32013
1858, 0.6183, 32031
1859, 0.6183, 32049
1860, 0.6185, 32066
1861, 0.6186, 32085
1862, 0.6183, 32102
1863, 0.6183, 32120
1864, 0.6183, 32138
1865, 0.6184, 32156
1866, 0.6185, 32174
1867, 0.6186, 32192
1868, 0.6186, 32209
1869, 0.6187, 32227
1870, 0.6187, 32245
1871, 0.6185, 32263
1872, 0.6186, 32280
1873, 0.6185, 32298
1874, 0.6187, 32316
1875, 0.6187, 32334
1876, 0.6188, 32352
1877, 0.6188, 32370
1878, 0.6192, 32388
1879, 0.6192, 32405
1880, 0.6189, 32423
1881, 0.6191, 32441
1882, 0.6188, 32459
1883, 0.6187, 32476
1884, 0.6189, 32494
1885, 0.6189, 32512
1886, 0.6188, 32529
1887, 0.6188, 32547
1888, 0.6184, 32565
1889, 0.6188, 32583
1890, 0.6188, 32601
1891, 0.6189, 32619
1892, 0.6189, 32636
1893, 0.6188, 32655
1894, 0.6189, 32672
1895, 0.6189, 32690
1896, 0.6187, 32708
1897, 0.6186, 32726
1898, 0.6188, 32744
1899, 0.6189, 32762
1900, 0.619, 32780
1901, 0.6189, 32797
1902, 0.6191, 32815
1903, 0.6189, 32833
1904, 0.6189, 32851
1905, 0.619, 32870
1906, 0.6193, 32887
1907, 0.6194, 32904
1908, 0.6196, 32922
1909, 0.6198, 32940
1910, 0.6196, 32958
1911, 0.6196, 32976
1912, 0.6198, 32994
1913, 0.6198, 33012
1914, 0.6197, 33030
1915, 0.6198, 33048
1916, 0.6199, 33066
1917, 0.62, 33083
1918, 0.6196, 33101
1919, 0.6197, 33119
1920, 0.6196, 33137
1921, 0.6198, 33155
1922, 0.6199, 33173
1923, 0.6198, 33190
1924, 0.62, 33208
1925, 0.6198, 33226
1926, 0.6201, 33244
1927, 0.6203, 33262
1928, 0.6202, 33279
1929, 0.62, 33297
1930, 0.6201, 33315
1931, 0.6201, 33333
1932, 0.6199, 33351
1933, 0.6202, 33369
1934, 0.6204, 33387
1935, 0.6205, 33405
1936, 0.6206, 33423
1937, 0.6207, 33441
1938, 0.6204, 33459
1939, 0.6207, 33477
1940, 0.6205, 33495
1941, 0.6206, 33513
1942, 0.6205, 33531
1943, 0.6205, 33549
1944, 0.6207, 33566
1945, 0.6206, 33584
1946, 0.6206, 33602
1947, 0.6204, 33620
1948, 0.6203, 33638
1949, 0.6202, 33656
1950, 0.6204, 33674
1951, 0.6202, 33692
1952, 0.6202, 33710
1953, 0.6202, 33728
1954, 0.6199, 33746
1955, 0.6202, 33763
1956, 0.6204, 33781
1957, 0.6202, 33798
1958, 0.6201, 33816
1959, 0.6203, 33834
1960, 0.6205, 33853
1961, 0.6203, 33871
1962, 0.6205, 33888
1963, 0.6205, 33907
1964, 0.6205, 33924
1965, 0.6208, 33941
1966, 0.6206, 33959
1967, 0.6209, 33977
1968, 0.6209, 33995
1969, 0.6212, 34012
1970, 0.621, 34030
1971, 0.6208, 34048
1972, 0.6211, 34066
1973, 0.6211, 34083
1974, 0.621, 34101
1975, 0.6207, 34119
1976, 0.6208, 34137
1977, 0.6206, 34154
1978, 0.6208, 34173
1979, 0.621, 34191
1980, 0.621, 34208
1981, 0.6208, 34226
1982, 0.6206, 34244
1983, 0.6207, 34262
1984, 0.6209, 34280
1985, 0.621, 34298
1986, 0.6209, 34316
1987, 0.6207, 34333
1988, 0.6209, 34351
1989, 0.621, 34369
1990, 0.6213, 34387
1991, 0.6216, 34405
1992, 0.6215, 34422
1993, 0.6213, 34440
1994, 0.6216, 34458
1995, 0.6217, 34476
1996, 0.6218, 34493
1997, 0.6217, 34511
1998, 0.6217, 34529
1999, 0.6219, 34546
2000, 0.6221, 34564
2001, 0.622, 34582
2002, 0.6221, 34599
2003, 0.6222, 34618
2004, 0.6223, 34636
2005, 0.6228, 34654
2006, 0.6226, 34672
2007, 0.6226, 34692
2008, 0.6227, 34710
2009, 0.6229, 34729
2010, 0.6228, 34747
2011, 0.6228, 34765
2012, 0.6228, 34783
2013, 0.6226, 34801
2014, 0.6229, 34820
2015, 0.623, 34838
2016, 0.6226, 34856
2017, 0.6226, 34874
2018, 0.6225, 34892
2019, 0.6223, 34910
2020, 0.6228, 34928
2021, 0.6227, 34946
2022, 0.6233, 34964
2023, 0.6231, 34982
2024, 0.623, 35000
2025, 0.6228, 35017
2026, 0.6229, 35035
2027, 0.6229, 35053
2028, 0.6232, 35071
2029, 0.6231, 35088
2030, 0.6233, 35106
2031, 0.6232, 35123
2032, 0.6232, 35141
2033, 0.6231, 35159
2034, 0.623, 35177
2035, 0.6231, 35195
2036, 0.6231, 35213
2037, 0.6229, 35230
2038, 0.623, 35248
2039, 0.6226, 35266
2040, 0.623, 35284
2041, 0.6229, 35302
2042, 0.6233, 35319
2043, 0.6229, 35337
2044, 0.623, 35355
2045, 0.6231, 35373
2046, 0.623, 35390
2047, 0.6231, 35408
2048, 0.6231, 35426
2049, 0.6234, 35444
2050, 0.6234, 35461
2051, 0.6234, 35480
2052, 0.6233, 35497
2053, 0.6234, 35515
2054, 0.6237, 35533
2055, 0.6237, 35551
2056, 0.6239, 35569
2057, 0.624, 35587
2058, 0.6241, 35604
2059, 0.6242, 35622
2060, 0.6243, 35640
2061, 0.6242, 35658
2062, 0.6244, 35676
2063, 0.6241, 35694
2064, 0.6246, 35711
2065, 0.6245, 35729
2066, 0.6244, 35747
2067, 0.6243, 35764
2068, 0.6245, 35782
2069, 0.6242, 35800
2070, 0.6244, 35818
2071, 0.6243, 35835
2072, 0.6243, 35853
2073, 0.6244, 35871
2074, 0.6246, 35888
2075, 0.6247, 35906
2076, 0.6248, 35924
2077, 0.6248, 35943
2078, 0.6246, 35961
2079, 0.6248, 35978
2080, 0.6246, 35996
2081, 0.6246, 36013
2082, 0.6245, 36032
2083, 0.6245, 36050
2084, 0.6244, 36068
2085, 0.6244, 36085
2086, 0.6244, 36104
2087, 0.6242, 36121
2088, 0.6245, 36139
2089, 0.6246, 36157
2090, 0.6243, 36175
2091, 0.6243, 36193
2092, 0.6242, 36211
2093, 0.6242, 36229
2094, 0.6242, 36247
2095, 0.6241, 36264
2096, 0.6238, 36282
2097, 0.6237, 36300
2098, 0.6237, 36317
2099, 0.6237, 36335
2100, 0.6236, 36353
2101, 0.6236, 36371
2102, 0.6233, 36389
2103, 0.6236, 36407
2104, 0.6235, 36425
2105, 0.6234, 36442
2106, 0.6233, 36460
2107, 0.6233, 36479
2108, 0.6234, 36496
2109, 0.6234, 36514
2110, 0.6236, 36532
2111, 0.6236, 36550
2112, 0.6236, 36568
2113, 0.6236, 36586
2114, 0.6236, 36604
2115, 0.6236, 36622
2116, 0.6237, 36640
2117, 0.6239, 36657
2118, 0.6239, 36675
2119, 0.6238, 36693
2120, 0.6239, 36711
2121, 0.6239, 36728
2122, 0.624, 36746
2123, 0.6239, 36764
2124, 0.6238, 36782
2125, 0.6237, 36799
2126, 0.6237, 36817
2127, 0.6238, 36835
2128, 0.6236, 36853
2129, 0.6238, 36870
2130, 0.6242, 36888
2131, 0.6242, 36907
2132, 0.6243, 36924
2133, 0.624, 36942
2134, 0.624, 36959
2135, 0.6244, 36977
2136, 0.6245, 36995
2137, 0.6247, 37013
2138, 0.6247, 37031
2139, 0.6246, 37049
2140, 0.6248, 37067
2141, 0.6249, 37085
2142, 0.625, 37103
2143, 0.6249, 37120
2144, 0.6255, 37138
2145, 0.6255, 37156
2146, 0.6257, 37174
2147, 0.6256, 37192
2148, 0.6256, 37210
2149, 0.6261, 37228
2150, 0.6261, 37245
2151, 0.6261, 37263
2152, 0.626, 37281
2153, 0.6261, 37299
2154, 0.6259, 37317
2155, 0.6257, 37335
2156, 0.6257, 37353
2157, 0.6258, 37371
2158, 0.6259, 37389
2159, 0.6259, 37406
2160, 0.6258, 37424
2161, 0.6259, 37441
2162, 0.6257, 37460
2163, 0.6255, 37477
2164, 0.6256, 37495
2165, 0.6256, 37513
2166, 0.6255, 37531
2167, 0.6253, 37548
2168, 0.6254, 37566
2169, 0.6256, 37584
2170, 0.6252, 37602
2171, 0.6253, 37620
2172, 0.6252, 37638
2173, 0.6253, 37655
2174, 0.6256, 37673
2175, 0.6256, 37691
2176, 0.6255, 37708
2177, 0.6257, 37726
2178, 0.6259, 37744
2179, 0.6257, 37762
2180, 0.6254, 37780
2181, 0.6257, 37798
2182, 0.6257, 37815
2183, 0.6259, 37833
2184, 0.6257, 37852
2185, 0.6256, 37870
2186, 0.6258, 37887
2187, 0.6263, 37905
2188, 0.6264, 37923
2189, 0.6265, 37941
2190, 0.6266, 37959
2191, 0.6266, 37977
2192, 0.6268, 37994
2193, 0.6269, 38012
2194, 0.6268, 38030
2195, 0.6268, 38048
2196, 0.6267, 38067
2197, 0.6265, 38085
2198, 0.6265, 38103
2199, 0.6264, 38121
2200, 0.6265, 38139
2201, 0.6265, 38157
2202, 0.6267, 38175
2203, 0.6268, 38193
2204, 0.6267, 38211
2205, 0.6266, 38229
2206, 0.6266, 38247
2207, 0.6266, 38264
2208, 0.6268, 38282
2209, 0.6264, 38300
2210, 0.6262, 38318
2211, 0.626, 38336
2212, 0.6262, 38354
2213, 0.626, 38372
2214, 0.6262, 38390
2215, 0.6262, 38408
2216, 0.6263, 38426
2217, 0.6264, 38444
2218, 0.6264, 38461
2219, 0.6263, 38479
2220, 0.6263, 38497
2221, 0.6262, 38515
2222, 0.6262, 38532
2223, 0.6262, 38551
2224, 0.6265, 38568
2225, 0.6265, 38586
2226, 0.6263, 38604
2227, 0.6264, 38622
2228, 0.6267, 38640
2229, 0.6266, 38657
2230, 0.6266, 38675
2231, 0.6268, 38693
2232, 0.6267, 38711
2233, 0.6268, 38728
2234, 0.6266, 38746
2235, 0.6268, 38765
2236, 0.6268, 38782
2237, 0.6269, 38801
2238, 0.6269, 38819
2239, 0.6269, 38837
2240, 0.6268, 38855
2241, 0.6267, 38872
2242, 0.627, 38890
2243, 0.6272, 38908
2244, 0.6275, 38926
2245, 0.6274, 38944
2246, 0.6272, 38961
2247, 0.627, 38979
2248, 0.6269, 38996
2249, 0.6269, 39014
2250, 0.6268, 39032
2251, 0.6268, 39049
2252, 0.6265, 39067
2253, 0.6266, 39085
2254, 0.6265, 39103
2255, 0.6267, 39121
2256, 0.6268, 39139
2257, 0.6267, 39157
2258, 0.6268, 39175
2259, 0.6264, 39193
2260, 0.6264, 39210
2261, 0.6262, 39228
2262, 0.6263, 39246
2263, 0.6265, 39264
2264, 0.6265, 39282
2265, 0.6263, 39300
2266, 0.6264, 39318
2267, 0.6267, 39336
2268, 0.6268, 39353
2269, 0.6273, 39371
2270, 0.627, 39389
2271, 0.627, 39407
2272, 0.627, 39425
2273, 0.6268, 39443
2274, 0.627, 39461
2275, 0.6269, 39479
2276, 0.6269, 39496
2277, 0.6268, 39514
2278, 0.6269, 39532
2279, 0.6266, 39550
2280, 0.6267, 39567
2281, 0.6269, 39585
2282, 0.6268, 39604
2283, 0.6266, 39621
2284, 0.6263, 39639
2285, 0.6261, 39658
2286, 0.6262, 39676
2287, 0.626, 39694
2288, 0.6261, 39712
2289, 0.6264, 39730
2290, 0.6265, 39748
2291, 0.6262, 39765
2292, 0.6263, 39783
2293, 0.6266, 39801
2294, 0.6264, 39819
2295, 0.6263, 39837
2296, 0.6263, 39855
2297, 0.6264, 39873
2298, 0.6265, 39891
2299, 0.6265, 39908
2300, 0.6264, 39926
2301, 0.6265, 39944
2302, 0.6263, 39963
2303, 0.6263, 39980
2304, 0.6261, 39998
2305, 0.626, 40016
2306, 0.626, 40034
2307, 0.626, 40052
2308, 0.6258, 40071
2309, 0.6259, 40088
2310, 0.6258, 40106
2311, 0.626, 40124
2312, 0.626, 40141
2313, 0.6259, 40159
2314, 0.6262, 40177
2315, 0.6259, 40194
2316, 0.6261, 40213
2317, 0.626, 40230
2318, 0.6259, 40248
2319, 0.6258, 40266
2320, 0.626, 40284
2321, 0.6259, 40301
2322, 0.626, 40318
2323, 0.6259, 40336
2324, 0.6259, 40354
2325, 0.6258, 40371
2326, 0.6261, 40389
2327, 0.6259, 40407
2328, 0.626, 40424
2329, 0.6259, 40442
2330, 0.626, 40460
2331, 0.6258, 40478
2332, 0.626, 40496
2333, 0.6259, 40514
2334, 0.6259, 40532
2335, 0.6261, 40550
2336, 0.6261, 40568
2337, 0.6263, 40586
2338, 0.6261, 40603
2339, 0.6264, 40621
2340, 0.6264, 40639
2341, 0.6268, 40657
2342, 0.6268, 40675
2343, 0.6268, 40693
2344, 0.6269, 40711
2345, 0.6267, 40729
2346, 0.6266, 40747
2347, 0.6267, 40764
2348, 0.6266, 40782
2349, 0.6266, 40800
2350, 0.6266, 40818
2351, 0.6267, 40836
2352, 0.6266, 40854
2353, 0.6268, 40872
2354, 0.6266, 40890
2355, 0.6266, 40907
2356, 0.6267, 40926
2357, 0.6267, 40944
2358, 0.6269, 40962
2359, 0.6266, 40980
2360, 0.6267, 40998
2361, 0.6271, 41016
2362, 0.6269, 41033
2363, 0.6271, 41051
2364, 0.6272, 41069
2365, 0.6271, 41087
2366, 0.6272, 41105
2367, 0.6272, 41122
2368, 0.6271, 41140
2369, 0.6272, 41158
2370, 0.6276, 41176
2371, 0.6278, 41194
2372, 0.6276, 41212
2373, 0.6278, 41230
2374, 0.6276, 41247
2375, 0.6277, 41265
2376, 0.6279, 41283
2377, 0.628, 41300
2378, 0.628, 41318
2379, 0.6275, 41336
2380, 0.6276, 41353
2381, 0.6276, 41371
2382, 0.6277, 41389
2383, 0.6276, 41407
2384, 0.6278, 41425
2385, 0.6277, 41442
2386, 0.6278, 41460
2387, 0.6279, 41478
2388, 0.628, 41496
2389, 0.6278, 41514
2390, 0.6277, 41531
2391, 0.6276, 41549
2392, 0.6278, 41567
2393, 0.6278, 41585
2394, 0.6281, 41602
2395, 0.628, 41621
2396, 0.6281, 41638
2397, 0.6282, 41656
2398, 0.628, 41674
2399, 0.6281, 41692
2400, 0.6282, 41709
2401, 0.6282, 41727
2402, 0.6283, 41745
2403, 0.6284, 41763
2404, 0.6283, 41780
2405, 0.6284, 41798
2406, 0.6284, 41817
2407, 0.6284, 41835
2408, 0.6284, 41852
2409, 0.6287, 41870
2410, 0.6283, 41887
2411, 0.6283, 41905
2412, 0.6284, 41923
2413, 0.6286, 41941
2414, 0.6286, 41959
2415, 0.6285, 41976
2416, 0.629, 41994
2417, 0.6289, 42012
2418, 0.6287, 42030
2419, 0.6282, 42048
2420, 0.6282, 42066
2421, 0.6286, 42085
2422, 0.6286, 42103
2423, 0.6285, 42121
2424, 0.6286, 42138
2425, 0.6286, 42156
2426, 0.6283, 42174
2427, 0.6286, 42192
2428, 0.6286, 42210
2429, 0.6288, 42228
2430, 0.6287, 42246
2431, 0.6288, 42264
2432, 0.6288, 42282
2433, 0.6286, 42300
2434, 0.6281, 42318
2435, 0.6282, 42336
2436, 0.628, 42353
2437, 0.6282, 42371
2438, 0.6282, 42389
2439, 0.6284, 42407
2440, 0.6282, 42424
2441, 0.6283, 42442
2442, 0.6284, 42460
2443, 0.6283, 42478
2444, 0.6283, 42496
2445, 0.6287, 42513
2446, 0.6286, 42531
2447, 0.6287, 42549
2448, 0.6285, 42567
2449, 0.6286, 42585
2450, 0.6287, 42602
2451, 0.6286, 42620
2452, 0.6286, 42638
2453, 0.6285, 42656
2454, 0.6287, 42673
2455, 0.6287, 42691
2456, 0.6287, 42709
2457, 0.6286, 42727
2458, 0.6286, 42745
2459, 0.6288, 42764
2460, 0.6288, 42781
2461, 0.6288, 42799
2462, 0.6286, 42817
2463, 0.6287, 42834
2464, 0.6286, 42852
2465, 0.6287, 42870
2466, 0.6286, 42888
2467, 0.6284, 42906
2468, 0.6282, 42924
2469, 0.6283, 42941
2470, 0.6281, 42960
2471, 0.628, 42978
2472, 0.6284, 42996
2473, 0.6283, 43014
2474, 0.6283, 43032
2475, 0.6285, 43050
2476, 0.6285, 43068
2477, 0.6286, 43085
2478, 0.6285, 43102
2479, 0.6282, 43120
2480, 0.6283, 43138
2481, 0.6282, 43155
2482, 0.6283, 43173
2483, 0.6285, 43192
2484, 0.6289, 43209
2485, 0.629, 43227
2486, 0.629, 43245
2487, 0.629, 43263
2488, 0.629, 43281
2489, 0.6289, 43299
2490, 0.6288, 43317
2491, 0.6287, 43335
2492, 0.6291, 43353
2493, 0.6293, 43370
2494, 0.6293, 43388
2495, 0.629, 43406
2496, 0.6292, 43424
2497, 0.629, 43442
2498, 0.6292, 43460
2499, 0.6297, 43477
2500, 0.6296, 43495
2501, 0.6299, 43513
2502, 0.6295, 43531
2503, 0.63, 43549
2504, 0.6297, 43566
2505, 0.6296, 43584
2506, 0.6299, 43602
2507, 0.6303, 43620
2508, 0.6299, 43638
2509, 0.6299, 43656
2510, 0.6301, 43674
2511, 0.6304, 43692
2512, 0.6302, 43709
2513, 0.6302, 43728
2514, 0.6304, 43745
2515, 0.6303, 43763
2516, 0.6302, 43781
2517, 0.6302, 43799
2518, 0.6304, 43817
2519, 0.6306, 43835
2520, 0.6304, 43852
2521, 0.6306, 43870
2522, 0.63, 43888
2523, 0.6304, 43906
2524, 0.6303, 43923
2525, 0.6302, 43941
2526, 0.6299, 43959
2527, 0.6295, 43977
2528, 0.6296, 43994
2529, 0.6297, 44012
2530, 0.6298, 44030
2531, 0.6296, 44047
2532, 0.6299, 44065
2533, 0.6302, 44083
2534, 0.6301, 44101
2535, 0.6304, 44119
2536, 0.6306, 44136
2537, 0.6305, 44154
2538, 0.6302, 44172
2539, 0.6304, 44189
2540, 0.6306, 44207
2541, 0.6307, 44225
2542, 0.6308, 44243
2543, 0.6308, 44260
2544, 0.6308, 44278
2545, 0.6309, 44296
2546, 0.6308, 44314
2547, 0.6308, 44332
2548, 0.6305, 44349
2549, 0.6303, 44367
2550, 0.6303, 44385
2551, 0.6303, 44403
2552, 0.6302, 44421
2553, 0.63, 44439
2554, 0.6303, 44456
2555, 0.6302, 44474
2556, 0.6304, 44491
2557, 0.6305, 44509
2558, 0.6302, 44527
2559, 0.6304, 44544
2560, 0.6306, 44562
2561, 0.6307, 44580
2562, 0.6307, 44598
2563, 0.6308, 44616
2564, 0.6307, 44634
2565, 0.6305, 44651
2566, 0.6308, 44669
2567, 0.6307, 44687
2568, 0.6304, 44705
2569, 0.6309, 44723
2570, 0.6304, 44741
2571, 0.6309, 44759
2572, 0.6307, 44777
2573, 0.6308, 44795
2574, 0.6308, 44813
2575, 0.6307, 44830
2576, 0.6309, 44848
2577, 0.631, 44866
2578, 0.6309, 44884
2579, 0.6309, 44901
2580, 0.631, 44919
2581, 0.6308, 44937
2582, 0.6311, 44955
2583, 0.6311, 44973
2584, 0.6312, 44991
2585, 0.6311, 45008
2586, 0.6313, 45026
2587, 0.6309, 45044
2588, 0.6309, 45062
2589, 0.6311, 45079
2590, 0.631, 45097
2591, 0.6309, 45115
2592, 0.6307, 45133
2593, 0.6309, 45151
2594, 0.6308, 45168
2595, 0.6307, 45186
2596, 0.6309, 45204
2597, 0.6308, 45221
2598, 0.6307, 45239
2599, 0.631, 45257
2600, 0.6309, 45275
2601, 0.6305, 45293
2602, 0.6305, 45310
2603, 0.6305, 45329
2604, 0.6309, 45347
2605, 0.6309, 45365
2606, 0.6311, 45383
2607, 0.6308, 45400
2608, 0.6309, 45419
2609, 0.631, 45436
2610, 0.631, 45454
2611, 0.631, 45472
2612, 0.6311, 45490
2613, 0.631, 45508
2614, 0.6314, 45526
2615, 0.6314, 45544
2616, 0.6314, 45561
2617, 0.6312, 45579
2618, 0.6311, 45597
2619, 0.631, 45615
2620, 0.631, 45633
2621, 0.6311, 45651
2622, 0.631, 45669
2623, 0.6311, 45687
2624, 0.6312, 45705
2625, 0.6315, 45722
2626, 0.6315, 45740
2627, 0.6315, 45758
2628, 0.6315, 45776
2629, 0.6316, 45794
2630, 0.6312, 45812
2631, 0.6311, 45829
2632, 0.6313, 45847
2633, 0.6313, 45865
2634, 0.6314, 45883
2635, 0.6313, 45900
2636, 0.6314, 45918
2637, 0.6315, 45936
2638, 0.6316, 45954
2639, 0.6319, 45972
2640, 0.6322, 45989
2641, 0.6319, 46007
2642, 0.6318, 46025
2643, 0.632, 46043
2644, 0.6318, 46061
2645, 0.632, 46078
2646, 0.6321, 46096
2647, 0.6319, 46114
2648, 0.6318, 46132
2649, 0.6318, 46150
2650, 0.6314, 46168
2651, 0.6314, 46186
2652, 0.6316, 46204
2653, 0.6315, 46222
2654, 0.6316, 46239
2655, 0.6313, 46256
2656, 0.6314, 46275
2657, 0.6314, 46293
2658, 0.6314, 46311
2659, 0.6317, 46328
2660, 0.6316, 46347
2661, 0.6315, 46364
2662, 0.6317, 46382
2663, 0.6315, 46400
2664, 0.6314, 46418
2665, 0.6313, 46435
2666, 0.6313, 46453
2667, 0.6314, 46471
2668, 0.6315, 46489
2669, 0.6317, 46507
2670, 0.6318, 46524
2671, 0.6317, 46542
2672, 0.6317, 46560
2673, 0.6317, 46578
2674, 0.6315, 46596
2675, 0.6316, 46614
2676, 0.6315, 46632
2677, 0.6316, 46650
2678, 0.6313, 46667
2679, 0.6318, 46685
2680, 0.6317, 46703
2681, 0.6319, 46720
2682, 0.6317, 46738
2683, 0.6318, 46756
2684, 0.6318, 46774
2685, 0.6317, 46792
2686, 0.6318, 46810
2687, 0.6323, 46828
2688, 0.6323, 46846
2689, 0.6323, 46864
2690, 0.6323, 46882
2691, 0.6323, 46900
2692, 0.6321, 46917
2693, 0.6324, 46935
2694, 0.6324, 46953
2695, 0.6324, 46971
2696, 0.6325, 46988
2697, 0.6325, 47007
2698, 0.6325, 47025
2699, 0.6324, 47043
2700, 0.6324, 47060
2701, 0.6324, 47078
2702, 0.6322, 47096
2703, 0.6321, 47114
2704, 0.6321, 47132
2705, 0.6325, 47150
2706, 0.6324, 47168
2707, 0.6324, 47186
2708, 0.6323, 47204
2709, 0.6323, 47222
2710, 0.6323, 47240
2711, 0.632, 47258
2712, 0.6322, 47277
2713, 0.6322, 47294
2714, 0.6321, 47313
2715, 0.6322, 47330
2716, 0.632, 47348
2717, 0.6319, 47366
2718, 0.6321, 47383
2719, 0.632, 47401
2720, 0.6319, 47418
2721, 0.6322, 47436
2722, 0.6321, 47454
2723, 0.6322, 47472
2724, 0.6327, 47489
2725, 0.6325, 47507
2726, 0.6325, 47525
2727, 0.6324, 47542
2728, 0.6321, 47560
2729, 0.6323, 47578
2730, 0.6324, 47595
2731, 0.6325, 47613
2732, 0.6325, 47631
2733, 0.6323, 47648
2734, 0.6323, 47666
2735, 0.6321, 47684
2736, 0.6321, 47702
2737, 0.6321, 47720
2738, 0.6319, 47737
2739, 0.632, 47755
2740, 0.6318, 47773
2741, 0.6319, 47791
2742, 0.6319, 47809
2743, 0.6317, 47827
2744, 0.6317, 47844
2745, 0.6316, 47862
2746, 0.6318, 47880
2747, 0.6317, 47898
2748, 0.632, 47915
2749, 0.6318, 47933
2750, 0.632, 47951
2751, 0.6324, 47969
2752, 0.6324, 47987
2753, 0.6321, 48005
2754, 0.6324, 48023
2755, 0.632, 48041
2756, 0.632, 48058
2757, 0.632, 48076
2758, 0.6324, 48094
2759, 0.6324, 48112
2760, 0.6326, 48130
2761, 0.6326, 48147
2762, 0.6327, 48165
2763, 0.6329, 48183
2764, 0.6328, 48201
2765, 0.633, 48219
2766, 0.6332, 48237
2767, 0.6329, 48255
2768, 0.6332, 48272
2769, 0.6333, 48290
2770, 0.6333, 48307
2771, 0.6335, 48325
2772, 0.6337, 48343
2773, 0.6337, 48361
2774, 0.6333, 48378
2775, 0.6336, 48396
2776, 0.6334, 48414
2777, 0.6333, 48431
2778, 0.6336, 48449
2779, 0.6334, 48467
2780, 0.6335, 48485
2781, 0.6335, 48502
2782, 0.6337, 48519
2783, 0.6334, 48537
2784, 0.6334, 48554
2785, 0.6335, 48572
2786, 0.6333, 48589
2787, 0.6332, 48607
2788, 0.6331, 48625
2789, 0.6337, 48643
2790, 0.6334, 48661
2791, 0.6337, 48679
2792, 0.6333, 48697
2793, 0.6332, 48714
2794, 0.6336, 48732
2795, 0.6337, 48749
2796, 0.6336, 48767
2797, 0.6335, 48784
2798, 0.6334, 48802
2799, 0.6339, 48819
2800, 0.6338, 48837
2801, 0.6339, 48855
2802, 0.6338, 48873
2803, 0.6338, 48890
2804, 0.6336, 48908
2805, 0.6336, 48925
2806, 0.6338, 48943
2807, 0.6336, 48961
2808, 0.6336, 48979
2809, 0.6336, 48997
2810, 0.6338, 49014
2811, 0.6339, 49032
2812, 0.6342, 49050
2813, 0.6338, 49067
2814, 0.6342, 49085
2815, 0.6338, 49103
2816, 0.6336, 49121
2817, 0.6336, 49138
2818, 0.6338, 49156
2819, 0.6336, 49174
2820, 0.6336, 49192
2821, 0.6334, 49209
2822, 0.6336, 49227
2823, 0.6334, 49244
2824, 0.6331, 49262
2825, 0.6332, 49280
2826, 0.6333, 49298
2827, 0.6335, 49316
2828, 0.6336, 49333
2829, 0.6338, 49351
2830, 0.6334, 49369
2831, 0.6333, 49387
2832, 0.6333, 49405
2833, 0.6332, 49422
2834, 0.6333, 49440
2835, 0.6333, 49458
2836, 0.6332, 49476
2837, 0.633, 49493
2838, 0.633, 49511
2839, 0.6328, 49529
2840, 0.6328, 49547
2841, 0.6329, 49565
2842, 0.633, 49583
2843, 0.6329, 49600
2844, 0.6331, 49618
2845, 0.6331, 49635
2846, 0.6331, 49653
2847, 0.6333, 49671
2848, 0.6333, 49689
2849, 0.6333, 49707
2850, 0.6332, 49724
2851, 0.633, 49742
2852, 0.6329, 49759
2853, 0.6329, 49777
2854, 0.633, 49795
2855, 0.6332, 49813
2856, 0.6332, 49831
2857, 0.6327, 49849
2858, 0.6329, 49867
2859, 0.6331, 49885
2860, 0.6329, 49902
2861, 0.633, 49920
2862, 0.633, 49938
2863, 0.633, 49956
2864, 0.633, 49974
2865, 0.633, 49992
2866, 0.6332, 50009
2867, 0.633, 50027
2868, 0.6331, 50045
2869, 0.6328, 50062
2870, 0.6325, 50081
2871, 0.6328, 50098
2872, 0.6326, 50116
2873, 0.6326, 50134
2874, 0.6326, 50152
2875, 0.6326, 50169
2876, 0.6326, 50187
2877, 0.6325, 50205
2878, 0.6325, 50223
2879, 0.6325, 50241
2880, 0.6325, 50258
2881, 0.6323, 50276
2882, 0.6323, 50294
2883, 0.6323, 50312
2884, 0.6323, 50329
2885, 0.6322, 50347
2886, 0.6318, 50365
2887, 0.6318, 50383
2888, 0.6319, 50401
2889, 0.6318, 50418
2890, 0.6317, 50436
2891, 0.6314, 50455
2892, 0.6317, 50472
2893, 0.6317, 50490
2894, 0.6316, 50507
2895, 0.6315, 50525
2896, 0.6318, 50543
2897, 0.6319, 50561
2898, 0.6319, 50579
2899, 0.6315, 50596
2900, 0.6316, 50614
2901, 0.6316, 50632
2902, 0.6315, 50650
2903, 0.6314, 50667
2904, 0.6317, 50684
2905, 0.6319, 50702
2906, 0.6318, 50719
2907, 0.6318, 50737
2908, 0.6317, 50755
2909, 0.6319, 50772
2910, 0.6319, 50790
2911, 0.632, 50808
2912, 0.632, 50825
2913, 0.6319, 50843
2914, 0.632, 50861
2915, 0.632, 50879
2916, 0.6321, 50897
2917, 0.6321, 50914
2918, 0.6321, 50932
2919, 0.632, 50950
2920, 0.6324, 50967
2921, 0.6323, 50985
2922, 0.6322, 51003
2923, 0.6321, 51021
2924, 0.6322, 51038
2925, 0.632, 51057
2926, 0.6322, 51075
2927, 0.6321, 51092
2928, 0.632, 51110
2929, 0.632, 51128
2930, 0.6321, 51146
2931, 0.6319, 51164
2932, 0.6317, 51182
2933, 0.6317, 51199
2934, 0.6316, 51217
2935, 0.6315, 51234
2936, 0.6315, 51252
2937, 0.6316, 51270
2938, 0.6319, 51288
2939, 0.632, 51306
2940, 0.632, 51323
2941, 0.632, 51341
2942, 0.6317, 51359
2943, 0.6318, 51377
2944, 0.6321, 51395
2945, 0.6322, 51413
2946, 0.6322, 51431
2947, 0.6323, 51449
2948, 0.6321, 51466
2949, 0.6325, 51484
2950, 0.6327, 51502
2951, 0.6325, 51519
2952, 0.6323, 51537
2953, 0.6327, 51555
2954, 0.6325, 51573
2955, 0.6325, 51591
2956, 0.6326, 51609
2957, 0.6325, 51626
2958, 0.6322, 51644
2959, 0.6321, 51662
2960, 0.6321, 51680
2961, 0.6319, 51698
2962, 0.632, 51715
2963, 0.6319, 51733
2964, 0.6319, 51751
2965, 0.6317, 51769
2966, 0.6317, 51786
2967, 0.6318, 51804
2968, 0.6314, 51822
2969, 0.6315, 51840
2970, 0.6313, 51857
2971, 0.6313, 51875
2972, 0.631, 51893
2973, 0.6309, 51911
2974, 0.6309, 51929
2975, 0.6309, 51947
2976, 0.6309, 51965
2977, 0.631, 51983
2978, 0.631, 52000
2979, 0.631, 52018
2980, 0.6308, 52036
2981, 0.6308, 52054
2982, 0.6308, 52072
2983, 0.6309, 52090
2984, 0.6307, 52108
2985, 0.6306, 52126
2986, 0.6307, 52143
2987, 0.6305, 52161
2988, 0.6307, 52179
2989, 0.6307, 52197
2990, 0.6308, 52215
2991, 0.6312, 52232
2992, 0.6311, 52250
2993, 0.6309, 52268
2994, 0.6307, 52285
2995, 0.6305, 52303
2996, 0.6307, 52321
2997, 0.6307, 52339
2998, 0.6305, 52357
2999, 0.6305, 52375
3000, 0.6304, 52393
3001, 0.6304, 52411
3002, 0.6304, 52428
3003, 0.6306, 52446
3004, 0.6305, 52464
3005, 0.6305, 52482
3006, 0.6304, 52499
3007, 0.6305, 52517
3008, 0.6304, 52535
3009, 0.6303, 52553
3010, 0.6308, 52570
3011, 0.6305, 52588
3012, 0.6305, 52605
3013, 0.6303, 52623
3014, 0.6302, 52641
3015, 0.6303, 52659
3016, 0.6305, 52677
3017, 0.6304, 52695
3018, 0.6301, 52712
3019, 0.6301, 52730
3020, 0.6301, 52748
3021, 0.6299, 52765
3022, 0.6299, 52783
3023, 0.6297, 52800
3024, 0.6298, 52818
3025, 0.6298, 52836
3026, 0.6298, 52854
3027, 0.6302, 52871
3028, 0.63, 52889
3029, 0.6301, 52908
3030, 0.6303, 52926
3031, 0.6301, 52944
3032, 0.6298, 52961
3033, 0.6296, 52979
3034, 0.6295, 52997
3035, 0.6295, 53014
3036, 0.6295, 53033
3037, 0.6296, 53050
3038, 0.6297, 53068
3039, 0.6294, 53086
3040, 0.6296, 53104
3041, 0.6295, 53122
3042, 0.6294, 53139
3043, 0.6296, 53157
3044, 0.6296, 53175
3045, 0.6296, 53192
3046, 0.6297, 53210
3047, 0.6299, 53228
3048, 0.6298, 53245
3049, 0.6298, 53263
3050, 0.6297, 53281
3051, 0.6294, 53298
3052, 0.6297, 53316
3053, 0.6293, 53334
3054, 0.6295, 53351
3055, 0.6295, 53370
3056, 0.6298, 53387
3057, 0.6298, 53405
3058, 0.6297, 53425
3059, 0.6298, 53444
3060, 0.6299, 53461
3061, 0.6299, 53479
3062, 0.63, 53496
3063, 0.6297, 53514
3064, 0.6298, 53531
3065, 0.6297, 53549
3066, 0.6297, 53567
3067, 0.6296, 53585
3068, 0.6299, 53602
3069, 0.6297, 53619
3070, 0.6296, 53637
3071, 0.6295, 53655
3072, 0.6297, 53673
3073, 0.63, 53690
3074, 0.63, 53708
3075, 0.6301, 53726
3076, 0.63, 53743
3077, 0.6301, 53761
3078, 0.6303, 53779
3079, 0.6305, 53797
3080, 0.6305, 53815
3081, 0.6305, 53832
3082, 0.63, 53850
3083, 0.6297, 53867
3084, 0.6298, 53885
3085, 0.6299, 53903
3086, 0.6298, 53921
3087, 0.6297, 53939
3088, 0.63, 53956
3089, 0.6301, 53974
3090, 0.6299, 53992
3091, 0.63, 54010
3092, 0.6301, 54028
3093, 0.6297, 54046
3094, 0.6299, 54064
3095, 0.6298, 54082
3096, 0.6299, 54099
3097, 0.6301, 54117
3098, 0.6299, 54135
3099, 0.63, 54153
3100, 0.6299, 54170
3101, 0.63, 54188
3102, 0.6297, 54206
3103, 0.6297, 54224
3104, 0.6301, 54241
3105, 0.6297, 54259
3106, 0.6299, 54277
3107, 0.6298, 54294
3108, 0.6299, 54311
3109, 0.6299, 54329
3110, 0.6297, 54347
3111, 0.6292, 54366
3112, 0.6292, 54383
3113, 0.629, 54400
3114, 0.6292, 54418
3115, 0.6291, 54435
3116, 0.6288, 54453
3117, 0.6289, 54471
3118, 0.6288, 54489
3119, 0.6288, 54507
3120, 0.6289, 54524
3121, 0.6289, 54542
3122, 0.629, 54560
3123, 0.6291, 54578
3124, 0.6294, 54596
3125, 0.6292, 54614
3126, 0.6293, 54631
3127, 0.6292, 54649
3128, 0.6297, 54667
3129, 0.6297, 54684
3130, 0.6301, 54702
3131, 0.6302, 54720
3132, 0.6304, 54738
3133, 0.6304, 54756
3134, 0.6303, 54774
3135, 0.6303, 54792
3136, 0.63, 54809
3137, 0.6297, 54827
3138, 0.6297, 54845
3139, 0.6297, 54863
3140, 0.6297, 54880
3141, 0.6296, 54898
3142, 0.6296, 54916
3143, 0.6294, 54934
3144, 0.6293, 54952
3145, 0.6292, 54969
3146, 0.6292, 54987
3147, 0.6291, 55005
3148, 0.6293, 55024
3149, 0.6293, 55041
3150, 0.6292, 55059
3151, 0.6292, 55077
3152, 0.629, 55095
3153, 0.6292, 55113
3154, 0.6292, 55130
3155, 0.629, 55148
3156, 0.6294, 55165
3157, 0.6294, 55183
3158, 0.6295, 55200
3159, 0.6295, 55218
3160, 0.6294, 55235
3161, 0.6296, 55253
3162, 0.6295, 55271
3163, 0.6295, 55288
3164, 0.6293, 55306
3165, 0.6293, 55324
3166, 0.6293, 55341
3167, 0.6293, 55359
3168, 0.6294, 55377
3169, 0.6293, 55395
3170, 0.6291, 55413
3171, 0.629, 55430
3172, 0.6291, 55448
3173, 0.6289, 55465
3174, 0.629, 55483
3175, 0.6291, 55501
3176, 0.6289, 55518
3177, 0.6289, 55536
3178, 0.6289, 55554
3179, 0.6288, 55572
3180, 0.629, 55590
3181, 0.6292, 55608
3182, 0.6294, 55626
3183, 0.6292, 55644
3184, 0.6291, 55661
3185, 0.629, 55679
3186, 0.629, 55697
3187, 0.6287, 55715
3188, 0.6287, 55733
3189, 0.6284, 55751
3190, 0.6282, 55768
3191, 0.6283, 55786
3192, 0.6281, 55804
3193, 0.6281, 55821
3194, 0.6282, 55839
3195, 0.6285, 55857
3196, 0.6281, 55875
3197, 0.6279, 55893
3198, 0.6277, 55911
3199, 0.6276, 55929
3200, 0.6278, 55946
3201, 0.6277, 55964
3202, 0.6275, 55982
3203, 0.6275, 56000
3204, 0.6277, 56017
3205, 0.6274, 56035
3206, 0.6274, 56053
3207, 0.6274, 56071
3208, 0.6272, 56089
3209, 0.627, 56106
3210, 0.6275, 56124
3211, 0.6274, 56142
3212, 0.6273, 56160
3213, 0.6271, 56178
3214, 0.627, 56195
3215, 0.627, 56213
3216, 0.6273, 56231
3217, 0.6273, 56249
3218, 0.6273, 56267
3219, 0.6275, 56284
3220, 0.6275, 56302
3221, 0.6275, 56320
3222, 0.6278, 56338
3223, 0.6277, 56355
3224, 0.6279, 56373
3225, 0.6276, 56391
3226, 0.6276, 56409
3227, 0.6277, 56426
3228, 0.6275, 56444
3229, 0.6276, 56462
3230, 0.6277, 56480
3231, 0.6275, 56497
3232, 0.6274, 56515
3233, 0.6273, 56534
3234, 0.6277, 56551
3235, 0.6273, 56569
3236, 0.6277, 56587
3237, 0.6276, 56605
3238, 0.6275, 56622
3239, 0.6273, 56640
3240, 0.6272, 56658
3241, 0.627, 56676
3242, 0.6273, 56693
3243, 0.6269, 56711
3244, 0.6271, 56729
3245, 0.6272, 56746
3246, 0.6273, 56764
3247, 0.6272, 56782
3248, 0.6273, 56799
3249, 0.6273, 56817
3250, 0.6271, 56835
3251, 0.6271, 56853
3252, 0.6271, 56871
3253, 0.6267, 56888
3254, 0.6269, 56906
3255, 0.6269, 56924
3256, 0.6267, 56942
3257, 0.6267, 56960
3258, 0.6269, 56977
3259, 0.6267, 56995
3260, 0.627, 57013
3261, 0.6268, 57030
3262, 0.6267, 57048
3263, 0.6266, 57066
3264, 0.6267, 57084
3265, 0.6267, 57102
3266, 0.6266, 57120
3267, 0.6266, 57138
3268, 0.6262, 57156
3269, 0.6264, 57174
3270, 0.6261, 57191
3271, 0.6261, 57209
3272, 0.626, 57226
3273, 0.6262, 57244
3274, 0.6261, 57262
3275, 0.6261, 57280
3276, 0.626, 57297
3277, 0.6261, 57315
3278, 0.626, 57333
3279, 0.6261, 57351
3280, 0.6261, 57368
3281, 0.6258, 57386
3282, 0.6258, 57404
3283, 0.6257, 57421
3284, 0.6256, 57439
3285, 0.6256, 57457
3286, 0.6256, 57474
3287, 0.6255, 57492
3288, 0.6256, 57510
3289, 0.6257, 57528
3290, 0.6257, 57546
3291, 0.6254, 57563
3292, 0.6254, 57581
3293, 0.6252, 57599
3294, 0.6255, 57616
3295, 0.6256, 57634
3296, 0.6257, 57653
3297, 0.6258, 57670
3298, 0.6257, 57688
3299, 0.6256, 57706
3300, 0.6258, 57724
3301, 0.6257, 57741
3302, 0.6257, 57758
3303, 0.6254, 57776
3304, 0.6254, 57794
3305, 0.6254, 57811
3306, 0.6254, 57829
3307, 0.6255, 57846
3308, 0.6256, 57864
3309, 0.6255, 57882
3310, 0.6257, 57900
3311, 0.6256, 57917
3312, 0.6257, 57935
3313, 0.6257, 57953
3314, 0.6255, 57971
3315, 0.6255, 57989
3316, 0.6252, 58006
3317, 0.6249, 58024
3318, 0.6249, 58042
3319, 0.6251, 58060
3320, 0.6253, 58078
3321, 0.6251, 58096
3322, 0.625, 58114
3323, 0.6249, 58132
3324, 0.625, 58150
3325, 0.6251, 58167
3326, 0.625, 58185
3327, 0.6249, 58203
3328, 0.6248, 58221
3329, 0.6248, 58238
3330, 0.625, 58256
3331, 0.625, 58274
3332, 0.625, 58292
3333, 0.6249, 58310
3334, 0.6255, 58328
3335, 0.6254, 58346
3336, 0.6251, 58363
3337, 0.6255, 58381
3338, 0.6254, 58398
3339, 0.6256, 58416
3340, 0.6253, 58434
3341, 0.6251, 58452
3342, 0.6251, 58469
3343, 0.6253, 58487
3344, 0.6252, 58504
3345, 0.6255, 58522
3346, 0.6253, 58540
3347, 0.6252, 58557
3348, 0.6247, 58576
3349, 0.6246, 58594
3350, 0.6252, 58612
3351, 0.625, 58629
3352, 0.6251, 58647
3353, 0.6246, 58665
3354, 0.6247, 58682
3355, 0.6246, 58700
3356, 0.6247, 58717
3357, 0.6248, 58735
3358, 0.6247, 58752
3359, 0.6251, 58770
3360, 0.6249, 58788
3361, 0.6248, 58806
3362, 0.6248, 58824
3363, 0.6249, 58842
3364, 0.6247, 58859
3365, 0.6247, 58877
3366, 0.6247, 58895
3367, 0.6248, 58912
3368, 0.6246, 58930
3369, 0.6248, 58948
3370, 0.6248, 58966
3371, 0.6248, 58984
3372, 0.6246, 59002
3373, 0.6245, 59020
3374, 0.6242, 59038
3375, 0.624, 59056
3376, 0.6242, 59073
3377, 0.6242, 59091
3378, 0.6244, 59109
3379, 0.6244, 59127
3380, 0.6245, 59144
3381, 0.6243, 59162
3382, 0.6242, 59180
3383, 0.624, 59198
3384, 0.6242, 59215
3385, 0.6243, 59233
3386, 0.6242, 59251
3387, 0.6242, 59269
3388, 0.6244, 59286
3389, 0.6245, 59304
3390, 0.6247, 59321
3391, 0.6246, 59339
3392, 0.6246, 59356
3393, 0.6245, 59374
3394, 0.6246, 59392
3395, 0.6245, 59410
3396, 0.6247, 59427
3397, 0.6246, 59445
3398, 0.625, 59463
3399, 0.625, 59480
3400, 0.6249, 59498
3401, 0.6249, 59516
3402, 0.6249, 59533
3403, 0.6247, 59551
3404, 0.6248, 59569
3405, 0.6248, 59587
3406, 0.625, 59605
3407, 0.625, 59623
3408, 0.6248, 59641
3409, 0.6248, 59658
3410, 0.6248, 59676
3411, 0.6246, 59694
3412, 0.625, 59711
3413, 0.6248, 59729
3414, 0.6248, 59747
3415, 0.6247, 59764
3416, 0.6248, 59782
3417, 0.625, 59800
3418, 0.6248, 59818
3419, 0.6248, 59836
3420, 0.6252, 59853
3421, 0.6249, 59871
3422, 0.6251, 59889
3423, 0.625, 59907
3424, 0.6253, 59925
3425, 0.6253, 59943
3426, 0.6252, 59961
3427, 0.6253, 59979
3428, 0.6251, 59996
3429, 0.6249, 60013
3430, 0.6246, 60031
3431, 0.6244, 60049
3432, 0.6246, 60067
3433, 0.6246, 60084
3434, 0.625, 60102
3435, 0.6249, 60119
3436, 0.6249, 60137
3437, 0.6249, 60155
3438, 0.6248, 60173
3439, 0.6244, 60191
3440, 0.6246, 60208
3441, 0.6247, 60226
3442, 0.6247, 60244
3443, 0.6248, 60262
3444, 0.6248, 60280
3445, 0.6246, 60297
3446, 0.6247, 60315
3447, 0.6247, 60333
3448, 0.6249, 60350
3449, 0.6245, 60368
3450, 0.6245, 60386
3451, 0.6245, 60403
3452, 0.6243, 60421
3453, 0.6245, 60439
3454, 0.6244, 60457
3455, 0.6244, 60474
3456, 0.6242, 60492
3457, 0.6241, 60510
3458, 0.6241, 60528
3459, 0.6242, 60545
3460, 0.6242, 60563
3461, 0.6241, 60581
3462, 0.6237, 60599
3463, 0.6241, 60616
3464, 0.6238, 60635
3465, 0.624, 60652
3466, 0.6239, 60670
3467, 0.6239, 60688
3468, 0.6236, 60706
3469, 0.6237, 60723
3470, 0.6239, 60741
3471, 0.6238, 60759
3472, 0.6238, 60776
3473, 0.6241, 60794
3474, 0.6239, 60812
3475, 0.6238, 60829
3476, 0.6237, 60847
3477, 0.6239, 60865
3478, 0.6238, 60882
3479, 0.6239, 60900
3480, 0.6238, 60917
3481, 0.6236, 60935
3482, 0.6237, 60953
3483, 0.6237, 60970
3484, 0.6238, 60988
3485, 0.6237, 61005
3486, 0.6237, 61023
3487, 0.6238, 61041
3488, 0.624, 61059
3489, 0.624, 61076
3490, 0.6242, 61094
3491, 0.624, 61112
3492, 0.6241, 61129
3493, 0.6241, 61147
3494, 0.6244, 61165
3495, 0.6244, 61182
3496, 0.6245, 61200
3497, 0.6244, 61217
3498, 0.6247, 61235
3499, 0.6242, 61252
3500, 0.6241, 61270
3501, 0.6241, 61288
3502, 0.6244, 61305
3503, 0.6244, 61323
3504, 0.6246, 61341
3505, 0.6244, 61359
3506, 0.6246, 61377
3507, 0.6246, 61395
3508, 0.6246, 61412
3509, 0.6244, 61430
3510, 0.6248, 61448
3511, 0.6249, 61466
3512, 0.625, 61484
3513, 0.6248, 61501
3514, 0.6246, 61519
3515, 0.6247, 61537
3516, 0.6246, 61555
3517, 0.6244, 61572
3518, 0.624, 61590
3519, 0.6244, 61607
3520, 0.6244, 61625
3521, 0.6243, 61643
3522, 0.6243, 61660
3523, 0.6242, 61678
3524, 0.6243, 61696
3525, 0.6241, 61714
3526, 0.6245, 61732
3527, 0.6241, 61749
3528, 0.6244, 61767
3529, 0.6243, 61785
3530, 0.6241, 61803
3531, 0.6241, 61821
3532, 0.6244, 61838
3533, 0.6243, 61856
3534, 0.624, 61874
3535, 0.6239, 61892
3536, 0.624, 61910
3537, 0.6241, 61927
3538, 0.624, 61945
3539, 0.6239, 61963
3540, 0.6237, 61980
3541, 0.6237, 61998
3542, 0.6235, 62016
3543, 0.6237, 62034
3544, 0.6236, 62051
3545, 0.6237, 62069
3546, 0.6237, 62087
3547, 0.6238, 62105
3548, 0.6236, 62122
3549, 0.6234, 62140
3550, 0.6235, 62158
3551, 0.6233, 62176
3552, 0.6232, 62194
3553, 0.6233, 62212
3554, 0.6233, 62229
3555, 0.6233, 62247
3556, 0.6233, 62265
3557, 0.6235, 62283
3558, 0.6233, 62300
3559, 0.6236, 62318
3560, 0.6235, 62335
3561, 0.6235, 62353
3562, 0.6236, 62371
3563, 0.6234, 62389
3564, 0.6233, 62407
3565, 0.6237, 62424
3566, 0.6238, 62442
3567, 0.6238, 62460
3568, 0.6237, 62477
3569, 0.6238, 62495
3570, 0.6233, 62513
3571, 0.6235, 62531
3572, 0.6235, 62549
3573, 0.6233, 62566
3574, 0.6233, 62584
3575, 0.6237, 62602
3576, 0.6236, 62620
3577, 0.6234, 62637
3578, 0.6238, 62655
3579, 0.6238, 62673
3580, 0.6239, 62691
3581, 0.6237, 62709
3582, 0.6235, 62726
3583, 0.6235, 62743
3584, 0.6233, 62761
3585, 0.6232, 62779
3586, 0.6232, 62797
3587, 0.6233, 62814
3588, 0.6235, 62832
3589, 0.6238, 62850
3590, 0.6237, 62868
3591, 0.624, 62885
3592, 0.624, 62903
3593, 0.6238, 62921
3594, 0.6237, 62939
3595, 0.624, 62957
3596, 0.6238, 62974
3597, 0.624, 62992
3598, 0.624, 63009
3599, 0.6241, 63027
3600, 0.6239, 63045
3601, 0.6239, 63062
3602, 0.6241, 63080
3603, 0.6239, 63098
3604, 0.6239, 63115
3605, 0.624, 63133
3606, 0.6239, 63151
3607, 0.6241, 63168
3608, 0.6239, 63186
3609, 0.6239, 63204
3610, 0.6237, 63221
3611, 0.6241, 63238
3612, 0.6243, 63256
3613, 0.6244, 63274
3614, 0.6245, 63292
3615, 0.6245, 63309
3616, 0.6248, 63327
3617, 0.6245, 63345
3618, 0.6246, 63362
3619, 0.6243, 63380
3620, 0.6247, 63398
3621, 0.6246, 63415
3622, 0.6244, 63433
3623, 0.6242, 63450
3624, 0.6244, 63468
3625, 0.6244, 63485
3626, 0.6241, 63503
3627, 0.6241, 63521
3628, 0.624, 63539
3629, 0.6242, 63556
3630, 0.6241, 63574
3631, 0.6244, 63592
3632, 0.6244, 63609
3633, 0.6242, 63627
3634, 0.6242, 63645
3635, 0.6241, 63663
3636, 0.6242, 63680
3637, 0.6242, 63698
3638, 0.6243, 63716
3639, 0.6243, 63733
3640, 0.624, 63751
3641, 0.6243, 63769
3642, 0.6244, 63787
3643, 0.6245, 63804
3644, 0.6243, 63822
3645, 0.6242, 63840
3646, 0.6241, 63857
3647, 0.6243, 63875
3648, 0.6243, 63893
3649, 0.6244, 63911
3650, 0.6245, 63928
3651, 0.624, 63946
3652, 0.624, 63964
3653, 0.624, 63982
3654, 0.624, 64000
3655, 0.6241, 64017
3656, 0.6239, 64035
3657, 0.624, 64053
3658, 0.6244, 64070
3659, 0.6244, 64088
3660, 0.6241, 64106
3661, 0.6242, 64123
3662, 0.6243, 64141
3663, 0.624, 64159
3664, 0.6242, 64176
3665, 0.6242, 64194
3666, 0.6239, 64212
3667, 0.6244, 64230
3668, 0.6244, 64247
3669, 0.6242, 64265
3670, 0.6242, 64283
3671, 0.624, 64301
3672, 0.624, 64318
3673, 0.6243, 64336
3674, 0.624, 64353
3675, 0.6245, 64371
3676, 0.6242, 64388
3677, 0.6242, 64406
3678, 0.6242, 64424
3679, 0.6239, 64442
3680, 0.624, 64459
3681, 0.624, 64478
3682, 0.624, 64495
3683, 0.6239, 64513
3684, 0.6236, 64530
3685, 0.624, 64548
3686, 0.6238, 64566
3687, 0.6238, 64584
3688, 0.6238, 64601
3689, 0.6236, 64619
3690, 0.6238, 64636
3691, 0.624, 64654
3692, 0.6241, 64672
3693, 0.6239, 64689
3694, 0.6239, 64707
3695, 0.6237, 64725
3696, 0.6242, 64743
3697, 0.624, 64760
3698, 0.6239, 64778
3699, 0.6238, 64796
3700, 0.6238, 64814
3701, 0.6238, 64832
3702, 0.6237, 64850
3703, 0.6239, 64867
3704, 0.6242, 64885
3705, 0.6239, 64902
3706, 0.624, 64920
3707, 0.6239, 64938
3708, 0.6237, 64956
3709, 0.6238, 64973
3710, 0.6238, 64991
3711, 0.6233, 65009
3712, 0.6233, 65027
3713, 0.6233, 65044
3714, 0.6233, 65062
3715, 0.6233, 65080
3716, 0.6232, 65098
3717, 0.6232, 65118
3718, 0.6233, 65137
3719, 0.6231, 65155
3720, 0.6234, 65173
3721, 0.6233, 65190
3722, 0.6231, 65208
3723, 0.6229, 65226
3724, 0.6228, 65244
3725, 0.623, 65262
3726, 0.6225, 65280
3727, 0.623, 65298
3728, 0.6227, 65316
3729, 0.6229, 65335
3730, 0.6228, 65353
3731, 0.623, 65371
3732, 0.6231, 65389
3733, 0.623, 65407
3734, 0.623, 65425
3735, 0.6232, 65442
3736, 0.6234, 65461
3737, 0.6232, 65479
3738, 0.6226, 65496
3739, 0.6224, 65514
3740, 0.6225, 65532
3741, 0.6227, 65550
3742, 0.6228, 65568
3743, 0.6227, 65586
3744, 0.6228, 65604
3745, 0.6228, 65622
3746, 0.6228, 65640
3747, 0.6231, 65658
3748, 0.6227, 65676
3749, 0.6229, 65693
3750, 0.6228, 65711
3751, 0.6229, 65729
3752, 0.6227, 65747
3753, 0.6228, 65765
3754, 0.6229, 65782
3755, 0.6227, 65800
3756, 0.6229, 65819
3757, 0.6228, 65836
3758, 0.6229, 65854
3759, 0.6232, 65872
3760, 0.6228, 65890
3761, 0.6229, 65907
3762, 0.6226, 65925
3763, 0.6228, 65944
3764, 0.6227, 65961
3765, 0.6225, 65979
3766, 0.6227, 65997
3767, 0.6225, 66015
3768, 0.6225, 66033
3769, 0.6221, 66051
3770, 0.6217, 66068
3771, 0.622, 66086
3772, 0.6219, 66104
3773, 0.6216, 66121
3774, 0.6215, 66139
3775, 0.6214, 66157
3776, 0.6212, 66175
3777, 0.6213, 66192
3778, 0.6214, 66210
3779, 0.6211, 66228
3780, 0.6212, 66246
3781, 0.6212, 66264
3782, 0.6212, 66281
3783, 0.6209, 66299
3784, 0.6211, 66317
3785, 0.6208, 66335
3786, 0.6213, 66353
3787, 0.621, 66371
3788, 0.621, 66388
3789, 0.6208, 66407
3790, 0.6209, 66424
3791, 0.6207, 66442
3792, 0.6207, 66460
3793, 0.6209, 66478
3794, 0.6209, 66496
3795, 0.6207, 66513
3796, 0.6205, 66531
3797, 0.6207, 66549
3798, 0.6205, 66566
3799, 0.6206, 66584
3800, 0.6207, 66601
3801, 0.6209, 66619
3802, 0.6208, 66637
3803, 0.6208, 66654
3804, 0.6209, 66673
3805, 0.6206, 66691
3806, 0.6208, 66709
3807, 0.6206, 66726
3808, 0.6206, 66744
3809, 0.6208, 66762
3810, 0.6206, 66779
3811, 0.6204, 66797
3812, 0.6205, 66815
3813, 0.6204, 66833
3814, 0.6203, 66851
3815, 0.6204, 66869
3816, 0.6204, 66887
3817, 0.6203, 66904
3818, 0.6204, 66922
3819, 0.6204, 66940
3820, 0.6203, 66958
3821, 0.6203, 66976
3822, 0.6203, 66994
3823, 0.6205, 67011
3824, 0.6203, 67029
3825, 0.6201, 67047
3826, 0.6202, 67065
3827, 0.6201, 67083
3828, 0.62, 67100
3829, 0.62, 67118
3830, 0.6202, 67136
3831, 0.6203, 67154
3832, 0.6202, 67171
3833, 0.6202, 67189
3834, 0.62, 67207
3835, 0.6204, 67225
3836, 0.6204, 67243
3837, 0.6207, 67261
3838, 0.6207, 67279
3839, 0.6209, 67297
3840, 0.6209, 67315
3841, 0.6209, 67334
3842, 0.6208, 67354
3843, 0.6209, 67374
3844, 0.6211, 67392
3845, 0.6207, 67411
3846, 0.6206, 67428
3847, 0.6204, 67447
3848, 0.6206, 67465
3849, 0.6205, 67482
3850, 0.6207, 67500
3851, 0.6206, 67518
3852, 0.6211, 67535
3853, 0.621, 67554
3854, 0.6208, 67571
3855, 0.6209, 67590
3856, 0.6209, 67608
3857, 0.6208, 67626
3858, 0.6208, 67643
3859, 0.6207, 67661
3860, 0.6208, 67679
3861, 0.621, 67697
3862, 0.621, 67714
3863, 0.621, 67732
3864, 0.6205, 67750
3865, 0.6207, 67768
3866, 0.6206, 67786
3867, 0.6207, 67804
3868, 0.6206, 67821
3869, 0.6207, 67839
3870, 0.6206, 67857
3871, 0.6202, 67875
3872, 0.6203, 67893
3873, 0.6201, 67911
3874, 0.6199, 67929
3875, 0.6198, 67947
3876, 0.6197, 67965
3877, 0.6198, 67982
3878, 0.6199, 68001
3879, 0.6199, 68018
3880, 0.6199, 68036
3881, 0.6198, 68054
3882, 0.6199, 68072
3883, 0.62, 68090
3884, 0.6199, 68107
3885, 0.62, 68125
3886, 0.6199, 68143
3887, 0.62, 68161
3888, 0.6198, 68178
3889, 0.6197, 68196
3890, 0.6196, 68213
3891, 0.6193, 68231
3892, 0.6194, 68249
3893, 0.6194, 68267
3894, 0.6191, 68285
3895, 0.6194, 68302
3896, 0.6194, 68320
3897, 0.6194, 68337
3898, 0.6196, 68355
3899, 0.6195, 68373
3900, 0.6193, 68391
3901, 0.6194, 68409
3902, 0.6193, 68426
3903, 0.6192, 68444
3904, 0.6193, 68462
3905, 0.6193, 68480
3906, 0.6194, 68498
3907, 0.6194, 68516
3908, 0.6191, 68534
3909, 0.6194, 68552
3910, 0.6192, 68569
3911, 0.6193, 68587
3912, 0.6193, 68605
3913, 0.6191, 68623
3914, 0.6192, 68641
3915, 0.6192, 68659
3916, 0.6191, 68676
3917, 0.6193, 68694
3918, 0.6191, 68712
3919, 0.6192, 68730
3920, 0.6189, 68748
3921, 0.619, 68765
3922, 0.6188, 68783
3923, 0.6189, 68801
3924, 0.6187, 68819
3925, 0.6191, 68836
3926, 0.6188, 68854
3927, 0.6192, 68873
3928, 0.6192, 68890
3929, 0.6195, 68908
3930, 0.619, 68925
3931, 0.6196, 68943
3932, 0.6195, 68961
3933, 0.6196, 68980
3934, 0.6198, 68997
3935, 0.6195, 69015
3936, 0.6196, 69033
3937, 0.6196, 69051
3938, 0.6192, 69068
3939, 0.619, 69086
3940, 0.6191, 69104
3941, 0.6191, 69122
3942, 0.6192, 69140
3943, 0.6192, 69157
3944, 0.6191, 69176
3945, 0.6193, 69194
3946, 0.6192, 69212
3947, 0.6191, 69230
3948, 0.6193, 69247
3949, 0.6194, 69266
3950, 0.619, 69284
3951, 0.6191, 69301
3952, 0.6191, 69319
3953, 0.6188, 69337
3954, 0.619, 69354
3955, 0.6189, 69372
3956, 0.6188, 69390
3957, 0.6186, 69407
3958, 0.6187, 69426
3959, 0.6188, 69443
3960, 0.6188, 69461
3961, 0.6188, 69478
3962, 0.6185, 69496
3963, 0.6188, 69514
3964, 0.6187, 69532
3965, 0.6192, 69550
3966, 0.6188, 69568
3967, 0.6184, 69585
3968, 0.619, 69603
3969, 0.6186, 69621
3970, 0.6191, 69638
3971, 0.6191, 69656
3972, 0.619, 69674
3973, 0.6192, 69691
3974, 0.6192, 69709
3975, 0.6193, 69727
3976, 0.6193, 69744
3977, 0.619, 69762
3978, 0.619, 69780
3979, 0.6192, 69797
3980, 0.619, 69815
3981, 0.6192, 69833
3982, 0.6191, 69851
3983, 0.619, 69869
3984, 0.619, 69886
3985, 0.6187, 69904
3986, 0.619, 69922
3987, 0.6188, 69940
3988, 0.6191, 69958
3989, 0.619, 69975
3990, 0.6192, 69993
3991, 0.619, 70011
3992, 0.6193, 70029
3993, 0.6193, 70046
3994, 0.6194, 70064
3995, 0.619, 70082
3996, 0.6197, 70099
3997, 0.6191, 70117
3998, 0.6193, 70135
3999, 0.619, 70152
4000, 0.619, 70170
4001, 0.619, 70188
4002, 0.6192, 70206
4003, 0.6192, 70224
4004, 0.6192, 70241
4005, 0.6193, 70259
4006, 0.6193, 70277
4007, 0.6194, 70295
4008, 0.6194, 70313
4009, 0.6194, 70331
4010, 0.619, 70349
4011, 0.6192, 70367
4012, 0.6191, 70385
4013, 0.6189, 70403
4014, 0.619, 70420
4015, 0.6191, 70438
4016, 0.6189, 70456
4017, 0.6187, 70474
4018, 0.6188, 70492
4019, 0.6189, 70509
4020, 0.6191, 70527
4021, 0.6193, 70545
4022, 0.6188, 70563
4023, 0.619, 70581
4024, 0.6187, 70599
4025, 0.6189, 70617
4026, 0.619, 70635
4027, 0.6191, 70652
4028, 0.6187, 70670
4029, 0.619, 70688
4030, 0.6189, 70705
4031, 0.6188, 70723
4032, 0.6187, 70740
4033, 0.6189, 70758
4034, 0.6188, 70776
4035, 0.6187, 70794
4036, 0.6188, 70812
4037, 0.6189, 70829
4038, 0.6185, 70847
4039, 0.6184, 70864
4040, 0.6183, 70882
4041, 0.6186, 70900
4042, 0.6183, 70918
4043, 0.6181, 70936
4044, 0.6183, 70953
4045, 0.6183, 70971
4046, 0.6183, 70988
4047, 0.6185, 71006
4048, 0.6185, 71024
4049, 0.6186, 71042
4050, 0.6187, 71060
4051, 0.6187, 71078
4052, 0.6184, 71096
4053, 0.6182, 71113
4054, 0.6181, 71131
4055, 0.6184, 71149
4056, 0.6184, 71167
4057, 0.6184, 71185
4058, 0.6183, 71202
4059, 0.6184, 71220
4060, 0.6181, 71238
4061, 0.6181, 71255
4062, 0.6185, 71273
4063, 0.6181, 71291
4064, 0.6182, 71308
4065, 0.6182, 71326
4066, 0.6184, 71344
4067, 0.6183, 71362
4068, 0.6181, 71379
4069, 0.618, 71396
4070, 0.6181, 71414
4071, 0.6185, 71432
4072, 0.6182, 71450
4073, 0.6188, 71468
4074, 0.6182, 71486
4075, 0.6186, 71503
4076, 0.6186, 71521
4077, 0.6186, 71539
4078, 0.6187, 71556
4079, 0.6184, 71574
4080, 0.6187, 71592
4081, 0.6184, 71609
4082, 0.6186, 71627
4083, 0.6186, 71645
4084, 0.6187, 71663
4085, 0.6184, 71681
4086, 0.6182, 71698
4087, 0.6185, 71716
4088, 0.6188, 71734
4089, 0.6188, 71752
4090, 0.6186, 71769
4091, 0.6187, 71787
4092, 0.6187, 71805
4093, 0.6182, 71822
4094, 0.6186, 71840
4095, 0.6183, 71858
4096, 0.6184, 71875
4097, 0.6184, 71893
4098, 0.6184, 71910
4099, 0.6187, 71928
4100, 0.6184, 71946
4101, 0.6185, 71963
4102, 0.6184, 71981
4103, 0.6186, 71999
4104, 0.6183, 72017
4105, 0.6183, 72035
4106, 0.6184, 72052
4107, 0.618, 72070
4108, 0.6181, 72088
4109, 0.618, 72105
4110, 0.6181, 72123
4111, 0.6177, 72141
4112, 0.6178, 72159
4113, 0.6173, 72177
4114, 0.6174, 72195
4115, 0.6175, 72213
4116, 0.6174, 72230
4117, 0.6172, 72248
4118, 0.6172, 72266
4119, 0.6171, 72284
4120, 0.6174, 72301
4121, 0.6176, 72319
4122, 0.6174, 72337
4123, 0.617, 72354
4124, 0.6171, 72372
4125, 0.6173, 72390
4126, 0.6173, 72408
4127, 0.6172, 72426
4128, 0.6175, 72444
4129, 0.6176, 72461
4130, 0.6173, 72479
4131, 0.6172, 72497
4132, 0.6171, 72515
4133, 0.6169, 72533
4134, 0.6169, 72551
4135, 0.6172, 72569
4136, 0.6172, 72587
4137, 0.6175, 72604
4138, 0.6169, 72622
4139, 0.6169, 72640
4140, 0.6167, 72657
4141, 0.6165, 72675
4142, 0.6169, 72693
4143, 0.6166, 72711
4144, 0.6169, 72729
4145, 0.6169, 72746
4146, 0.6169, 72764
4147, 0.617, 72782
4148, 0.6172, 72799
4149, 0.6171, 72817
4150, 0.6174, 72836
4151, 0.6171, 72854
4152, 0.617, 72871
4153, 0.617, 72889
4154, 0.6169, 72907
4155, 0.6167, 72924
4156, 0.617, 72942
4157, 0.6169, 72960
4158, 0.6171, 72978
4159, 0.6173, 72995
4160, 0.6172, 73013
4161, 0.6168, 73031
4162, 0.6169, 73049
4163, 0.617, 73066
4164, 0.6168, 73083
4165, 0.6169, 73101
4166, 0.617, 73119
4167, 0.6168, 73136
4168, 0.617, 73154
4169, 0.6163, 73171
4170, 0.6168, 73189
4171, 0.6168, 73207
4172, 0.6167, 73225
4173, 0.6166, 73243
4174, 0.6169, 73261
4175, 0.6169, 73278
4176, 0.6169, 73296
4177, 0.6171, 73314
4178, 0.617, 73332
4179, 0.6172, 73350
4180, 0.617, 73367
4181, 0.6169, 73385
4182, 0.6171, 73402
4183, 0.617, 73420
4184, 0.6167, 73438
4185, 0.6165, 73456
4186, 0.6163, 73473
4187, 0.6162, 73491
4188, 0.6163, 73509
4189, 0.6164, 73526
4190, 0.6162, 73544
4191, 0.6159, 73561
4192, 0.6157, 73579
4193, 0.616, 73597
4194, 0.6155, 73614
4195, 0.6156, 73632
4196, 0.6154, 73649
4197, 0.6153, 73667
4198, 0.6152, 73685
4199, 0.6152, 73702
4200, 0.6151, 73720
4201, 0.6154, 73738
4202, 0.6152, 73755
4203, 0.6153, 73773
4204, 0.6155, 73791
4205, 0.6151, 73809
4206, 0.6154, 73827
4207, 0.6152, 73845
4208, 0.6152, 73862
4209, 0.6152, 73880
4210, 0.6154, 73898
4211, 0.6152, 73916
4212, 0.6152, 73934
4213, 0.615, 73952
4214, 0.6148, 73970
4215, 0.615, 73987
4216, 0.6153, 74006
4217, 0.615, 74024
4218, 0.615, 74042
4219, 0.6146, 74060
4220, 0.6148, 74077
4221, 0.6146, 74095
4222, 0.6146, 74113
4223, 0.6147, 74130
4224, 0.6147, 74148
4225, 0.6147, 74166
4226, 0.6145, 74184
4227, 0.6143, 74202
4228, 0.6143, 74220
4229, 0.6145, 74238
4230, 0.6143, 74256
4231, 0.6145, 74274
4232, 0.6144, 74292
4233, 0.6146, 74310
4234, 0.6147, 74327
4235, 0.6147, 74345
4236, 0.6151, 74363
4237, 0.6147, 74380
4238, 0.6147, 74398
4239, 0.6148, 74416
4240, 0.6147, 74433
4241, 0.6148, 74451
4242, 0.6146, 74469
4243, 0.6148, 74487
4244, 0.6149, 74504
4245, 0.6147, 74522
4246, 0.6147, 74540
4247, 0.6147, 74557
4248, 0.6145, 74575
4249, 0.6149, 74592
4250, 0.615, 74610
4251, 0.6149, 74628
4252, 0.615, 74646
4253, 0.6154, 74664
4254, 0.6148, 74682
4255, 0.6149, 74699
4256, 0.6147, 74717
4257, 0.615, 74734
4258, 0.615, 74752
4259, 0.615, 74770
4260, 0.6146, 74787
4261, 0.6152, 74805
4262, 0.6147, 74823
4263, 0.6151, 74840
4264, 0.6149, 74858
4265, 0.615, 74876
4266, 0.615, 74894
4267, 0.6149, 74912
4268, 0.6147, 74930
4269, 0.6147, 74947
4270, 0.6145, 74965
4271, 0.6146, 74983
4272, 0.6141, 75001
4273, 0.6145, 75018
4274, 0.6143, 75036
4275, 0.6141, 75054
4276, 0.6141, 75072
4277, 0.6139, 75090
4278, 0.6142, 75107
4279, 0.6142, 75125
4280, 0.6135, 75142
4281, 0.6132, 75160
4282, 0.6133, 75178
4283, 0.6134, 75196
4284, 0.6132, 75214
4285, 0.6133, 75232
4286, 0.6131, 75250
4287, 0.6135, 75268
4288, 0.6135, 75286
4289, 0.6137, 75304
4290, 0.6135, 75321
4291, 0.6134, 75340
4292, 0.6135, 75357
4293, 0.6136, 75375
4294, 0.6134, 75393
4295, 0.6135, 75411
4296, 0.6133, 75428
4297, 0.6133, 75446
4298, 0.6133, 75463
4299, 0.6131, 75481
4300, 0.6133, 75499
4301, 0.6128, 75517
4302, 0.6126, 75535
4303, 0.6127, 75553
4304, 0.613, 75571
4305, 0.6129, 75588
4306, 0.6125, 75607
4307, 0.6127, 75624
4308, 0.6129, 75642
4309, 0.613, 75660
4310, 0.6133, 75678
4311, 0.6127, 75695
4312, 0.6133, 75713
4313, 0.6131, 75731
4314, 0.6134, 75749
4315, 0.6132, 75767
4316, 0.6131, 75785
4317, 0.6132, 75803
4318, 0.6131, 75821
4319, 0.6133, 75838
4320, 0.6132, 75856
4321, 0.6133, 75874
4322, 0.6132, 75891
4323, 0.6132, 75909
4324, 0.6132, 75927
4325, 0.6132, 75945
4326, 0.6133, 75963
4327, 0.6132, 75981
4328, 0.6132, 75998
4329, 0.6128, 76016
4330, 0.6129, 76034
4331, 0.613, 76052
4332, 0.6126, 76070
4333, 0.6128, 76088
4334, 0.6127, 76105
4335, 0.6127, 76123
4336, 0.613, 76141
4337, 0.6126, 76158
4338, 0.6127, 76176
4339, 0.6128, 76194
4340, 0.613, 76212
4341, 0.6126, 76229
4342, 0.6128, 76247
4343, 0.6125, 76265
4344, 0.6124, 76282
4345, 0.6125, 76300
4346, 0.6125, 76318
4347, 0.6125, 76336
4348, 0.6125, 76354
4349, 0.6123, 76371
4350, 0.6123, 76389
4351, 0.6121, 76406
4352, 0.6122, 76425
4353, 0.6118, 76443
4354, 0.6118, 76461
4355, 0.6119, 76478
4356, 0.6119, 76495
4357, 0.6116, 76513
4358, 0.6117, 76531
4359, 0.6117, 76549
4360, 0.6117, 76566
4361, 0.6119, 76584
4362, 0.6119, 76602
4363, 0.6118, 76620
4364, 0.6119, 76637
4365, 0.6122, 76655
4366, 0.612, 76673
4367, 0.6122, 76691
4368, 0.6124, 76709
4369, 0.6124, 76727
4370, 0.6123, 76744
4371, 0.6125, 76762
4372, 0.612, 76780
4373, 0.6125, 76798
4374, 0.6124, 76815
4375, 0.6124, 76833
4376, 0.6121, 76851
4377, 0.6126, 76869
4378, 0.6122, 76887
4379, 0.6124, 76905
4380, 0.6123, 76922
4381, 0.6124, 76940
4382, 0.6124, 76958
4383, 0.6121, 76976
4384, 0.6123, 76994
4385, 0.6122, 77012
4386, 0.6121, 77030
4387, 0.6121, 77047
4388, 0.6121, 77065
4389, 0.6123, 77082
4390, 0.6123, 77100
4391, 0.6122, 77118
4392, 0.6122, 77135
4393, 0.6124, 77153
4394, 0.6121, 77170
4395, 0.6122, 77188
4396, 0.6122, 77206
4397, 0.612, 77224
4398, 0.6121, 77242
4399, 0.6119, 77259
4400, 0.6119, 77277
4401, 0.6119, 77295
4402, 0.612, 77312
4403, 0.6118, 77330
4404, 0.6117, 77348
4405, 0.6119, 77365
4406, 0.612, 77383
4407, 0.6118, 77400
4408, 0.612, 77418
4409, 0.6117, 77436
4410, 0.6117, 77454
4411, 0.6117, 77472
4412, 0.6119, 77489
4413, 0.612, 77507
4414, 0.6116, 77525
4415, 0.6118, 77543
4416, 0.6121, 77561
4417, 0.6121, 77579
4418, 0.612, 77596
4419, 0.6119, 77614
4420, 0.6118, 77632
4421, 0.6116, 77650
4422, 0.6116, 77667
4423, 0.6117, 77685
4424, 0.6116, 77703
4425, 0.6116, 77720
4426, 0.6114, 77738
4427, 0.6119, 77756
4428, 0.6114, 77773
4429, 0.6111, 77791
4430, 0.6114, 77809
4431, 0.6115, 77826
4432, 0.6111, 77845
4433, 0.6114, 77862
4434, 0.6113, 77880
4435, 0.6111, 77898
4436, 0.6114, 77916
4437, 0.6111, 77933
4438, 0.6114, 77951
4439, 0.6113, 77968
4440, 0.6111, 77986
4441, 0.611, 78004
4442, 0.6112, 78022
4443, 0.6109, 78039
4444, 0.6113, 78057
4445, 0.611, 78075
4446, 0.6106, 78093
4447, 0.6106, 78111
4448, 0.6107, 78129
4449, 0.6108, 78146
4450, 0.6107, 78164
4451, 0.6105, 78182
4452, 0.6102, 78200
4453, 0.6105, 78217
4454, 0.6105, 78234
4455, 0.6111, 78252
4456, 0.6106, 78270
4457, 0.611, 78288
4458, 0.6107, 78306
4459, 0.6106, 78323
4460, 0.6108, 78341
4461, 0.6106, 78359
4462, 0.6109, 78377
4463, 0.6107, 78394
4464, 0.6108, 78412
4465, 0.6107, 78429
4466, 0.6108, 78447
4467, 0.6109, 78465
4468, 0.6105, 78483
4469, 0.6107, 78501
4470, 0.6107, 78518
4471, 0.6104, 78536
4472, 0.6104, 78554
4473, 0.6104, 78571
4474, 0.6101, 78589
4475, 0.6104, 78607
4476, 0.6108, 78625
4477, 0.6109, 78642
4478, 0.6108, 78660
4479, 0.6108, 78678
4480, 0.6107, 78696
4481, 0.6103, 78714
4482, 0.6105, 78732
4483, 0.6105, 78749
4484, 0.6104, 78767
4485, 0.6104, 78785
4486, 0.6102, 78803
4487, 0.6105, 78821
4488, 0.6104, 78839
4489, 0.61, 78856
4490, 0.61, 78874
4491, 0.61, 78892
4492, 0.61, 78910
4493, 0.6098, 78927
4494, 0.6098, 78945
4495, 0.6097, 78963
4496, 0.6096, 78981
4497, 0.6097, 78999
4498, 0.6097, 79016
4499, 0.6099, 79035
4500, 0.6102, 79053
4501, 0.61, 79071
4502, 0.6098, 79088
4503, 0.6092, 79106
4504, 0.6098, 79124
4505, 0.6094, 79142
4506, 0.609, 79159
4507, 0.6092, 79177
4508, 0.6093, 79195
4509, 0.6094, 79213
4510, 0.6093, 79231
4511, 0.6094, 79249
4512, 0.6098, 79267
4513, 0.6094, 79284
4514, 0.6097, 79303
4515, 0.6094, 79320
4516, 0.6096, 79338
4517, 0.6095, 79356
4518, 0.6097, 79374
4519, 0.6096, 79392
4520, 0.6099, 79409
4521, 0.6096, 79427
4522, 0.6097, 79445
4523, 0.6092, 79462
4524, 0.6093, 79480
4525, 0.6092, 79498
4526, 0.6093, 79515
4527, 0.6094, 79533
4528, 0.6093, 79551
4529, 0.6093, 79569
4530, 0.6091, 79587
4531, 0.6092, 79605
4532, 0.6092, 79623
4533, 0.6091, 79640
4534, 0.609, 79658
4535, 0.6092, 79676
4536, 0.6093, 79694
4537, 0.6096, 79711
4538, 0.6094, 79730
4539, 0.6091, 79747
4540, 0.6092, 79765
4541, 0.6089, 79783
4542, 0.6091, 79801
4543, 0.6091, 79819
4544, 0.6092, 79837
4545, 0.609, 79855
4546, 0.609, 79872
4547, 0.6091, 79890
4548, 0.6094, 79908
4549, 0.6093, 79926
4550, 0.6092, 79944
4551, 0.6091, 79962
4552, 0.6091, 79979
4553, 0.6093, 79997
4554, 0.6093, 80015
4555, 0.609, 80033
4556, 0.6089, 80051
4557, 0.6092, 80069
4558, 0.609, 80087
4559, 0.6094, 80104
4560, 0.6091, 80122
4561, 0.6088, 80140
4562, 0.6086, 80157
4563, 0.6087, 80175
4564, 0.6088, 80192
4565, 0.6087, 80210
4566, 0.6087, 80227
4567, 0.6088, 80245
4568, 0.6087, 80263
4569, 0.6089, 80280
4570, 0.609, 80298
4571, 0.6089, 80315
4572, 0.609, 80333
4573, 0.6094, 80351
4574, 0.609, 80368
4575, 0.6094, 80386
4576, 0.609, 80404
4577, 0.6092, 80422
4578, 0.6088, 80440
4579, 0.609, 80457
4580, 0.609, 80475
4581, 0.6089, 80493
4582, 0.6089, 80511
4583, 0.6087, 80529
4584, 0.6092, 80546
4585, 0.609, 80564
4586, 0.6088, 80582
4587, 0.6086, 80599
4588, 0.6088, 80617
4589, 0.6085, 80635
4590, 0.6085, 80653
4591, 0.6084, 80670
4592, 0.6088, 80688
4593, 0.6087, 80706
4594, 0.6087, 80723
4595, 0.6085, 80741
4596, 0.6087, 80759
4597, 0.6084, 80777
4598, 0.6083, 80794
4599, 0.6085, 80812
4600, 0.6084, 80829
4601, 0.6081, 80847
4602, 0.6085, 80865
4603, 0.6084, 80883
4604, 0.6083, 80901
4605, 0.608, 80919
4606, 0.6084, 80936
4607, 0.6078, 80954
4608, 0.6082, 80972
4609, 0.6087, 80990
4610, 0.6086, 81008
4611, 0.6085, 81025
4612, 0.6083, 81043
4613, 0.608, 81061
4614, 0.608, 81079
4615, 0.6078, 81096
4616, 0.6078, 81114
4617, 0.6081, 81132
4618, 0.6085, 81149
4619, 0.6084, 81167
4620, 0.6084, 81185
4621, 0.6086, 81203
4622, 0.6084, 81221
4623, 0.6082, 81239
4624, 0.6079, 81257
4625, 0.6078, 81274
4626, 0.6077, 81292
4627, 0.6074, 81310
4628, 0.6077, 81328
4629, 0.6075, 81346
4630, 0.6073, 81363
4631, 0.6073, 81382
4632, 0.6073, 81399
4633, 0.607, 81417
4634, 0.6075, 81435
4635, 0.6076, 81453
4636, 0.6078, 81471
4637, 0.607, 81488
4638, 0.6078, 81506
4639, 0.607, 81524
4640, 0.6074, 81541
4641, 0.607, 81559
4642, 0.6073, 81577
4643, 0.6073, 81594
4644, 0.6076, 81612
4645, 0.6075, 81630
4646, 0.6076, 81647
4647, 0.6076, 81664
4648, 0.6074, 81682
4649, 0.607, 81700
4650, 0.6075, 81718
4651, 0.6072, 81735
4652, 0.6073, 81753
4653, 0.607, 81771
4654, 0.6068, 81788
4655, 0.6071, 81806
4656, 0.6068, 81824
4657, 0.6072, 81842
4658, 0.6072, 81860
4659, 0.6072, 81878
4660, 0.6071, 81896
4661, 0.607, 81913
4662, 0.6068, 81931
4663, 0.607, 81949
4664, 0.6067, 81966
4665, 0.6071, 81984
4666, 0.6069, 82002
4667, 0.6074, 82020
4668, 0.6078, 82037
4669, 0.6078, 82055
4670, 0.6076, 82073
4671, 0.6078, 82090
4672, 0.6079, 82108
4673, 0.608, 82126
4674, 0.6079, 82143
4675, 0.6077, 82161
4676, 0.6082, 82179
4677, 0.608, 82196
4678, 0.608, 82214
4679, 0.608, 82232
4680, 0.6079, 82249
4681, 0.6081, 82267
4682, 0.6081, 82285
4683, 0.6082, 82303
4684, 0.6079, 82321
4685, 0.6077, 82339
4686, 0.6077, 82356
4687, 0.6076, 82374
4688, 0.6079, 82392
4689, 0.6079, 82409
4690, 0.6081, 82427
4691, 0.6082, 82445
4692, 0.6077, 82462
4693, 0.6078, 82480
4694, 0.6079, 82497
4695, 0.6081, 82515
4696, 0.6078, 82533
4697, 0.6076, 82550
4698, 0.6078, 82568
4699, 0.6079, 82586
4700, 0.6081, 82603
4701, 0.6082, 82621
4702, 0.608, 82639
4703, 0.608, 82656
4704, 0.6079, 82674
4705, 0.608, 82692
4706, 0.608, 82710
4707, 0.608, 82727
4708, 0.6079, 82745
4709, 0.6081, 82763
4710, 0.6084, 82781
4711, 0.6081, 82799
4712, 0.6076, 82816
4713, 0.6079, 82834
4714, 0.6077, 82852
4715, 0.6077, 82870
4716, 0.6075, 82888
4717, 0.6079, 82905
4718, 0.6076, 82923
4719, 0.6081, 82941
4720, 0.6077, 82959
4721, 0.6079, 82977
4722, 0.6076, 82995
4723, 0.6077, 83013
4724, 0.6077, 83031
4725, 0.6075, 83049
4726, 0.6073, 83067
4727, 0.6071, 83085
4728, 0.6074, 83102
4729, 0.6074, 83120
4730, 0.6073, 83138
4731, 0.607, 83156
4732, 0.6069, 83173
4733, 0.6065, 83191
4734, 0.607, 83209
4735, 0.6069, 83226
4736, 0.607, 83244
4737, 0.6069, 83261
4738, 0.6072, 83280
4739, 0.6071, 83298
4740, 0.6066, 83315
4741, 0.6069, 83333
4742, 0.607, 83350
4743, 0.6069, 83368
4744, 0.6071, 83386
4745, 0.6073, 83403
4746, 0.6075, 83422
4747, 0.6078, 83440
4748, 0.6076, 83458
4749, 0.6078, 83475
4750, 0.6075, 83493
4751, 0.6079, 83511
4752, 0.6076, 83529
4753, 0.6076, 83547
4754, 0.6074, 83565
4755, 0.6074, 83583
4756, 0.6076, 83601
4757, 0.6075, 83618
4758, 0.6076, 83636
4759, 0.6079, 83654
4760, 0.6077, 83672
4761, 0.6077, 83689
4762, 0.6076, 83707
4763, 0.6076, 83725
4764, 0.6073, 83743
4765, 0.6075, 83760
4766, 0.6075, 83778
4767, 0.6075, 83796
4768, 0.6075, 83814
4769, 0.6074, 83832
4770, 0.6074, 83850
4771, 0.6075, 83867
4772, 0.6073, 83885
4773, 0.6075, 83903
4774, 0.6074, 83921
4775, 0.6074, 83938
4776, 0.6073, 83956
4777, 0.6074, 83974
4778, 0.6072, 83991
4779, 0.6076, 84009
4780, 0.6074, 84027
4781, 0.6073, 84045
4782, 0.6074, 84062
4783, 0.6073, 84080
4784, 0.6074, 84098
4785, 0.6075, 84116
4786, 0.6075, 84133
4787, 0.6075, 84151
4788, 0.6074, 84169
4789, 0.6075, 84187
4790, 0.6074, 84205
4791, 0.6074, 84223
4792, 0.6073, 84240
4793, 0.6073, 84258
4794, 0.6072, 84276
4795, 0.6071, 84293
4796, 0.6069, 84310
4797, 0.6067, 84328
4798, 0.6064, 84346
4799, 0.6067, 84363
4800, 0.6065, 84381
4801, 0.6067, 84399
4802, 0.6071, 84417
4803, 0.6074, 84435
4804, 0.6076, 84452
4805, 0.6074, 84470
4806, 0.6075, 84488
4807, 0.6075, 84506
4808, 0.608, 84523
4809, 0.6078, 84541
4810, 0.6079, 84559
4811, 0.6075, 84577
4812, 0.6076, 84594
4813, 0.6073, 84612
4814, 0.6072, 84630
4815, 0.6071, 84647
4816, 0.607, 84666
4817, 0.6067, 84683
4818, 0.6066, 84701
4819, 0.607, 84718
4820, 0.607, 84735
4821, 0.6066, 84753
4822, 0.6067, 84771
4823, 0.6069, 84789
4824, 0.6069, 84807
4825, 0.6065, 84825
4826, 0.6064, 84842
4827, 0.6066, 84860
4828, 0.6066, 84878
4829, 0.6064, 84896
4830, 0.6065, 84913
4831, 0.6066, 84931
4832, 0.6061, 84949
4833, 0.6064, 84967
4834, 0.6063, 84984
4835, 0.6062, 85002
4836, 0.606, 85020
4837, 0.6064, 85038
4838, 0.6066, 85056
4839, 0.6068, 85073
4840, 0.6065, 85091
4841, 0.6065, 85108
4842, 0.606, 85126
4843, 0.6062, 85144
4844, 0.6058, 85161
4845, 0.6058, 85179
4846, 0.6057, 85196
4847, 0.6053, 85214
4848, 0.6052, 85232
4849, 0.6051, 85249
4850, 0.605, 85267
4851, 0.6054, 85285
4852, 0.6054, 85303
4853, 0.6056, 85321
4854, 0.606, 85338
4855, 0.6063, 85356
4856, 0.6061, 85373
4857, 0.6058, 85391
4858, 0.606, 85409
4859, 0.6063, 85426
4860, 0.6059, 85444
4861, 0.6061, 85461
4862, 0.6061, 85479
4863, 0.6063, 85497
4864, 0.6063, 85514
4865, 0.6066, 85532
4866, 0.6064, 85550
4867, 0.6071, 85568
4868, 0.6073, 85585
4869, 0.6076, 85603
4870, 0.6076, 85621
4871, 0.6074, 85638
4872, 0.6076, 85656
4873, 0.6074, 85674
4874, 0.6074, 85691
4875, 0.6075, 85709
4876, 0.6076, 85726
4877, 0.6071, 85744
4878, 0.6071, 85762
4879, 0.6077, 85780
4880, 0.6077, 85798
4881, 0.6075, 85816
4882, 0.608, 85833
4883, 0.6086, 85851
4884, 0.6097, 85869
4885, 0.6096, 85887
4886, 0.6099, 85905
4887, 0.6098, 85922
4888, 0.6097, 85940
4889, 0.6095, 85958
4890, 0.6099, 85976
4891, 0.6097, 85994
4892, 0.6098, 86011
4893, 0.6093, 86029
4894, 0.6102, 86046
4895, 0.61, 86064
4896, 0.6103, 86082
4897, 0.6102, 86100
4898, 0.6103, 86117
4899, 0.6105, 86135
4900, 0.6103, 86153
4901, 0.6106, 86171
4902, 0.61, 86189
4903, 0.6103, 86206
4904, 0.6101, 86224
4905, 0.6103, 86242
4906, 0.6103, 86260
4907, 0.6102, 86277
4908, 0.6104, 86295
4909, 0.6102, 86313
4910, 0.6107, 86331
4911, 0.6106, 86349
4912, 0.6103, 86367
4913, 0.61, 86385
4914, 0.6095, 86402
4915, 0.6094, 86420
4916, 0.6091, 86438
4917, 0.6092, 86456
4918, 0.6094, 86473
4919, 0.6092, 86491
4920, 0.609, 86509
4921, 0.6088, 86527
4922, 0.6091, 86545
4923, 0.6093, 86562
4924, 0.6091, 86580
4925, 0.609, 86598
4926, 0.609, 86616
4927, 0.6088, 86633
4928, 0.6089, 86651
4929, 0.6085, 86669
4930, 0.6085, 86686
4931, 0.6082, 86704
4932, 0.6086, 86722
4933, 0.6083, 86740
4934, 0.6085, 86758
4935, 0.6085, 86775
4936, 0.6082, 86792
4937, 0.6083, 86810
4938, 0.6087, 86827
4939, 0.6091, 86845
4940, 0.6096, 86863
4941, 0.6093, 86882
4942, 0.6093, 86899
4943, 0.6094, 86917
4944, 0.6091, 86935
4945, 0.6087, 86952
4946, 0.6092, 86970
4947, 0.6088, 86989
4948, 0.6089, 87006
4949, 0.6088, 87024
4950, 0.609, 87041
4951, 0.6088, 87059
4952, 0.6087, 87076
4953, 0.6081, 87095
4954, 0.6081, 87112
4955, 0.608, 87130
4956, 0.6082, 87148
4957, 0.6081, 87166
4958, 0.6079, 87183
4959, 0.6078, 87201
4960, 0.6078, 87219
4961, 0.6077, 87237
4962, 0.608, 87255
4963, 0.6079, 87272
4964, 0.6077, 87289
4965, 0.6071, 87307
4966, 0.6071, 87325
4967, 0.6075, 87343
4968, 0.6075, 87360
4969, 0.6077, 87378
4970, 0.608, 87396
4971, 0.6075, 87414
4972, 0.6075, 87432
4973, 0.6073, 87449
4974, 0.6077, 87467
4975, 0.6076, 87485
4976, 0.6081, 87502
4977, 0.6082, 87520
4978, 0.6081, 87538
4979, 0.608, 87556
4980, 0.6082, 87573
4981, 0.6081, 87592
4982, 0.608, 87609
4983, 0.6081, 87627
4984, 0.6077, 87645
4985, 0.6078, 87663
4986, 0.6078, 87680
4987, 0.6077, 87698
4988, 0.6077, 87716
4989, 0.6075, 87734
4990, 0.6073, 87752
4991, 0.6073, 87770
4992, 0.6076, 87787
4993, 0.6077, 87805
4994, 0.608, 87823
4995, 0.6081, 87841
4996, 0.6078, 87858
4997, 0.6083, 87876
4998, 0.6085, 87894
4999, 0.6089, 87911
5000, 0.6089, 87929
