1, 0.0777, 28
2, 0.0787, 47
3, 0.079, 67
4, 0.0795, 86
5, 0.0813, 102
6, 0.082, 117
7, 0.0829, 132
8, 0.0847, 146
9, 0.0853, 161
10, 0.0863, 176
11, 0.0866, 191
12, 0.0878, 206
13, 0.0883, 222
14, 0.0898, 237
15, 0.0911, 252
16, 0.0929, 267
17, 0.0932, 282
18, 0.0944, 297
19, 0.0956, 312
20, 0.096, 327
21, 0.097, 342
22, 0.0981, 357
23, 0.0988, 372
24, 0.0996, 387
25, 0.1004, 403
26, 0.1014, 417
27, 0.1028, 432
28, 0.1031, 447
29, 0.1039, 461
30, 0.1058, 476
31, 0.1064, 491
32, 0.108, 506
33, 0.1087, 521
34, 0.1094, 536
35, 0.1094, 551
36, 0.1105, 566
37, 0.1105, 581
38, 0.1106, 595
39, 0.1112, 610
40, 0.1123, 625
41, 0.1125, 640
42, 0.1135, 655
43, 0.114, 671
44, 0.1145, 685
45, 0.1149, 701
46, 0.1155, 716
47, 0.1152, 731
48, 0.1158, 746
49, 0.1169, 761
50, 0.1176, 776
51, 0.1182, 790
52, 0.1188, 806
53, 0.1194, 821
54, 0.1196, 835
55, 0.1196, 851
56, 0.1205, 866
57, 0.1209, 881
58, 0.1212, 896
59, 0.1217, 912
60, 0.1226, 926
61, 0.1228, 941
62, 0.1227, 956
63, 0.1228, 970
64, 0.1231, 986
65, 0.1237, 1001
66, 0.124, 1015
67, 0.1248, 1031
68, 0.125, 1046
69, 0.1252, 1061
70, 0.1254, 1077
71, 0.1256, 1092
72, 0.1258, 1108
73, 0.1262, 1122
74, 0.1263, 1138
75, 0.1269, 1153
76, 0.1272, 1167
77, 0.1271, 1182
78, 0.1271, 1197
79, 0.1274, 1212
80, 0.1275, 1228
81, 0.1275, 1243
82, 0.1281, 1257
83, 0.1285, 1272
84, 0.129, 1287
85, 0.129, 1302
86, 0.1298, 1317
87, 0.1304, 1332
88, 0.13, 1347
89, 0.1306, 1361
90, 0.1313, 1376
91, 0.1312, 1391
92, 0.1316, 1406
93, 0.1321, 1421
94, 0.133, 1436
95, 0.1336, 1451
96, 0.1337, 1466
97, 0.1339, 1480
98, 0.1345, 1495
99, 0.1351, 1510
100, 0.136, 1525
101, 0.1363, 1540
102, 0.1373, 1555
103, 0.1372, 1570
104, 0.1377, 1585
105, 0.1382, 1600
106, 0.1379, 1615
107, 0.1375, 1630
108, 0.1372, 1644
109, 0.1373, 1659
110, 0.1378, 1673
111, 0.1387, 1688
112, 0.1387, 1703
113, 0.139, 1717
114, 0.1394, 1732
115, 0.139, 1747
116, 0.1392, 1761
117, 0.1391, 1776
118, 0.1392, 1791
119, 0.1402, 1806
120, 0.1402, 1821
121, 0.1408, 1835
122, 0.1411, 1850
123, 0.1414, 1864
124, 0.1415, 1880
125, 0.1429, 1895
126, 0.1428, 1910
127, 0.143, 1925
128, 0.1429, 1939
129, 0.1433, 1954
130, 0.143, 1968
131, 0.1433, 1984
132, 0.1433, 1999
133, 0.1438, 2014
134, 0.1446, 2029
135, 0.1446, 2044
136, 0.1444, 2059
137, 0.1453, 2073
138, 0.1464, 2088
139, 0.1469, 2103
140, 0.1476, 2119
141, 0.1475, 2134
142, 0.1476, 2149
143, 0.148, 2164
144, 0.1494, 2179
145, 0.1499, 2193
146, 0.1499, 2208
147, 0.1503, 2223
148, 0.1505, 2238
149, 0.1502, 2252
150, 0.15, 2267
151, 0.1502, 2282
152, 0.1504, 2297
153, 0.1508, 2313
154, 0.1512, 2328
155, 0.1519, 2344
156, 0.1512, 2359
157, 0.1516, 2375
158, 0.1522, 2391
159, 0.1525, 2406
160, 0.1527, 2422
161, 0.1528, 2437
162, 0.1536, 2452
163, 0.1548, 2468
164, 0.1549, 2483
165, 0.1548, 2498
166, 0.1556, 2513
167, 0.1558, 2529
168, 0.1557, 2544
169, 0.1565, 2559
170, 0.1574, 2575
171, 0.1587, 2590
172, 0.1599, 2605
173, 0.1605, 2620
174, 0.1615, 2635
175, 0.1629, 2650
176, 0.1639, 2665
177, 0.1641, 2680
178, 0.1644, 2695
179, 0.1652, 2710
180, 0.167, 2726
181, 0.1673, 2741
182, 0.1675, 2757
183, 0.1678, 2772
184, 0.1687, 2787
185, 0.1701, 2802
186, 0.1711, 2817
187, 0.1731, 2832
188, 0.1744, 2847
189, 0.1745, 2861
190, 0.175, 2877
191, 0.1748, 2892
192, 0.1748, 2907
193, 0.1749, 2923
194, 0.1759, 2938
195, 0.1762, 2953
196, 0.1764, 2968
197, 0.1771, 2983
198, 0.1768, 2998
199, 0.1771, 3013
200, 0.1784, 3028
201, 0.1789, 3044
202, 0.1794, 3059
203, 0.1795, 3075
204, 0.1797, 3090
205, 0.1793, 3105
206, 0.1797, 3120
207, 0.18, 3135
208, 0.1801, 3150
209, 0.1805, 3165
210, 0.1805, 3181
211, 0.1804, 3199
212, 0.1806, 3218
213, 0.1804, 3237
214, 0.1812, 3256
215, 0.1813, 3276
216, 0.1807, 3295
217, 0.1805, 3315
218, 0.1807, 3334
219, 0.1805, 3353
220, 0.1815, 3373
221, 0.1821, 3392
222, 0.1826, 3411
223, 0.1826, 3430
224, 0.1831, 3449
225, 0.1828, 3468
226, 0.1826, 3487
227, 0.183, 3507
228, 0.183, 3525
229, 0.183, 3545
230, 0.1835, 3564
231, 0.1828, 3584
232, 0.1823, 3603
233, 0.1831, 3623
234, 0.1837, 3642
235, 0.1841, 3662
236, 0.1848, 3681
237, 0.1858, 3700
238, 0.1858, 3720
239, 0.186, 3739
240, 0.1863, 3759
241, 0.1862, 3778
242, 0.1864, 3798
243, 0.1863, 3818
244, 0.1871, 3839
245, 0.1874, 3859
246, 0.188, 3879
247, 0.1884, 3898
248, 0.1888, 3917
249, 0.1885, 3937
250, 0.1887, 3956
251, 0.1892, 3975
252, 0.1897, 3994
253, 0.1903, 4013
254, 0.1908, 4032
255, 0.1907, 4051
256, 0.1916, 4070
257, 0.1929, 4089
258, 0.1935, 4108
259, 0.1944, 4127
260, 0.1953, 4146
261, 0.1959, 4165
262, 0.1969, 4185
263, 0.1971, 4204
264, 0.1971, 4223
265, 0.1968, 4242
266, 0.1972, 4261
267, 0.1976, 4280
268, 0.1975, 4299
269, 0.1984, 4318
270, 0.1987, 4337
271, 0.1998, 4356
272, 0.2005, 4375
273, 0.2007, 4394
274, 0.2009, 4413
275, 0.2015, 4432
276, 0.2034, 4451
277, 0.2043, 4470
278, 0.2048, 4489
279, 0.2047, 4508
280, 0.2053, 4527
281, 0.2058, 4546
282, 0.2062, 4565
283, 0.2074, 4584
284, 0.2085, 4603
285, 0.2094, 4622
286, 0.2109, 4641
287, 0.2116, 4660
288, 0.2124, 4679
289, 0.213, 4697
290, 0.2138, 4716
291, 0.2151, 4735
292, 0.2163, 4754
293, 0.2158, 4773
294, 0.2178, 4793
295, 0.2175, 4811
296, 0.2183, 4830
297, 0.2202, 4849
298, 0.2207, 4868
299, 0.222, 4887
300, 0.2233, 4905
301, 0.2247, 4924
302, 0.2257, 4943
303, 0.2272, 4963
304, 0.2284, 4982
305, 0.2291, 5000
306, 0.2293, 5019
307, 0.2304, 5038
308, 0.231, 5057
309, 0.2326, 5076
310, 0.2345, 5096
311, 0.2359, 5115
312, 0.2363, 5133
313, 0.2372, 5153
314, 0.2374, 5172
315, 0.2377, 5190
316, 0.2377, 5209
317, 0.2384, 5228
318, 0.2388, 5247
319, 0.2383, 5266
320, 0.2389, 5285
321, 0.2392, 5304
322, 0.2397, 5324
323, 0.2409, 5343
324, 0.2416, 5362
325, 0.2418, 5381
326, 0.2426, 5399
327, 0.2427, 5418
328, 0.2433, 5437
329, 0.2435, 5456
330, 0.244, 5475
331, 0.2442, 5494
332, 0.2448, 5514
333, 0.2455, 5533
334, 0.2453, 5552
335, 0.2462, 5571
336, 0.2467, 5590
337, 0.2476, 5608
338, 0.2493, 5628
339, 0.2498, 5647
340, 0.2502, 5666
341, 0.2511, 5685
342, 0.2519, 5704
343, 0.2522, 5723
344, 0.2524, 5742
345, 0.2525, 5761
346, 0.2536, 5780
347, 0.2538, 5798
348, 0.2541, 5818
349, 0.2546, 5837
350, 0.2554, 5856
351, 0.2559, 5875
352, 0.2562, 5893
353, 0.2563, 5913
354, 0.2569, 5931
355, 0.2569, 5951
356, 0.2579, 5970
357, 0.2583, 5989
358, 0.2582, 6008
359, 0.259, 6027
360, 0.2596, 6046
361, 0.2609, 6065
362, 0.2613, 6084
363, 0.2621, 6103
364, 0.2632, 6122
365, 0.2642, 6141
366, 0.2645, 6160
367, 0.2649, 6179
368, 0.2654, 6198
369, 0.2661, 6217
370, 0.2675, 6236
371, 0.2687, 6255
372, 0.2699, 6274
373, 0.2706, 6293
374, 0.2716, 6312
375, 0.2728, 6331
376, 0.2729, 6350
377, 0.2735, 6369
378, 0.2737, 6388
379, 0.2739, 6407
380, 0.2744, 6426
381, 0.2743, 6445
382, 0.2744, 6463
383, 0.2751, 6482
384, 0.2753, 6501
385, 0.2755, 6520
386, 0.2758, 6539
387, 0.2757, 6558
388, 0.2762, 6577
389, 0.2764, 6596
390, 0.2771, 6615
391, 0.2775, 6634
392, 0.2777, 6653
393, 0.2785, 6672
394, 0.2783, 6691
395, 0.2798, 6710
396, 0.2803, 6729
397, 0.281, 6747
398, 0.2816, 6766
399, 0.2819, 6785
400, 0.2823, 6804
401, 0.2826, 6823
402, 0.2828, 6842
403, 0.283, 6861
404, 0.2827, 6880
405, 0.2829, 6899
406, 0.2837, 6918
407, 0.2847, 6937
408, 0.2856, 6956
409, 0.286, 6975
410, 0.2874, 6994
411, 0.2876, 7013
412, 0.2881, 7032
413, 0.2883, 7051
414, 0.2885, 7070
415, 0.2889, 7089
416, 0.2889, 7108
417, 0.2902, 7126
418, 0.2901, 7146
419, 0.2906, 7165
420, 0.2911, 7184
421, 0.2916, 7203
422, 0.2919, 7222
423, 0.293, 7241
424, 0.293, 7260
425, 0.2929, 7279
426, 0.2936, 7298
427, 0.2942, 7317
428, 0.2947, 7336
429, 0.2948, 7355
430, 0.2949, 7374
431, 0.2955, 7393
432, 0.2959, 7412
433, 0.2965, 7431
434, 0.297, 7450
435, 0.2975, 7469
436, 0.2979, 7488
437, 0.2984, 7507
438, 0.2984, 7526
439, 0.2985, 7545
440, 0.2987, 7564
441, 0.2998, 7583
442, 0.3007, 7602
443, 0.3008, 7621
444, 0.3013, 7640
445, 0.302, 7658
446, 0.3023, 7677
447, 0.3023, 7696
448, 0.3024, 7715
449, 0.3029, 7734
450, 0.3031, 7753
451, 0.3043, 7773
452, 0.3044, 7792
453, 0.3041, 7811
454, 0.3045, 7830
455, 0.305, 7848
456, 0.3056, 7868
457, 0.306, 7887
458, 0.3067, 7906
459, 0.3071, 7925
460, 0.3075, 7944
461, 0.3076, 7963
462, 0.3078, 7982
463, 0.3089, 8001
464, 0.309, 8020
465, 0.3093, 8039
466, 0.3096, 8058
467, 0.3102, 8077
468, 0.3104, 8096
469, 0.3107, 8115
470, 0.3106, 8134
471, 0.3107, 8153
472, 0.3111, 8172
473, 0.311, 8191
474, 0.3111, 8210
475, 0.311, 8229
476, 0.3112, 8248
477, 0.3112, 8266
478, 0.3115, 8285
479, 0.3112, 8304
480, 0.3116, 8323
481, 0.3125, 8342
482, 0.3129, 8361
483, 0.3132, 8380
484, 0.3133, 8399
485, 0.3133, 8419
486, 0.3134, 8440
487, 0.3132, 8461
488, 0.3132, 8480
489, 0.3137, 8499
490, 0.3136, 8519
491, 0.3136, 8537
492, 0.3145, 8557
493, 0.315, 8575
494, 0.3156, 8594
495, 0.316, 8613
496, 0.3163, 8632
497, 0.3164, 8652
498, 0.3167, 8671
499, 0.3169, 8690
500, 0.3174, 8709
501, 0.3184, 8728
502, 0.3186, 8747
503, 0.3188, 8766
504, 0.3188, 8785
505, 0.3191, 8804
506, 0.3189, 8823
507, 0.3191, 8842
508, 0.3193, 8861
509, 0.32, 8880
510, 0.3203, 8899
511, 0.3202, 8918
512, 0.3205, 8937
513, 0.3204, 8956
514, 0.3209, 8975
515, 0.3211, 8995
516, 0.3215, 9014
517, 0.3218, 9033
518, 0.3218, 9052
519, 0.322, 9071
520, 0.3224, 9090
521, 0.3223, 9109
522, 0.3227, 9128
523, 0.3231, 9147
524, 0.3229, 9167
525, 0.3237, 9185
526, 0.3232, 9205
527, 0.3242, 9224
528, 0.3237, 9243
529, 0.3252, 9262
530, 0.3244, 9281
531, 0.3237, 9299
532, 0.3228, 9318
533, 0.3185, 9337
534, 0.3158, 9356
535, 0.302, 9375
536, 0.2837, 9394
537, 0.2456, 9413
538, 0.2515, 9432
539, 0.2676, 9450
540, 0.3152, 9469
541, 0.3251, 9488
542, 0.3268, 9507
543, 0.3258, 9526
544, 0.3244, 9545
545, 0.3243, 9564
546, 0.3251, 9583
547, 0.324, 9602
548, 0.3266, 9621
549, 0.3242, 9639
550, 0.3265, 9658
551, 0.3252, 9677
552, 0.3265, 9696
553, 0.326, 9715
554, 0.3255, 9734
555, 0.3253, 9754
556, 0.3245, 9772
557, 0.3255, 9792
558, 0.3233, 9810
559, 0.3192, 9829
560, 0.3154, 9848
561, 0.3078, 9867
562, 0.3017, 9886
563, 0.2997, 9905
564, 0.2993, 9924
565, 0.3051, 9943
566, 0.3094, 9962
567, 0.3179, 9982
568, 0.323, 10001
569, 0.3247, 10020
570, 0.3279, 10038
571, 0.3277, 10057
572, 0.3305, 10076
573, 0.3292, 10095
574, 0.3318, 10114
575, 0.329, 10133
576, 0.3313, 10153
577, 0.3288, 10172
578, 0.3299, 10191
579, 0.3295, 10210
580, 0.3292, 10229
581, 0.3252, 10247
582, 0.323, 10266
583, 0.3178, 10285
584, 0.3147, 10305
585, 0.313, 10324
586, 0.3101, 10343
587, 0.3125, 10362
588, 0.3145, 10380
589, 0.3202, 10400
590, 0.3233, 10419
591, 0.3274, 10437
592, 0.3293, 10457
593, 0.3305, 10475
594, 0.3313, 10494
595, 0.3318, 10514
596, 0.3342, 10533
597, 0.332, 10551
598, 0.3335, 10570
599, 0.3321, 10589
600, 0.333, 10608
601, 0.3295, 10627
602, 0.3307, 10646
603, 0.3262, 10665
604, 0.3273, 10684
605, 0.3236, 10703
606, 0.3233, 10723
607, 0.3212, 10742
608, 0.322, 10761
609, 0.3218, 10780
610, 0.3249, 10799
611, 0.3265, 10818
612, 0.329, 10837
613, 0.33, 10856
614, 0.3317, 10875
615, 0.3329, 10895
616, 0.334, 10913
617, 0.3335, 10933
618, 0.3359, 10952
619, 0.3341, 10971
620, 0.3361, 10990
621, 0.3349, 11009
622, 0.3351, 11028
623, 0.3335, 11047
624, 0.3345, 11066
625, 0.3327, 11085
626, 0.3338, 11104
627, 0.3305, 11123
628, 0.3322, 11142
629, 0.3288, 11161
630, 0.3313, 11180
631, 0.3296, 11199
632, 0.3325, 11218
633, 0.3322, 11237
634, 0.3347, 11257
635, 0.335, 11276
636, 0.3366, 11294
637, 0.3366, 11313
638, 0.3387, 11332
639, 0.3383, 11351
640, 0.3399, 11370
641, 0.3386, 11389
642, 0.3401, 11408
643, 0.3389, 11427
644, 0.3399, 11445
645, 0.3383, 11465
646, 0.3398, 11484
647, 0.3366, 11503
648, 0.3382, 11522
649, 0.3351, 11541
650, 0.3372, 11560
651, 0.3345, 11579
652, 0.3368, 11598
653, 0.3343, 11617
654, 0.3375, 11636
655, 0.3361, 11655
656, 0.3397, 11674
657, 0.3374, 11693
658, 0.341, 11711
659, 0.3382, 11730
660, 0.3433, 11749
661, 0.3393, 11768
662, 0.3444, 11787
663, 0.3399, 11806
664, 0.3451, 11825
665, 0.3398, 11844
666, 0.3443, 11863
667, 0.3387, 11882
668, 0.3438, 11901
669, 0.3387, 11920
670, 0.3442, 11939
671, 0.338, 11958
672, 0.3427, 11977
673, 0.3382, 11996
674, 0.3428, 12014
675, 0.3383, 12033
676, 0.3434, 12052
677, 0.3396, 12072
678, 0.3447, 12091
679, 0.3406, 12109
680, 0.347, 12128
681, 0.3417, 12147
682, 0.3479, 12166
683, 0.3428, 12185
684, 0.3486, 12205
685, 0.3432, 12224
686, 0.3485, 12243
687, 0.344, 12261
688, 0.3488, 12280
689, 0.3448, 12299
690, 0.3488, 12318
691, 0.3445, 12337
692, 0.3486, 12356
693, 0.345, 12375
694, 0.3487, 12394
695, 0.3445, 12413
696, 0.3484, 12432
697, 0.3452, 12450
698, 0.349, 12469
699, 0.3464, 12488
700, 0.3503, 12507
701, 0.3474, 12526
702, 0.351, 12545
703, 0.3479, 12564
704, 0.3522, 12583
705, 0.3489, 12602
706, 0.3536, 12621
707, 0.3496, 12640
708, 0.3546, 12659
709, 0.3507, 12678
710, 0.3551, 12697
711, 0.3507, 12716
712, 0.3547, 12735
713, 0.3505, 12753
714, 0.3549, 12773
715, 0.3508, 12792
716, 0.3547, 12811
717, 0.3508, 12830
718, 0.355, 12849
719, 0.3513, 12868
720, 0.3564, 12887
721, 0.3518, 12906
722, 0.3561, 12925
723, 0.3533, 12945
724, 0.356, 12963
725, 0.3552, 12982
726, 0.357, 13002
727, 0.3565, 13020
728, 0.3576, 13039
729, 0.3572, 13058
730, 0.3579, 13077
731, 0.3581, 13096
732, 0.3585, 13114
733, 0.3589, 13133
734, 0.3592, 13153
735, 0.3594, 13171
736, 0.3596, 13190
737, 0.3596, 13209
738, 0.36, 13228
739, 0.3592, 13247
740, 0.36, 13266
741, 0.3595, 13285
742, 0.3605, 13304
743, 0.3602, 13323
744, 0.3608, 13341
745, 0.3619, 13361
746, 0.3611, 13380
747, 0.3629, 13399
748, 0.3621, 13418
749, 0.3634, 13437
750, 0.3625, 13456
751, 0.3639, 13474
752, 0.363, 13493
753, 0.3646, 13512
754, 0.3634, 13531
755, 0.3652, 13550
756, 0.3638, 13568
757, 0.3653, 13587
758, 0.3639, 13606
759, 0.3654, 13626
760, 0.3641, 13645
761, 0.3652, 13664
762, 0.3644, 13685
763, 0.3653, 13703
764, 0.3649, 13722
765, 0.3656, 13741
766, 0.3653, 13760
767, 0.3665, 13779
768, 0.3668, 13798
769, 0.3679, 13818
770, 0.3673, 13839
771, 0.3682, 13859
772, 0.3683, 13878
773, 0.3688, 13897
774, 0.3692, 13916
775, 0.3694, 13936
776, 0.3695, 13956
777, 0.3693, 13976
778, 0.3699, 13995
779, 0.3695, 14014
780, 0.3698, 14033
781, 0.3701, 14051
782, 0.3698, 14071
783, 0.3705, 14090
784, 0.3701, 14109
785, 0.3707, 14128
786, 0.3708, 14147
787, 0.3714, 14166
788, 0.3717, 14185
789, 0.3722, 14205
790, 0.3721, 14224
791, 0.3735, 14243
792, 0.3726, 14261
793, 0.3736, 14280
794, 0.3728, 14299
795, 0.3739, 14318
796, 0.3736, 14337
797, 0.3743, 14357
798, 0.3744, 14376
799, 0.3749, 14395
800, 0.374, 14414
801, 0.3748, 14433
802, 0.3744, 14452
803, 0.3744, 14471
804, 0.3748, 14490
805, 0.3745, 14509
806, 0.375, 14528
807, 0.3746, 14547
808, 0.3751, 14566
809, 0.3748, 14585
810, 0.3753, 14605
811, 0.3755, 14623
812, 0.3756, 14644
813, 0.3761, 14662
814, 0.3765, 14682
815, 0.3764, 14700
816, 0.3771, 14719
817, 0.3767, 14738
818, 0.3776, 14757
819, 0.3775, 14776
820, 0.3788, 14794
821, 0.3779, 14814
822, 0.3795, 14833
823, 0.3784, 14852
824, 0.3802, 14871
825, 0.3785, 14890
826, 0.3805, 14909
827, 0.3784, 14928
828, 0.3806, 14947
829, 0.3785, 14966
830, 0.3805, 14986
831, 0.379, 15005
832, 0.3806, 15024
833, 0.3797, 15043
834, 0.3812, 15063
835, 0.3801, 15082
836, 0.3825, 15101
837, 0.3809, 15120
838, 0.3832, 15139
839, 0.3814, 15158
840, 0.384, 15177
841, 0.3823, 15196
842, 0.3847, 15215
843, 0.3828, 15235
844, 0.3852, 15254
845, 0.3835, 15273
846, 0.3856, 15292
847, 0.3834, 15311
848, 0.3857, 15330
849, 0.3835, 15349
850, 0.3864, 15368
851, 0.3841, 15387
852, 0.387, 15406
853, 0.3843, 15425
854, 0.3866, 15444
855, 0.384, 15463
856, 0.3872, 15482
857, 0.3841, 15501
858, 0.3877, 15520
859, 0.3847, 15539
860, 0.3878, 15558
861, 0.3849, 15577
862, 0.3883, 15596
863, 0.3851, 15615
864, 0.389, 15634
865, 0.3859, 15654
866, 0.3904, 15673
867, 0.3868, 15693
868, 0.3914, 15712
869, 0.3871, 15731
870, 0.3918, 15750
871, 0.3875, 15769
872, 0.3918, 15787
873, 0.3871, 15806
874, 0.3916, 15825
875, 0.3865, 15844
876, 0.3919, 15863
877, 0.3864, 15882
878, 0.3922, 15901
879, 0.3868, 15920
880, 0.3924, 15939
881, 0.3871, 15958
882, 0.3927, 15977
883, 0.3878, 15996
884, 0.3933, 16015
885, 0.3881, 16034
886, 0.3944, 16053
887, 0.3893, 16072
888, 0.3947, 16091
889, 0.3897, 16110
890, 0.3953, 16129
891, 0.3899, 16149
892, 0.3946, 16168
893, 0.3903, 16187
894, 0.3952, 16206
895, 0.3899, 16225
896, 0.395, 16244
897, 0.3903, 16262
898, 0.3947, 16281
899, 0.3906, 16301
900, 0.3944, 16319
901, 0.3906, 16338
902, 0.3945, 16358
903, 0.3909, 16376
904, 0.3949, 16396
905, 0.3906, 16414
906, 0.3955, 16434
907, 0.3912, 16453
908, 0.3964, 16472
909, 0.3913, 16491
910, 0.3978, 16511
911, 0.392, 16530
912, 0.3979, 16549
913, 0.3924, 16568
914, 0.3986, 16587
915, 0.3933, 16606
916, 0.3984, 16625
917, 0.3925, 16644
918, 0.3984, 16663
919, 0.393, 16683
920, 0.3984, 16701
921, 0.3935, 16720
922, 0.3989, 16739
923, 0.3932, 16758
924, 0.3985, 16777
925, 0.3932, 16795
926, 0.3995, 16815
927, 0.3932, 16833
928, 0.4005, 16852
929, 0.3945, 16872
930, 0.4005, 16890
931, 0.3948, 16909
932, 0.4017, 16928
933, 0.3959, 16948
934, 0.4003, 16967
935, 0.3944, 16985
936, 0.4008, 17005
937, 0.3924, 17024
938, 0.4009, 17043
939, 0.3901, 17062
940, 0.3994, 17081
941, 0.3881, 17100
942, 0.3955, 17119
943, 0.3883, 17138
944, 0.3883, 17157
945, 0.3828, 17176
946, 0.3821, 17195
947, 0.3798, 17214
948, 0.3775, 17233
949, 0.3817, 17252
950, 0.3768, 17271
951, 0.3839, 17290
952, 0.3795, 17309
953, 0.3914, 17328
954, 0.3836, 17347
955, 0.3947, 17366
956, 0.3917, 17385
957, 0.3984, 17404
958, 0.394, 17424
959, 0.4008, 17443
960, 0.3981, 17462
961, 0.4036, 17481
962, 0.3999, 17499
963, 0.4054, 17518
964, 0.4015, 17537
965, 0.4058, 17556
966, 0.3997, 17575
967, 0.4053, 17594
968, 0.399, 17614
969, 0.4041, 17632
970, 0.3989, 17651
971, 0.403, 17670
972, 0.398, 17689
973, 0.4016, 17708
974, 0.3962, 17727
975, 0.4001, 17746
976, 0.391, 17765
977, 0.3962, 17784
978, 0.3878, 17803
979, 0.3981, 17823
980, 0.3906, 17841
981, 0.3999, 17860
982, 0.3975, 17880
983, 0.4063, 17900
984, 0.4019, 17921
985, 0.4084, 17941
986, 0.4054, 17960
987, 0.4097, 17981
988, 0.406, 18002
989, 0.4084, 18021
990, 0.4063, 18040
991, 0.4063, 18060
992, 0.4058, 18079
993, 0.4015, 18098
994, 0.4016, 18117
995, 0.3976, 18137
996, 0.397, 18156
997, 0.3913, 18175
998, 0.3916, 18194
999, 0.3889, 18213
1000, 0.3951, 18232
1001, 0.3902, 18251
1002, 0.401, 18269
1003, 0.3959, 18288
1004, 0.405, 18308
1005, 0.4018, 18327
1006, 0.4079, 18346
1007, 0.4016, 18365
1008, 0.4085, 18384
1009, 0.4024, 18403
1010, 0.4066, 18422
1011, 0.4005, 18441
1012, 0.4068, 18460
1013, 0.3976, 18480
1014, 0.4037, 18499
1015, 0.3936, 18518
1016, 0.402, 18537
1017, 0.3935, 18556
1018, 0.3996, 18575
1019, 0.3912, 18594
1020, 0.3962, 18614
1021, 0.3936, 18633
1022, 0.3995, 18651
1023, 0.3976, 18671
1024, 0.409, 18690
1025, 0.4072, 18710
1026, 0.4154, 18729
1027, 0.4139, 18748
1028, 0.4185, 18767
1029, 0.4182, 18785
1030, 0.4219, 18804
1031, 0.4195, 18823
1032, 0.4221, 18842
1033, 0.4197, 18860
1034, 0.4216, 18880
1035, 0.4182, 18899
1036, 0.42, 18918
1037, 0.4157, 18937
1038, 0.4183, 18956
1039, 0.4094, 18975
1040, 0.4142, 18994
1041, 0.4027, 19013
1042, 0.4096, 19031
1043, 0.4, 19050
1044, 0.4051, 19069
1045, 0.3998, 19088
1046, 0.4071, 19107
1047, 0.4038, 19126
1048, 0.4127, 19145
1049, 0.4099, 19164
1050, 0.414, 19184
1051, 0.4143, 19203
1052, 0.4171, 19222
1053, 0.415, 19241
1054, 0.4162, 19260
1055, 0.4107, 19279
1056, 0.4137, 19298
1057, 0.4076, 19317
1058, 0.4095, 19336
1059, 0.4028, 19355
1060, 0.4063, 19374
1061, 0.3979, 19393
1062, 0.4056, 19412
1063, 0.3995, 19431
1064, 0.4069, 19450
1065, 0.4017, 19469
1066, 0.406, 19488
1067, 0.4065, 19507
1068, 0.4078, 19526
1069, 0.4062, 19545
1070, 0.4096, 19564
1071, 0.408, 19583
1072, 0.4121, 19602
1073, 0.4105, 19622
1074, 0.4148, 19641
1075, 0.4141, 19660
1076, 0.4167, 19679
1077, 0.4174, 19698
1078, 0.4198, 19718
1079, 0.4192, 19737
1080, 0.4199, 19756
1081, 0.4196, 19775
1082, 0.4202, 19795
1083, 0.4193, 19814
1084, 0.4156, 19832
1085, 0.4165, 19851
1086, 0.411, 19870
1087, 0.4145, 19889
1088, 0.4086, 19909
1089, 0.4134, 19929
1090, 0.4075, 19948
1091, 0.4135, 19967
1092, 0.4119, 19986
1093, 0.4158, 20005
1094, 0.4172, 20025
1095, 0.4182, 20044
1096, 0.4206, 20063
1097, 0.4209, 20082
1098, 0.4227, 20102
1099, 0.4224, 20120
1100, 0.4226, 20139
1101, 0.4212, 20158
1102, 0.4215, 20178
1103, 0.4215, 20197
1104, 0.4187, 20216
1105, 0.4193, 20235
1106, 0.4154, 20254
1107, 0.4168, 20273
1108, 0.4104, 20292
1109, 0.4135, 20311
1110, 0.4054, 20330
1111, 0.4128, 20349
1112, 0.4052, 20369
1113, 0.4129, 20388
1114, 0.4079, 20406
1115, 0.4143, 20425
1116, 0.4113, 20445
1117, 0.4133, 20464
1118, 0.4119, 20484
1119, 0.4153, 20503
1120, 0.4111, 20522
1121, 0.4163, 20541
1122, 0.4101, 20560
1123, 0.4165, 20579
1124, 0.4119, 20598
1125, 0.4162, 20617
1126, 0.4117, 20636
1127, 0.4156, 20655
1128, 0.4165, 20674
1129, 0.4185, 20693
1130, 0.4192, 20713
1131, 0.4215, 20733
1132, 0.4211, 20752
1133, 0.4223, 20773
1134, 0.4228, 20794
1135, 0.4247, 20814
1136, 0.4241, 20833
1137, 0.426, 20853
1138, 0.4255, 20872
1139, 0.427, 20891
1140, 0.4236, 20911
1141, 0.4254, 20930
1142, 0.4218, 20949
1143, 0.4241, 20968
1144, 0.419, 20987
1145, 0.4216, 21006
1146, 0.4173, 21025
1147, 0.4199, 21044
1148, 0.4167, 21064
1149, 0.4199, 21083
1150, 0.4185, 21102
1151, 0.4213, 21121
1152, 0.421, 21140
1153, 0.4222, 21160
1154, 0.4237, 21179
1155, 0.4242, 21198
1156, 0.4242, 21218
1157, 0.426, 21236
1158, 0.4196, 21256
1159, 0.4222, 21275
1160, 0.4159, 21293
1161, 0.4187, 21313
1162, 0.41, 21331
1163, 0.4168, 21351
1164, 0.4083, 21369
1165, 0.4193, 21388
1166, 0.4155, 21407
1167, 0.4269, 21427
1168, 0.4211, 21446
1169, 0.4336, 21465
1170, 0.4256, 21483
1171, 0.4348, 21502
1172, 0.4252, 21522
1173, 0.4328, 21541
1174, 0.4247, 21560
1175, 0.4335, 21580
1176, 0.4219, 21599
1177, 0.4322, 21618
1178, 0.4185, 21636
1179, 0.4274, 21656
1180, 0.416, 21675
1181, 0.4202, 21694
1182, 0.4095, 21713
1183, 0.4148, 21732
1184, 0.4099, 21751
1185, 0.4146, 21770
1186, 0.4126, 21788
1187, 0.4182, 21807
1188, 0.4189, 21827
1189, 0.4248, 21846
1190, 0.4262, 21864
1191, 0.4293, 21883
1192, 0.428, 21902
1193, 0.4309, 21921
1194, 0.4291, 21939
1195, 0.4331, 21958
1196, 0.4298, 21977
1197, 0.4314, 21996
1198, 0.4288, 22015
1199, 0.4289, 22034
1200, 0.4253, 22053
1201, 0.4245, 22072
1202, 0.4235, 22091
1203, 0.422, 22111
1204, 0.4209, 22130
1205, 0.4165, 22149
1206, 0.4145, 22168
1207, 0.411, 22187
1208, 0.4026, 22205
1209, 0.3985, 22224
1210, 0.3998, 22243
1211, 0.3963, 22263
1212, 0.4104, 22282
1213, 0.4195, 22302
1214, 0.4269, 22321
1215, 0.4359, 22340
1216, 0.4368, 22359
1217, 0.4427, 22378
1218, 0.4382, 22397
1219, 0.4449, 22417
1220, 0.4397, 22436
1221, 0.4442, 22455
1222, 0.4388, 22474
1223, 0.4461, 22493
1224, 0.4361, 22512
1225, 0.4425, 22531
1226, 0.4307, 22550
1227, 0.4359, 22569
1228, 0.423, 22588
1229, 0.4283, 22607
1230, 0.4175, 22626
1231, 0.4266, 22645
1232, 0.4202, 22664
1233, 0.4309, 22682
1234, 0.4273, 22702
1235, 0.437, 22721
1236, 0.4327, 22740
1237, 0.4439, 22759
1238, 0.4345, 22778
1239, 0.4407, 22797
1240, 0.4314, 22817
1241, 0.4331, 22835
1242, 0.4233, 22854
1243, 0.4179, 22874
1244, 0.4172, 22892
1245, 0.4118, 22911
1246, 0.4156, 22930
1247, 0.4161, 22949
1248, 0.4244, 22969
1249, 0.4257, 22988
1250, 0.4281, 23007
1251, 0.4324, 23026
1252, 0.4312, 23046
1253, 0.437, 23065
1254, 0.4352, 23085
1255, 0.44, 23104
1256, 0.4369, 23122
1257, 0.4414, 23141
1258, 0.4382, 23160
1259, 0.4407, 23179
1260, 0.4379, 23198
1261, 0.4393, 23218
1262, 0.4353, 23237
1263, 0.4354, 23256
1264, 0.4333, 23275
1265, 0.4325, 23294
1266, 0.431, 23313
1267, 0.4315, 23332
1268, 0.4301, 23352
1269, 0.4329, 23371
1270, 0.432, 23390
1271, 0.4359, 23409
1272, 0.4343, 23428
1273, 0.437, 23447
1274, 0.4387, 23466
1275, 0.4376, 23485
1276, 0.4385, 23504
1277, 0.4369, 23523
1278, 0.4361, 23543
1279, 0.4322, 23563
1280, 0.4264, 23582
1281, 0.4213, 23601
1282, 0.4087, 23620
1283, 0.4087, 23639
1284, 0.4097, 23658
1285, 0.4229, 23677
1286, 0.4238, 23696
1287, 0.441, 23715
1288, 0.4388, 23734
1289, 0.4471, 23753
1290, 0.4403, 23772
1291, 0.4501, 23791
1292, 0.4413, 23811
1293, 0.4496, 23830
1294, 0.4389, 23849
1295, 0.4471, 23868
1296, 0.4343, 23887
1297, 0.4416, 23907
1298, 0.4266, 23926
1299, 0.4368, 23945
1300, 0.421, 23964
1301, 0.4361, 23983
1302, 0.422, 24002
1303, 0.4393, 24021
1304, 0.4297, 24040
1305, 0.4433, 24059
1306, 0.4378, 24078
1307, 0.4489, 24097
1308, 0.4425, 24116
1309, 0.4519, 24135
1310, 0.4451, 24154
1311, 0.4528, 24173
1312, 0.4459, 24192
1313, 0.453, 24211
1314, 0.4465, 24230
1315, 0.4509, 24249
1316, 0.4453, 24268
1317, 0.4489, 24287
1318, 0.4424, 24306
1319, 0.4435, 24325
1320, 0.4374, 24344
1321, 0.4393, 24363
1322, 0.4275, 24383
1323, 0.43, 24402
1324, 0.4149, 24421
1325, 0.4117, 24440
1326, 0.3991, 24459
1327, 0.3904, 24478
1328, 0.3992, 24497
1329, 0.4091, 24516
1330, 0.4354, 24535
1331, 0.4419, 24554
1332, 0.4499, 24574
1333, 0.4518, 24593
1334, 0.4538, 24613
1335, 0.4536, 24632
1336, 0.4536, 24651
1337, 0.4548, 24671
1338, 0.4542, 24689
1339, 0.4556, 24708
1340, 0.4547, 24728
1341, 0.4556, 24747
1342, 0.4545, 24766
1343, 0.4566, 24785
1344, 0.4537, 24805
1345, 0.4558, 24824
1346, 0.4546, 24843
1347, 0.4505, 24862
1348, 0.4523, 24881
1349, 0.4404, 24900
1350, 0.4409, 24920
1351, 0.426, 24939
1352, 0.4215, 24958
1353, 0.4096, 24977
1354, 0.4189, 24997
1355, 0.4196, 25015
1356, 0.4402, 25035
1357, 0.4383, 25054
1358, 0.4502, 25072
1359, 0.4474, 25092
1360, 0.4519, 25111
1361, 0.4446, 25130
1362, 0.4457, 25150
1363, 0.437, 25168
1364, 0.4357, 25187
1365, 0.4295, 25206
1366, 0.4339, 25226
1367, 0.4293, 25245
1368, 0.4395, 25264
1369, 0.4361, 25283
1370, 0.4476, 25302
1371, 0.445, 25321
1372, 0.4516, 25340
1373, 0.4508, 25359
1374, 0.4522, 25378
1375, 0.4515, 25398
1376, 0.4509, 25417
1377, 0.4504, 25436
1378, 0.4499, 25455
1379, 0.4479, 25475
1380, 0.4471, 25494
1381, 0.4415, 25513
1382, 0.4431, 25532
1383, 0.4365, 25551
1384, 0.4417, 25570
1385, 0.4339, 25589
1386, 0.4434, 25609
1387, 0.4361, 25628
1388, 0.4484, 25647
1389, 0.4431, 25666
1390, 0.4536, 25685
1391, 0.4482, 25705
1392, 0.457, 25724
1393, 0.4506, 25743
1394, 0.4587, 25762
1395, 0.4486, 25781
1396, 0.4588, 25801
1397, 0.4465, 25820
1398, 0.4567, 25839
1399, 0.4443, 25859
1400, 0.4537, 25878
1401, 0.4432, 25897
1402, 0.4522, 25917
1403, 0.4418, 25935
1404, 0.4523, 25955
1405, 0.4443, 25974
1406, 0.4538, 25993
1407, 0.4469, 26013
1408, 0.4571, 26032
1409, 0.4497, 26051
1410, 0.4604, 26069
1411, 0.4518, 26088
1412, 0.4612, 26108
1413, 0.4518, 26128
1414, 0.4622, 26147
1415, 0.4531, 26166
1416, 0.461, 26186
1417, 0.4535, 26205
1418, 0.4615, 26224
1419, 0.4537, 26243
1420, 0.4627, 26262
1421, 0.4526, 26281
1422, 0.4626, 26301
1423, 0.4507, 26320
1424, 0.4611, 26339
1425, 0.4512, 26358
1426, 0.4603, 26378
1427, 0.4473, 26396
1428, 0.4506, 26416
1429, 0.4376, 26435
1430, 0.4333, 26454
1431, 0.4178, 26473
1432, 0.4067, 26492
1433, 0.4046, 26511
1434, 0.4133, 26529
1435, 0.4251, 26549
1436, 0.4454, 26569
1437, 0.4531, 26587
1438, 0.4584, 26607
1439, 0.4627, 26626
1440, 0.4612, 26646
1441, 0.4636, 26665
1442, 0.4616, 26683
1443, 0.4637, 26703
1444, 0.4599, 26722
1445, 0.4621, 26741
1446, 0.4552, 26760
1447, 0.4473, 26779
1448, 0.4399, 26799
1449, 0.4313, 26818
1450, 0.424, 26837
1451, 0.4219, 26857
1452, 0.4277, 26876
1453, 0.4338, 26894
1454, 0.4471, 26914
1455, 0.4536, 26933
1456, 0.4582, 26952
1457, 0.461, 26971
1458, 0.4623, 26990
1459, 0.4642, 27010
1460, 0.4646, 27029
1461, 0.4661, 27048
1462, 0.4657, 27067
1463, 0.4677, 27086
1464, 0.464, 27105
1465, 0.4649, 27124
1466, 0.4604, 27143
1467, 0.4593, 27163
1468, 0.4505, 27182
1469, 0.4448, 27204
1470, 0.4359, 27224
1471, 0.4274, 27243
1472, 0.4176, 27262
1473, 0.4172, 27281
1474, 0.4167, 27301
1475, 0.4371, 27320
1476, 0.4397, 27339
1477, 0.458, 27358
1478, 0.4587, 27378
1479, 0.4666, 27397
1480, 0.4637, 27416
1481, 0.468, 27435
1482, 0.4656, 27454
1483, 0.4682, 27473
1484, 0.4656, 27492
1485, 0.4692, 27512
1486, 0.4661, 27531
1487, 0.4667, 27550
1488, 0.4634, 27570
1489, 0.4634, 27589
1490, 0.4574, 27608
1491, 0.4571, 27627
1492, 0.4484, 27646
1493, 0.4469, 27665
1494, 0.4388, 27684
1495, 0.4422, 27704
1496, 0.4404, 27723
1497, 0.4487, 27742
1498, 0.4503, 27761
1499, 0.4579, 27780
1500, 0.4621, 27799
1501, 0.4635, 27819
1502, 0.4689, 27838
1503, 0.468, 27857
1504, 0.4696, 27877
1505, 0.4678, 27896
1506, 0.4694, 27916
1507, 0.4674, 27934
1508, 0.4678, 27953
1509, 0.4651, 27973
1510, 0.4598, 27992
1511, 0.4567, 28011
1512, 0.4498, 28030
1513, 0.4395, 28049
1514, 0.4318, 28068
1515, 0.4278, 28087
1516, 0.424, 28106
1517, 0.4284, 28126
1518, 0.4342, 28145
1519, 0.448, 28163
1520, 0.446, 28183
1521, 0.4641, 28202
1522, 0.4599, 28221
1523, 0.4712, 28240
1524, 0.4645, 28259
1525, 0.4734, 28278
1526, 0.4666, 28297
1527, 0.4726, 28317
1528, 0.4669, 28336
1529, 0.4697, 28355
1530, 0.4659, 28374
1531, 0.4694, 28394
1532, 0.4617, 28413
1533, 0.4677, 28432
1534, 0.4592, 28451
1535, 0.4638, 28470
1536, 0.4564, 28490
1537, 0.4621, 28509
1538, 0.4544, 28528
1539, 0.459, 28547
1540, 0.4561, 28566
1541, 0.4599, 28586
1542, 0.4593, 28605
1543, 0.4625, 28624
1544, 0.4636, 28643
1545, 0.4649, 28662
1546, 0.4667, 28681
1547, 0.4657, 28701
1548, 0.4669, 28720
1549, 0.4645, 28739
1550, 0.4672, 28759
1551, 0.4607, 28778
1552, 0.4658, 28797
1553, 0.455, 28816
1554, 0.4572, 28835
1555, 0.4457, 28854
1556, 0.441, 28873
1557, 0.4301, 28893
1558, 0.4193, 28912
1559, 0.4283, 28931
1560, 0.4281, 28951
1561, 0.4493, 28970
1562, 0.4531, 28989
1563, 0.4686, 29008
1564, 0.4659, 29027
1565, 0.4755, 29046
1566, 0.4697, 29065
1567, 0.4774, 29085
1568, 0.4719, 29104
1569, 0.4781, 29123
1570, 0.4721, 29142
1571, 0.4774, 29161
1572, 0.4722, 29180
1573, 0.4773, 29199
1574, 0.4693, 29218
1575, 0.4753, 29237
1576, 0.4677, 29256
1577, 0.4735, 29275
1578, 0.466, 29294
1579, 0.4671, 29313
1580, 0.458, 29332
1581, 0.4583, 29352
1582, 0.4489, 29371
1583, 0.4528, 29390
1584, 0.4461, 29409
1585, 0.4543, 29429
1586, 0.4488, 29448
1587, 0.4614, 29467
1588, 0.4602, 29486
1589, 0.4658, 29505
1590, 0.4647, 29525
1591, 0.464, 29544
1592, 0.4664, 29563
1593, 0.4612, 29582
1594, 0.4633, 29601
1595, 0.4598, 29620
1596, 0.46, 29639
1597, 0.4586, 29659
1598, 0.4577, 29678
1599, 0.4604, 29697
1600, 0.4577, 29716
1601, 0.4635, 29735
1602, 0.4596, 29754
1603, 0.4661, 29773
1604, 0.4593, 29792
1605, 0.4691, 29811
1606, 0.4635, 29831
1607, 0.4706, 29850
1608, 0.4638, 29869
1609, 0.4713, 29888
1610, 0.4655, 29907
1611, 0.4727, 29926
1612, 0.4661, 29945
1613, 0.4724, 29964
1614, 0.4656, 29984
1615, 0.4733, 30003
1616, 0.466, 30022
1617, 0.4715, 30041
1618, 0.4651, 30061
1619, 0.4713, 30079
1620, 0.4636, 30098
1621, 0.4672, 30117
1622, 0.4624, 30137
1623, 0.4643, 30156
1624, 0.4622, 30175
1625, 0.4601, 30193
1626, 0.461, 30213
1627, 0.4614, 30231
1628, 0.465, 30250
1629, 0.4584, 30269
1630, 0.4634, 30288
1631, 0.4581, 30308
1632, 0.4643, 30327
1633, 0.4588, 30346
1634, 0.4609, 30365
1635, 0.4597, 30384
1636, 0.4608, 30403
1637, 0.4604, 30422
1638, 0.4639, 30441
1639, 0.4634, 30460
1640, 0.4674, 30479
1641, 0.467, 30499
1642, 0.4709, 30518
1643, 0.4701, 30537
1644, 0.4739, 30556
1645, 0.473, 30575
1646, 0.4763, 30594
1647, 0.4744, 30613
1648, 0.4776, 30632
1649, 0.4749, 30650
1650, 0.4774, 30670
1651, 0.4749, 30688
1652, 0.476, 30707
1653, 0.4727, 30726
1654, 0.4743, 30745
1655, 0.4714, 30765
1656, 0.4725, 30785
1657, 0.4679, 30803
1658, 0.4677, 30823
1659, 0.4655, 30842
1660, 0.4654, 30861
1661, 0.4645, 30881
1662, 0.4645, 30900
1663, 0.4635, 30919
1664, 0.4665, 30938
1665, 0.4656, 30957
1666, 0.4695, 30977
1667, 0.4704, 30996
1668, 0.4722, 31015
1669, 0.4719, 31034
1670, 0.4762, 31054
1671, 0.4734, 31073
1672, 0.4751, 31092
1673, 0.4742, 31111
1674, 0.4717, 31131
1675, 0.4688, 31150
1676, 0.4675, 31170
1677, 0.462, 31188
1678, 0.4601, 31207
1679, 0.4606, 31227
1680, 0.4595, 31246
1681, 0.4653, 31266
1682, 0.4632, 31287
1683, 0.4722, 31306
1684, 0.4704, 31326
1685, 0.4777, 31345
1686, 0.4752, 31364
1687, 0.4804, 31383
1688, 0.4753, 31402
1689, 0.4826, 31422
1690, 0.4744, 31441
1691, 0.482, 31460
1692, 0.4744, 31480
1693, 0.4798, 31499
1694, 0.4737, 31518
1695, 0.4771, 31537
1696, 0.47, 31556
1697, 0.4709, 31575
1698, 0.4641, 31594
1699, 0.4642, 31613
1700, 0.4601, 31633
1701, 0.458, 31652
1702, 0.4592, 31671
1703, 0.4631, 31690
1704, 0.467, 31709
1705, 0.4688, 31729
1706, 0.4749, 31748
1707, 0.4788, 31767
1708, 0.4788, 31786
1709, 0.4833, 31806
1710, 0.4809, 31825
1711, 0.4833, 31844
1712, 0.4805, 31863
1713, 0.4831, 31882
1714, 0.4816, 31901
1715, 0.4804, 31919
1716, 0.4783, 31938
1717, 0.4751, 31957
1718, 0.474, 31977
1719, 0.472, 31996
1720, 0.4707, 32014
1721, 0.4677, 32033
1722, 0.4684, 32053
1723, 0.4668, 32072
1724, 0.4688, 32091
1725, 0.4684, 32110
1726, 0.4753, 32129
1727, 0.474, 32148
1728, 0.4792, 32168
1729, 0.4782, 32187
1730, 0.4826, 32206
1731, 0.4813, 32225
1732, 0.4825, 32244
1733, 0.4815, 32264
1734, 0.4842, 32283
1735, 0.4792, 32302
1736, 0.4809, 32321
1737, 0.4788, 32340
1738, 0.4796, 32359
1739, 0.4779, 32378
1740, 0.4767, 32397
1741, 0.4756, 32416
1742, 0.4742, 32435
1743, 0.4704, 32454
1744, 0.4688, 32473
1745, 0.4671, 32492
1746, 0.4631, 32511
1747, 0.4628, 32531
1748, 0.4645, 32550
1749, 0.4634, 32569
1750, 0.4687, 32588
1751, 0.4708, 32607
1752, 0.4784, 32626
1753, 0.4774, 32645
1754, 0.4862, 32665
1755, 0.482, 32684
1756, 0.4923, 32703
1757, 0.4833, 32722
1758, 0.4937, 32741
1759, 0.4853, 32760
1760, 0.4933, 32779
1761, 0.4859, 32798
1762, 0.4923, 32817
1763, 0.4867, 32836
1764, 0.4863, 32856
1765, 0.4818, 32875
1766, 0.4825, 32894
1767, 0.4764, 32913
1768, 0.4771, 32932
1769, 0.4712, 32951
1770, 0.4684, 32970
1771, 0.467, 32989
1772, 0.4661, 33008
1773, 0.4714, 33027
1774, 0.4713, 33046
1775, 0.4785, 33066
1776, 0.4776, 33085
1777, 0.4838, 33105
1778, 0.4828, 33124
1779, 0.4852, 33143
1780, 0.4843, 33162
1781, 0.4875, 33182
1782, 0.4827, 33201
1783, 0.4876, 33220
1784, 0.4811, 33240
1785, 0.4878, 33259
1786, 0.4788, 33279
1787, 0.4852, 33298
1788, 0.4742, 33317
1789, 0.4804, 33336
1790, 0.4708, 33355
1791, 0.4701, 33374
1792, 0.4681, 33393
1793, 0.4644, 33411
1794, 0.4689, 33431
1795, 0.4676, 33450
1796, 0.4742, 33469
1797, 0.477, 33488
1798, 0.4812, 33508
1799, 0.4849, 33527
1800, 0.4859, 33546
1801, 0.4887, 33565
1802, 0.4887, 33584
1803, 0.4899, 33603
1804, 0.49, 33622
1805, 0.4887, 33641
1806, 0.4883, 33660
1807, 0.4859, 33679
1808, 0.4864, 33698
1809, 0.4825, 33716
1810, 0.4826, 33735
1811, 0.4786, 33755
1812, 0.48, 33774
1813, 0.4748, 33793
1814, 0.479, 33812
1815, 0.4761, 33832
1816, 0.4801, 33851
1817, 0.4797, 33870
1818, 0.4847, 33889
1819, 0.4832, 33909
1820, 0.4843, 33928
1821, 0.4828, 33947
1822, 0.4837, 33966
1823, 0.4829, 33985
1824, 0.4823, 34004
1825, 0.4828, 34023
1826, 0.4827, 34043
1827, 0.4837, 34062
1828, 0.485, 34081
1829, 0.4858, 34100
1830, 0.4872, 34119
1831, 0.4878, 34138
1832, 0.4894, 34157
1833, 0.4881, 34176
1834, 0.49, 34195
1835, 0.4883, 34214
1836, 0.4898, 34233
1837, 0.4876, 34253
1838, 0.4885, 34272
1839, 0.4851, 34292
1840, 0.4898, 34310
1841, 0.4841, 34330
1842, 0.4864, 34349
1843, 0.4773, 34368
1844, 0.4801, 34387
1845, 0.4737, 34407
1846, 0.4739, 34425
1847, 0.4692, 34445
1848, 0.469, 34464
1849, 0.4692, 34483
1850, 0.4773, 34502
1851, 0.4765, 34522
1852, 0.4855, 34541
1853, 0.4843, 34560
1854, 0.4935, 34579
1855, 0.4895, 34598
1856, 0.496, 34617
1857, 0.4922, 34636
1858, 0.4961, 34655
1859, 0.4945, 34674
1860, 0.4956, 34693
1861, 0.4937, 34712
1862, 0.493, 34732
1863, 0.4915, 34751
1864, 0.488, 34770
1865, 0.4877, 34790
1866, 0.4803, 34809
1867, 0.4806, 34828
1868, 0.4736, 34847
1869, 0.4785, 34866
1870, 0.4763, 34885
1871, 0.4806, 34904
1872, 0.481, 34923
1873, 0.4875, 34942
1874, 0.4884, 34961
1875, 0.4938, 34980
1876, 0.4942, 34999
1877, 0.4967, 35019
1878, 0.494, 35038
1879, 0.4974, 35057
1880, 0.4932, 35076
1881, 0.4974, 35096
1882, 0.4943, 35115
1883, 0.4969, 35134
1884, 0.4908, 35153
1885, 0.495, 35172
1886, 0.4868, 35191
1887, 0.4902, 35210
1888, 0.481, 35229
1889, 0.485, 35248
1890, 0.4789, 35267
1891, 0.4825, 35286
1892, 0.4774, 35306
1893, 0.481, 35325
1894, 0.4811, 35345
1895, 0.4833, 35364
1896, 0.4827, 35384
1897, 0.4852, 35403
1898, 0.4851, 35422
1899, 0.4883, 35441
1900, 0.4899, 35460
1901, 0.4908, 35480
1902, 0.49, 35499
1903, 0.4912, 35518
1904, 0.4912, 35537
1905, 0.4897, 35556
1906, 0.4922, 35575
1907, 0.4874, 35594
1908, 0.4922, 35613
1909, 0.4863, 35632
1910, 0.4882, 35651
1911, 0.4861, 35670
1912, 0.4866, 35689
1913, 0.4856, 35708
1914, 0.4871, 35728
1915, 0.487, 35747
1916, 0.4894, 35766
1917, 0.4882, 35785
1918, 0.4913, 35804
1919, 0.4917, 35824
1920, 0.4945, 35844
1921, 0.4927, 35863
1922, 0.4968, 35882
1923, 0.4939, 35902
1924, 0.4973, 35921
1925, 0.4945, 35941
1926, 0.4979, 35960
1927, 0.4938, 35979
1928, 0.4985, 35997
1929, 0.4933, 36017
1930, 0.4965, 36036
1931, 0.4923, 36055
1932, 0.4954, 36075
1933, 0.4902, 36094
1934, 0.4944, 36113
1935, 0.4879, 36132
1936, 0.4942, 36151
1937, 0.4855, 36170
1938, 0.493, 36189
1939, 0.4863, 36208
1940, 0.4934, 36227
1941, 0.4869, 36247
1942, 0.4948, 36266
1943, 0.4893, 36285
1944, 0.4955, 36304
1945, 0.4903, 36323
1946, 0.4943, 36342
1947, 0.4893, 36362
1948, 0.4896, 36380
1949, 0.4877, 36400
1950, 0.483, 36419
1951, 0.4813, 36438
1952, 0.4754, 36457
1953, 0.4777, 36476
1954, 0.4795, 36495
1955, 0.4841, 36515
1956, 0.4885, 36534
1957, 0.4917, 36553
1958, 0.4941, 36572
1959, 0.4948, 36591
1960, 0.4996, 36610
1961, 0.4977, 36629
1962, 0.5009, 36649
1963, 0.4978, 36669
1964, 0.5001, 36688
1965, 0.4956, 36707
1966, 0.4976, 36726
1967, 0.495, 36745
1968, 0.4942, 36764
1969, 0.4938, 36782
1970, 0.4929, 36802
1971, 0.491, 36821
1972, 0.4905, 36841
1973, 0.4907, 36860
1974, 0.4916, 36879
1975, 0.491, 36898
1976, 0.4932, 36917
1977, 0.493, 36936
1978, 0.4949, 36955
1979, 0.4971, 36973
1980, 0.4952, 36992
1981, 0.499, 37011
1982, 0.4951, 37031
1983, 0.4999, 37050
1984, 0.4956, 37069
1985, 0.4998, 37088
1986, 0.4972, 37107
1987, 0.5002, 37126
1988, 0.4969, 37145
1989, 0.499, 37164
1990, 0.496, 37183
1991, 0.4977, 37202
1992, 0.4949, 37221
1993, 0.4973, 37241
1994, 0.4931, 37260
1995, 0.4967, 37279
1996, 0.4921, 37298
1997, 0.4944, 37317
1998, 0.4917, 37336
1999, 0.4921, 37355
2000, 0.4905, 37373
2001, 0.4893, 37393
2002, 0.4883, 37412
2003, 0.4905, 37431
2004, 0.4885, 37450
2005, 0.4918, 37469
2006, 0.4916, 37488
2007, 0.4922, 37508
2008, 0.495, 37527
2009, 0.4928, 37546
2010, 0.4978, 37565
2011, 0.4935, 37585
2012, 0.499, 37604
2013, 0.4934, 37623
2014, 0.4983, 37642
2015, 0.4887, 37661
2016, 0.497, 37680
2017, 0.4883, 37700
2018, 0.4943, 37719
2019, 0.488, 37737
2020, 0.4952, 37757
2021, 0.4899, 37775
2022, 0.4991, 37795
2023, 0.494, 37814
2024, 0.5027, 37833
2025, 0.4975, 37852
2026, 0.504, 37871
2027, 0.4981, 37890
2028, 0.5041, 37909
2029, 0.498, 37929
2030, 0.5022, 37947
2031, 0.4978, 37966
2032, 0.4965, 37986
2033, 0.492, 38005
2034, 0.4875, 38024
2035, 0.4871, 38043
2036, 0.4834, 38062
2037, 0.4869, 38081
2038, 0.4859, 38100
2039, 0.4932, 38120
2040, 0.4919, 38139
2041, 0.4995, 38157
2042, 0.4988, 38177
2043, 0.5031, 38196
2044, 0.5046, 38215
2045, 0.5074, 38235
2046, 0.5055, 38254
2047, 0.5081, 38273
2048, 0.5063, 38292
2049, 0.5095, 38311
2050, 0.5059, 38330
2051, 0.5088, 38350
2052, 0.5033, 38369
2053, 0.5064, 38388
2054, 0.5006, 38407
2055, 0.504, 38426
2056, 0.4954, 38445
2057, 0.5009, 38464
2058, 0.4924, 38483
2059, 0.495, 38502
2060, 0.4885, 38521
2061, 0.4949, 38540
2062, 0.4897, 38559
2063, 0.499, 38578
2064, 0.4931, 38597
2065, 0.5014, 38617
2066, 0.4984, 38636
2067, 0.5074, 38655
2068, 0.5041, 38674
2069, 0.51, 38694
2070, 0.5052, 38713
2071, 0.5123, 38732
2072, 0.5061, 38751
2073, 0.5106, 38770
2074, 0.5039, 38789
2075, 0.5056, 38809
2076, 0.5029, 38828
2077, 0.4993, 38846
2078, 0.497, 38865
2079, 0.4896, 38884
2080, 0.4881, 38904
2081, 0.4804, 38923
2082, 0.4844, 38942
2083, 0.4831, 38961
2084, 0.4928, 38980
2085, 0.4925, 38999
2086, 0.5002, 39019
2087, 0.4992, 39037
2088, 0.5033, 39056
2089, 0.5046, 39076
2090, 0.5063, 39095
2091, 0.5064, 39114
2092, 0.5069, 39133
2093, 0.5077, 39152
2094, 0.5052, 39172
2095, 0.5069, 39191
2096, 0.5041, 39210
2097, 0.5068, 39230
2098, 0.5025, 39249
2099, 0.5042, 39268
2100, 0.5008, 39288
2101, 0.5008, 39307
2102, 0.4978, 39326
2103, 0.4995, 39345
2104, 0.496, 39364
2105, 0.5002, 39383
2106, 0.4964, 39402
2107, 0.5017, 39422
2108, 0.4996, 39441
2109, 0.5032, 39460
2110, 0.5015, 39479
2111, 0.506, 39498
2112, 0.5036, 39517
2113, 0.5068, 39536
2114, 0.5046, 39555
2115, 0.506, 39575
2116, 0.5037, 39594
2117, 0.506, 39612
2118, 0.5042, 39632
2119, 0.5035, 39651
2120, 0.5034, 39671
2121, 0.5, 39690
2122, 0.5019, 39709
2123, 0.4952, 39728
2124, 0.5001, 39747
2125, 0.4948, 39766
2126, 0.4974, 39785
2127, 0.4965, 39805
2128, 0.4986, 39824
2129, 0.4959, 39843
2130, 0.5002, 39862
2131, 0.4974, 39881
2132, 0.5016, 39901
2133, 0.4988, 39920
2134, 0.5004, 39940
2135, 0.5003, 39958
2136, 0.4992, 39977
2137, 0.5016, 39996
2138, 0.5, 40015
2139, 0.5044, 40034
2140, 0.5037, 40054
2141, 0.5059, 40072
2142, 0.5053, 40092
2143, 0.5081, 40111
2144, 0.5057, 40130
2145, 0.5079, 40149
2146, 0.5044, 40169
2147, 0.5072, 40188
2148, 0.5012, 40207
2149, 0.5072, 40225
2150, 0.4982, 40244
2151, 0.5053, 40264
2152, 0.4971, 40283
2153, 0.504, 40302
2154, 0.4973, 40321
2155, 0.5054, 40341
2156, 0.4987, 40360
2157, 0.5082, 40379
2158, 0.5006, 40398
2159, 0.5083, 40417
2160, 0.5032, 40437
2161, 0.509, 40456
2162, 0.5037, 40475
2163, 0.5075, 40494
2164, 0.5037, 40513
2165, 0.504, 40532
2166, 0.4986, 40551
2167, 0.5004, 40570
2168, 0.4973, 40589
2169, 0.4971, 40608
2170, 0.4955, 40627
2171, 0.4973, 40646
2172, 0.4998, 40665
2173, 0.501, 40685
2174, 0.5058, 40704
2175, 0.5049, 40722
2176, 0.5101, 40741
2177, 0.5071, 40761
2178, 0.5119, 40780
2179, 0.5072, 40799
2180, 0.5121, 40818
2181, 0.5077, 40837
2182, 0.5121, 40856
2183, 0.5098, 40876
2184, 0.5115, 40895
2185, 0.5086, 40914
2186, 0.5111, 40933
2187, 0.5079, 40952
2188, 0.5085, 40971
2189, 0.5079, 40990
2190, 0.5082, 41009
2191, 0.5065, 41028
2192, 0.5059, 41047
2193, 0.5059, 41067
2194, 0.5035, 41085
2195, 0.5041, 41105
2196, 0.4999, 41124
2197, 0.5022, 41143
2198, 0.4995, 41163
2199, 0.5044, 41182
2200, 0.5022, 41201
2201, 0.5056, 41220
2202, 0.5055, 41239
2203, 0.5098, 41258
2204, 0.5053, 41278
2205, 0.5108, 41297
2206, 0.5059, 41316
2207, 0.5103, 41335
2208, 0.5031, 41354
2209, 0.5095, 41374
2210, 0.5017, 41393
2211, 0.5077, 41413
2212, 0.5026, 41432
2213, 0.5089, 41451
2214, 0.502, 41470
2215, 0.51, 41490
2216, 0.5026, 41508
2217, 0.5135, 41527
2218, 0.5047, 41546
2219, 0.5135, 41565
2220, 0.5059, 41585
2221, 0.5133, 41604
2222, 0.5033, 41623
2223, 0.5066, 41641
2224, 0.4979, 41661
2225, 0.4977, 41680
2226, 0.4874, 41699
2227, 0.4927, 41718
2228, 0.4885, 41737
2229, 0.4968, 41755
2230, 0.5009, 41775
2231, 0.5068, 41794
2232, 0.5118, 41813
2233, 0.5148, 41832
2234, 0.5172, 41852
2235, 0.5186, 41871
2236, 0.5202, 41890
2237, 0.5198, 41909
2238, 0.5202, 41928
2239, 0.5194, 41948
2240, 0.5184, 41967
2241, 0.5183, 41987
2242, 0.5156, 42006
2243, 0.5155, 42025
2244, 0.51, 42044
2245, 0.5095, 42063
2246, 0.5018, 42082
2247, 0.5004, 42102
2248, 0.4943, 42121
2249, 0.4938, 42140
2250, 0.4934, 42159
2251, 0.4995, 42178
2252, 0.5023, 42197
2253, 0.5106, 42217
2254, 0.5098, 42236
2255, 0.5167, 42255
2256, 0.5146, 42274
2257, 0.5176, 42293
2258, 0.5167, 42313
2259, 0.5216, 42331
2260, 0.5172, 42350
2261, 0.5235, 42370
2262, 0.5169, 42388
2263, 0.5228, 42407
2264, 0.5167, 42427
2265, 0.5217, 42446
2266, 0.5141, 42465
2267, 0.518, 42484
2268, 0.5101, 42503
2269, 0.5172, 42522
2270, 0.5085, 42541
2271, 0.5155, 42560
2272, 0.5052, 42579
2273, 0.5135, 42598
2274, 0.5024, 42617
2275, 0.509, 42637
2276, 0.4998, 42656
2277, 0.5008, 42675
2278, 0.493, 42694
2279, 0.496, 42713
2280, 0.4872, 42732
2281, 0.4999, 42752
2282, 0.5006, 42770
2283, 0.5068, 42789
2284, 0.5106, 42809
2285, 0.5085, 42828
2286, 0.5122, 42847
2287, 0.5115, 42866
2288, 0.5146, 42885
2289, 0.5122, 42904
2290, 0.5147, 42923
2291, 0.5133, 42943
2292, 0.5152, 42962
2293, 0.513, 42981
2294, 0.5127, 43000
2295, 0.5126, 43019
2296, 0.5114, 43039
2297, 0.5116, 43058
2298, 0.5093, 43077
2299, 0.5094, 43096
2300, 0.5089, 43115
2301, 0.5086, 43134
2302, 0.5093, 43153
2303, 0.5085, 43172
2304, 0.51, 43191
2305, 0.5109, 43210
2306, 0.5111, 43230
2307, 0.5137, 43249
2308, 0.5109, 43268
2309, 0.515, 43287
2310, 0.5122, 43307
2311, 0.5139, 43326
2312, 0.5101, 43345
2313, 0.5115, 43364
2314, 0.5075, 43383
2315, 0.508, 43402
2316, 0.5071, 43421
2317, 0.5057, 43440
2318, 0.5078, 43460
2319, 0.508, 43479
2320, 0.5115, 43498
2321, 0.5098, 43517
2322, 0.5146, 43536
2323, 0.513, 43555
2324, 0.5166, 43574
2325, 0.5139, 43593
2326, 0.5175, 43612
2327, 0.5147, 43631
2328, 0.5161, 43650
2329, 0.5108, 43669
2330, 0.5136, 43689
2331, 0.5034, 43708
2332, 0.5093, 43727
2333, 0.4982, 43746
2334, 0.5089, 43765
2335, 0.4985, 43785
2336, 0.5125, 43804
2337, 0.5089, 43823
2338, 0.514, 43842
2339, 0.5151, 43862
2340, 0.5147, 43881
2341, 0.5192, 43901
2342, 0.5155, 43920
2343, 0.52, 43939
2344, 0.5134, 43958
2345, 0.5188, 43977
2346, 0.5138, 43996
2347, 0.5146, 44014
2348, 0.5111, 44033
2349, 0.5129, 44052
2350, 0.5111, 44072
2351, 0.514, 44090
2352, 0.5134, 44109
2353, 0.5186, 44129
2354, 0.5166, 44148
2355, 0.5228, 44166
2356, 0.5179, 44185
2357, 0.5241, 44204
2358, 0.519, 44223
2359, 0.5264, 44242
2360, 0.5199, 44261
2361, 0.5258, 44280
2362, 0.5195, 44299
2363, 0.5233, 44318
2364, 0.5178, 44337
2365, 0.5195, 44356
2366, 0.5178, 44375
2367, 0.5162, 44394
2368, 0.5143, 44413
2369, 0.512, 44432
2370, 0.5124, 44451
2371, 0.5092, 44470
2372, 0.5094, 44489
2373, 0.5088, 44508
2374, 0.5122, 44527
2375, 0.5122, 44546
2376, 0.518, 44565
2377, 0.5143, 44584
2378, 0.5223, 44603
2379, 0.5171, 44621
2380, 0.5252, 44640
2381, 0.519, 44659
2382, 0.5254, 44678
2383, 0.5194, 44697
2384, 0.5238, 44717
2385, 0.5185, 44735
2386, 0.5211, 44754
2387, 0.5144, 44773
2388, 0.5181, 44792
2389, 0.5097, 44811
2390, 0.5115, 44830
2391, 0.5039, 44850
2392, 0.5064, 44868
2393, 0.5018, 44887
2394, 0.5045, 44907
2395, 0.506, 44926
2396, 0.5094, 44945
2397, 0.5138, 44964
2398, 0.5139, 44983
2399, 0.5203, 45001
2400, 0.5184, 45021
2401, 0.5235, 45040
2402, 0.5207, 45059
2403, 0.5236, 45078
2404, 0.5218, 45097
2405, 0.5227, 45116
2406, 0.5211, 45135
2407, 0.5212, 45154
2408, 0.5191, 45173
2409, 0.5194, 45192
2410, 0.5163, 45210
2411, 0.5183, 45229
2412, 0.5166, 45248
2413, 0.5186, 45267
2414, 0.5172, 45287
2415, 0.5194, 45306
2416, 0.5182, 45325
2417, 0.5217, 45343
2418, 0.52, 45362
2419, 0.5207, 45381
2420, 0.5198, 45400
2421, 0.5174, 45419
2422, 0.5166, 45438
2423, 0.5156, 45457
2424, 0.5119, 45476
2425, 0.5096, 45495
2426, 0.5054, 45515
2427, 0.5039, 45533
2428, 0.5039, 45553
2429, 0.5077, 45572
2430, 0.5121, 45591
2431, 0.5156, 45610
2432, 0.5226, 45629
2433, 0.5231, 45648
2434, 0.524, 45667
2435, 0.5253, 45687
2436, 0.5202, 45705
2437, 0.5237, 45725
2438, 0.5193, 45744
2439, 0.5246, 45763
2440, 0.5141, 45782
2441, 0.5212, 45801
2442, 0.5111, 45820
2443, 0.52, 45839
2444, 0.5084, 45858
2445, 0.5146, 45877
2446, 0.5097, 45895
2447, 0.5161, 45914
2448, 0.5116, 45933
2449, 0.5166, 45952
2450, 0.5141, 45971
2451, 0.5176, 45990
2452, 0.5159, 46009
2453, 0.5189, 46028
2454, 0.5197, 46047
2455, 0.5201, 46065
2456, 0.5206, 46085
2457, 0.5211, 46104
2458, 0.5213, 46122
2459, 0.5212, 46142
2460, 0.522, 46161
2461, 0.522, 46179
2462, 0.522, 46198
2463, 0.5227, 46217
2464, 0.5202, 46236
2465, 0.5225, 46255
2466, 0.521, 46274
2467, 0.5208, 46293
2468, 0.5214, 46312
2469, 0.5166, 46331
2470, 0.5191, 46350
2471, 0.5135, 46369
2472, 0.518, 46389
2473, 0.5104, 46408
2474, 0.5191, 46427
2475, 0.5109, 46446
2476, 0.5216, 46465
2477, 0.5176, 46484
2478, 0.5225, 46503
2479, 0.5213, 46521
2480, 0.5218, 46540
2481, 0.5213, 46559
2482, 0.5206, 46578
2483, 0.5216, 46597
2484, 0.5198, 46616
2485, 0.5202, 46635
2486, 0.5177, 46654
2487, 0.5197, 46673
2488, 0.5166, 46692
2489, 0.5194, 46711
2490, 0.5173, 46730
2491, 0.5198, 46749
2492, 0.52, 46768
2493, 0.5238, 46787
2494, 0.5233, 46806
2495, 0.5278, 46825
2496, 0.5255, 46844
2497, 0.5311, 46863
2498, 0.5265, 46882
2499, 0.5315, 46902
2500, 0.526, 46921
2501, 0.5321, 46939
2502, 0.5253, 46958
2503, 0.5308, 46978
2504, 0.524, 46997
2505, 0.5292, 47016
2506, 0.5227, 47035
2507, 0.5285, 47054
2508, 0.5234, 47073
2509, 0.5279, 47092
2510, 0.5207, 47112
2511, 0.5273, 47131
2512, 0.5169, 47149
2513, 0.5279, 47169
2514, 0.5155, 47187
2515, 0.5253, 47206
2516, 0.515, 47226
2517, 0.5198, 47244
2518, 0.51, 47263
2519, 0.5159, 47282
2520, 0.5059, 47301
2521, 0.5129, 47320
2522, 0.5106, 47339
2523, 0.5181, 47358
2524, 0.5181, 47377
2525, 0.527, 47396
2526, 0.5239, 47415
2527, 0.5276, 47434
2528, 0.5261, 47452
2529, 0.5288, 47472
2530, 0.524, 47491
2531, 0.5291, 47511
2532, 0.522, 47529
2533, 0.5298, 47548
2534, 0.5216, 47567
2535, 0.5258, 47587
2536, 0.5175, 47606
2537, 0.5248, 47625
2538, 0.5154, 47644
2539, 0.5221, 47663
2540, 0.5182, 47683
2541, 0.5232, 47701
2542, 0.5221, 47721
2543, 0.5259, 47740
2544, 0.5242, 47759
2545, 0.526, 47778
2546, 0.5273, 47797
2547, 0.5266, 47816
2548, 0.5272, 47836
2549, 0.526, 47855
2550, 0.5283, 47874
2551, 0.5276, 47893
2552, 0.5275, 47912
2553, 0.5274, 47931
2554, 0.529, 47950
2555, 0.5291, 47969
2556, 0.5298, 47988
2557, 0.5303, 48007
2558, 0.529, 48027
2559, 0.5316, 48046
2560, 0.5298, 48065
2561, 0.5323, 48084
2562, 0.5304, 48103
2563, 0.533, 48123
2564, 0.5298, 48142
2565, 0.5337, 48161
2566, 0.53, 48180
2567, 0.5336, 48199
2568, 0.5295, 48218
2569, 0.5333, 48237
2570, 0.5295, 48256
2571, 0.5321, 48275
2572, 0.5274, 48293
2573, 0.5296, 48313
2574, 0.5255, 48332
2575, 0.5257, 48351
2576, 0.5219, 48370
2577, 0.5196, 48389
2578, 0.521, 48408
2579, 0.5173, 48427
2580, 0.519, 48446
2581, 0.5181, 48465
2582, 0.5227, 48484
2583, 0.5177, 48503
2584, 0.5255, 48522
2585, 0.5171, 48541
2586, 0.5196, 48560
2587, 0.5083, 48579
2588, 0.5136, 48598
2589, 0.5087, 48618
2590, 0.5188, 48637
2591, 0.5174, 48656
2592, 0.5279, 48675
2593, 0.5243, 48693
2594, 0.5311, 48712
2595, 0.5284, 48732
2596, 0.531, 48751
2597, 0.5288, 48770
2598, 0.5306, 48789
2599, 0.5271, 48808
2600, 0.5305, 48827
2601, 0.5263, 48846
2602, 0.5293, 48864
2603, 0.525, 48883
2604, 0.5278, 48902
2605, 0.5225, 48921
2606, 0.5267, 48939
2607, 0.5206, 48959
2608, 0.5266, 48978
2609, 0.5209, 48997
2610, 0.528, 49016
2611, 0.5221, 49035
2612, 0.5306, 49054
2613, 0.5234, 49074
2614, 0.5312, 49092
2615, 0.5242, 49111
2616, 0.5327, 49130
2617, 0.5259, 49149
2618, 0.5329, 49168
2619, 0.5273, 49188
2620, 0.5333, 49207
2621, 0.5288, 49226
2622, 0.5322, 49245
2623, 0.5289, 49264
2624, 0.5318, 49283
2625, 0.5263, 49302
2626, 0.5281, 49321
2627, 0.5243, 49341
2628, 0.5257, 49360
2629, 0.5195, 49379
2630, 0.5227, 49398
2631, 0.5166, 49417
2632, 0.5242, 49436
2633, 0.5212, 49455
2634, 0.5267, 49474
2635, 0.5267, 49493
2636, 0.5289, 49513
2637, 0.5318, 49532
2638, 0.5291, 49550
2639, 0.5308, 49570
2640, 0.5298, 49588
2641, 0.5299, 49607
2642, 0.5306, 49625
2643, 0.531, 49645
2644, 0.5306, 49663
2645, 0.5296, 49682
2646, 0.5322, 49701
2647, 0.5299, 49721
2648, 0.5337, 49740
2649, 0.5293, 49759
2650, 0.5355, 49778
2651, 0.5284, 49797
2652, 0.5352, 49816
2653, 0.5286, 49834
2654, 0.5327, 49853
2655, 0.5262, 49872
2656, 0.5319, 49891
2657, 0.5245, 49910
2658, 0.5306, 49929
2659, 0.5222, 49948
2660, 0.5305, 49967
2661, 0.523, 49986
2662, 0.5329, 50006
2663, 0.5243, 50027
2664, 0.5331, 50046
2665, 0.5247, 50066
2666, 0.5344, 50085
2667, 0.5244, 50104
2668, 0.5318, 50123
2669, 0.5229, 50142
2670, 0.5308, 50161
2671, 0.5237, 50180
2672, 0.5289, 50199
2673, 0.5235, 50218
2674, 0.5287, 50237
2675, 0.5262, 50256
2676, 0.5295, 50274
2677, 0.5294, 50293
2678, 0.5285, 50312
2679, 0.5288, 50331
2680, 0.5319, 50350
2681, 0.5287, 50369
2682, 0.531, 50388
2683, 0.5286, 50408
2684, 0.5301, 50427
2685, 0.5297, 50446
2686, 0.5316, 50465
2687, 0.5332, 50484
2688, 0.5346, 50503
2689, 0.5354, 50522
2690, 0.5368, 50541
2691, 0.5367, 50560
2692, 0.5376, 50579
2693, 0.538, 50598
2694, 0.5371, 50617
2695, 0.5357, 50637
2696, 0.5343, 50655
2697, 0.5324, 50674
2698, 0.5332, 50693
2699, 0.5298, 50712
2700, 0.5311, 50731
2701, 0.5269, 50750
2702, 0.5284, 50769
2703, 0.5272, 50787
2704, 0.53, 50806
2705, 0.5298, 50825
2706, 0.5342, 50844
2707, 0.5314, 50863
2708, 0.538, 50882
2709, 0.5344, 50902
2710, 0.54, 50921
2711, 0.5338, 50940
2712, 0.5394, 50959
2713, 0.5332, 50978
2714, 0.5387, 50997
2715, 0.5318, 51016
2716, 0.5368, 51035
2717, 0.5319, 51054
2718, 0.5367, 51073
2719, 0.5301, 51093
2720, 0.5374, 51112
2721, 0.5303, 51131
2722, 0.5371, 51150
2723, 0.5316, 51169
2724, 0.5369, 51187
2725, 0.5327, 51207
2726, 0.5339, 51226
2727, 0.5326, 51245
2728, 0.532, 51264
2729, 0.5326, 51282
2730, 0.5253, 51302
2731, 0.5288, 51321
2732, 0.512, 51340
2733, 0.5199, 51358
2734, 0.5059, 51378
2735, 0.5245, 51396
2736, 0.5182, 51415
2737, 0.5345, 51435
2738, 0.5324, 51454
2739, 0.5413, 51473
2740, 0.539, 51492
2741, 0.5446, 51511
2742, 0.5404, 51530
2743, 0.5456, 51549
2744, 0.5405, 51568
2745, 0.5441, 51586
2746, 0.541, 51605
2747, 0.5409, 51624
2748, 0.5374, 51643
2749, 0.5385, 51662
2750, 0.5339, 51681
2751, 0.5345, 51700
2752, 0.5288, 51719
2753, 0.5294, 51738
2754, 0.5273, 51757
2755, 0.5294, 51776
2756, 0.5294, 51795
2757, 0.5346, 51814
2758, 0.5331, 51833
2759, 0.5395, 51852
2760, 0.5376, 51871
2761, 0.5435, 51891
2762, 0.5373, 51910
2763, 0.5423, 51929
2764, 0.5365, 51947
2765, 0.5441, 51966
2766, 0.5334, 51985
2767, 0.5425, 52004
2768, 0.5301, 52023
2769, 0.5402, 52042
2770, 0.5263, 52061
2771, 0.5359, 52080
2772, 0.523, 52099
2773, 0.5381, 52118
2774, 0.528, 52137
2775, 0.5398, 52156
2776, 0.5329, 52175
2777, 0.5374, 52194
2778, 0.531, 52213
2779, 0.5316, 52232
2780, 0.5278, 52251
2781, 0.5264, 52271
2782, 0.5224, 52289
2783, 0.5263, 52308
2784, 0.5233, 52328
2785, 0.5316, 52347
2786, 0.5291, 52365
2787, 0.5366, 52384
2788, 0.5357, 52403
2789, 0.5368, 52422
2790, 0.5413, 52442
2791, 0.5378, 52461
2792, 0.54, 52480
2793, 0.5369, 52499
2794, 0.5383, 52519
2795, 0.5333, 52538
2796, 0.534, 52556
2797, 0.5307, 52575
2798, 0.5336, 52594
2799, 0.5323, 52613
2800, 0.5339, 52632
2801, 0.5352, 52651
2802, 0.5376, 52670
2803, 0.5388, 52689
2804, 0.5409, 52708
2805, 0.5402, 52727
2806, 0.5434, 52746
2807, 0.542, 52765
2808, 0.542, 52784
2809, 0.5409, 52803
2810, 0.5388, 52822
2811, 0.5416, 52842
2812, 0.5339, 52861
2813, 0.537, 52880
2814, 0.5296, 52899
2815, 0.5306, 52918
2816, 0.5257, 52937
2817, 0.5273, 52956
2818, 0.5248, 52976
2819, 0.5308, 52995
2820, 0.5277, 53014
2821, 0.5369, 53032
2822, 0.5275, 53052
2823, 0.5398, 53071
2824, 0.5273, 53090
2825, 0.5404, 53108
2826, 0.5292, 53127
2827, 0.5387, 53146
2828, 0.5299, 53165
2829, 0.5354, 53184
2830, 0.5316, 53204
2831, 0.5365, 53223
2832, 0.5353, 53242
2833, 0.5394, 53261
2834, 0.5396, 53280
2835, 0.5428, 53299
2836, 0.5415, 53318
2837, 0.5453, 53337
2838, 0.5427, 53356
2839, 0.5459, 53375
2840, 0.5426, 53394
2841, 0.5459, 53414
2842, 0.5407, 53433
2843, 0.5451, 53452
2844, 0.5369, 53471
2845, 0.5423, 53489
2846, 0.5348, 53508
2847, 0.5393, 53527
2848, 0.5315, 53546
2849, 0.5394, 53565
2850, 0.5307, 53584
2851, 0.5399, 53604
2852, 0.5337, 53622
2853, 0.5396, 53642
2854, 0.5369, 53661
2855, 0.5432, 53680
2856, 0.5401, 53698
2857, 0.5477, 53717
2858, 0.5414, 53736
2859, 0.5483, 53755
2860, 0.5403, 53774
2861, 0.5468, 53794
2862, 0.5398, 53813
2863, 0.5447, 53832
2864, 0.536, 53851
2865, 0.5407, 53870
2866, 0.5319, 53889
2867, 0.5372, 53908
2868, 0.528, 53927
2869, 0.5311, 53945
2870, 0.5277, 53964
2871, 0.5311, 53983
2872, 0.5288, 54002
2873, 0.5363, 54021
2874, 0.5344, 54040
2875, 0.5401, 54059
2876, 0.5404, 54078
2877, 0.542, 54097
2878, 0.5409, 54116
2879, 0.5422, 54134
2880, 0.5357, 54153
2881, 0.5353, 54172
2882, 0.5258, 54191
2883, 0.5277, 54210
2884, 0.5232, 54229
2885, 0.5287, 54248
2886, 0.532, 54267
2887, 0.537, 54285
2888, 0.5444, 54304
2889, 0.5422, 54323
2890, 0.548, 54342
2891, 0.5464, 54361
2892, 0.5466, 54380
2893, 0.5473, 54400
2894, 0.5468, 54418
2895, 0.5461, 54437
2896, 0.5451, 54456
2897, 0.5454, 54475
2898, 0.5426, 54494
2899, 0.5434, 54513
2900, 0.5393, 54532
2901, 0.5385, 54551
2902, 0.5324, 54570
2903, 0.5354, 54589
2904, 0.5258, 54608
2905, 0.5348, 54627
2906, 0.5289, 54646
2907, 0.5387, 54666
2908, 0.5338, 54685
2909, 0.5399, 54703
2910, 0.5375, 54723
2911, 0.5424, 54742
2912, 0.5371, 54760
2913, 0.5407, 54779
2914, 0.5392, 54799
2915, 0.5422, 54817
2916, 0.5421, 54836
2917, 0.543, 54855
2918, 0.5433, 54874
2919, 0.5457, 54893
2920, 0.5455, 54912
2921, 0.5458, 54931
2922, 0.5458, 54950
2923, 0.5461, 54969
2924, 0.5474, 54988
2925, 0.5458, 55007
2926, 0.5458, 55026
2927, 0.5455, 55045
2928, 0.5434, 55063
2929, 0.5446, 55082
2930, 0.5424, 55101
2931, 0.543, 55120
2932, 0.5428, 55139
2933, 0.5417, 55157
2934, 0.5439, 55177
2935, 0.5417, 55196
2936, 0.5444, 55215
2937, 0.5408, 55234
2938, 0.5467, 55252
2939, 0.5403, 55271
2940, 0.5447, 55290
2941, 0.5352, 55309
2942, 0.5395, 55328
2943, 0.5274, 55346
2944, 0.5324, 55365
2945, 0.5207, 55384
2946, 0.5302, 55404
2947, 0.5236, 55423
2948, 0.5367, 55442
2949, 0.5335, 55460
2950, 0.5443, 55479
2951, 0.5417, 55498
2952, 0.5494, 55517
2953, 0.5467, 55536
2954, 0.5491, 55555
2955, 0.5489, 55574
2956, 0.5476, 55593
2957, 0.5497, 55612
2958, 0.5467, 55631
2959, 0.548, 55650
2960, 0.5455, 55669
2961, 0.5467, 55688
2962, 0.5435, 55707
2963, 0.5447, 55726
2964, 0.5429, 55745
2965, 0.5445, 55764
2966, 0.5428, 55783
2967, 0.5472, 55802
2968, 0.5439, 55821
2969, 0.5474, 55840
2970, 0.5453, 55859
2971, 0.5502, 55878
2972, 0.5467, 55897
2973, 0.5516, 55916
2974, 0.5469, 55935
2975, 0.5528, 55955
2976, 0.5475, 55974
2977, 0.5529, 55993
2978, 0.5448, 56012
2979, 0.5487, 56031
2980, 0.5424, 56050
2981, 0.5421, 56069
2982, 0.5307, 56088
2983, 0.53, 56107
2984, 0.5205, 56126
2985, 0.524, 56145
2986, 0.5244, 56164
2987, 0.5326, 56183
2988, 0.541, 56203
2989, 0.5458, 56222
2990, 0.5544, 56241
2991, 0.5513, 56260
2992, 0.5561, 56279
2993, 0.554, 56298
2994, 0.5563, 56317
2995, 0.5544, 56336
2996, 0.5565, 56355
2997, 0.5542, 56374
2998, 0.5563, 56393
2999, 0.5522, 56412
3000, 0.5572, 56431
3001, 0.5516, 56450
3002, 0.5534, 56469
3003, 0.5457, 56488
3004, 0.5496, 56507
3005, 0.542, 56526
3006, 0.544, 56545
3007, 0.5377, 56564
3008, 0.5415, 56583
3009, 0.5356, 56602
3010, 0.5405, 56621
3011, 0.5378, 56640
3012, 0.5389, 56660
3013, 0.5285, 56679
3014, 0.5263, 56698
3015, 0.5069, 56717
3016, 0.5161, 56736
3017, 0.5099, 56755
3018, 0.537, 56774
3019, 0.5412, 56793
3020, 0.5531, 56811
3021, 0.5521, 56830
3022, 0.5551, 56849
3023, 0.5556, 56868
3024, 0.5557, 56887
3025, 0.5539, 56906
3026, 0.5545, 56925
3027, 0.5519, 56945
3028, 0.553, 56964
3029, 0.5471, 56982
3030, 0.5463, 57001
3031, 0.5429, 57020
3032, 0.5417, 57039
3033, 0.5395, 57058
3034, 0.5412, 57077
3035, 0.5412, 57096
3036, 0.5449, 57115
3037, 0.5463, 57134
3038, 0.5542, 57153
3039, 0.5517, 57173
3040, 0.558, 57191
3041, 0.5537, 57210
3042, 0.5598, 57229
3043, 0.553, 57248
3044, 0.5581, 57267
3045, 0.5519, 57286
3046, 0.5548, 57305
3047, 0.5485, 57324
3048, 0.5513, 57343
3049, 0.5436, 57361
3050, 0.5447, 57380
3051, 0.5391, 57399
3052, 0.5436, 57418
3053, 0.5388, 57437
3054, 0.5436, 57456
3055, 0.5422, 57475
3056, 0.5469, 57494
3057, 0.5451, 57513
3058, 0.5477, 57532
3059, 0.5461, 57551
3060, 0.5413, 57570
3061, 0.5395, 57589
3062, 0.5295, 57608
3063, 0.5367, 57627
3064, 0.5255, 57646
3065, 0.539, 57665
3066, 0.5361, 57684
3067, 0.5493, 57703
3068, 0.5481, 57722
3069, 0.5583, 57741
3070, 0.5543, 57760
3071, 0.5604, 57779
3072, 0.557, 57798
3073, 0.5596, 57817
3074, 0.5564, 57836
3075, 0.5586, 57855
3076, 0.5557, 57874
3077, 0.5581, 57893
3078, 0.55, 57912
3079, 0.5528, 57931
3080, 0.5452, 57950
3081, 0.5464, 57969
3082, 0.5359, 57988
3083, 0.5409, 58007
3084, 0.5346, 58026
3085, 0.5414, 58045
3086, 0.54, 58064
3087, 0.5471, 58083
3088, 0.5463, 58103
3089, 0.5541, 58122
3090, 0.5524, 58141
3091, 0.5582, 58160
3092, 0.5569, 58179
3093, 0.5574, 58197
3094, 0.5585, 58217
3095, 0.5566, 58236
3096, 0.5577, 58255
3097, 0.5519, 58275
3098, 0.5516, 58294
3099, 0.5465, 58312
3100, 0.5413, 58331
3101, 0.5401, 58350
3102, 0.5347, 58369
3103, 0.5354, 58389
3104, 0.5365, 58407
3105, 0.5355, 58426
3106, 0.54, 58445
3107, 0.5389, 58464
3108, 0.5406, 58483
3109, 0.5446, 58502
3110, 0.5446, 58522
3111, 0.5469, 58541
3112, 0.5468, 58560
3113, 0.5503, 58579
3114, 0.5484, 58598
3115, 0.5544, 58616
3116, 0.5477, 58635
3117, 0.5554, 58655
3118, 0.5472, 58674
3119, 0.5558, 58693
3120, 0.5463, 58711
3121, 0.5566, 58731
3122, 0.5445, 58750
3123, 0.5551, 58769
3124, 0.5447, 58788
3125, 0.5547, 58806
3126, 0.5469, 58826
3127, 0.5541, 58845
3128, 0.5484, 58864
3129, 0.551, 58883
3130, 0.5464, 58902
3131, 0.5478, 58922
3132, 0.5442, 58940
3133, 0.5435, 58960
3134, 0.5441, 58978
3135, 0.5426, 58997
3136, 0.5431, 59016
3137, 0.5464, 59035
3138, 0.5445, 59054
3139, 0.5519, 59073
3140, 0.5504, 59092
3141, 0.5554, 59111
3142, 0.555, 59131
3143, 0.5561, 59150
3144, 0.5555, 59169
3145, 0.5569, 59188
3146, 0.554, 59207
3147, 0.5547, 59225
3148, 0.5506, 59244
3149, 0.5501, 59263
3150, 0.5474, 59282
3151, 0.546, 59301
3152, 0.5411, 59320
3153, 0.5458, 59339
3154, 0.5419, 59358
3155, 0.5499, 59377
3156, 0.545, 59396
3157, 0.5518, 59415
3158, 0.5485, 59433
3159, 0.5545, 59452
3160, 0.5499, 59471
3161, 0.5537, 59490
3162, 0.5486, 59509
3163, 0.55, 59528
3164, 0.5485, 59547
3165, 0.5487, 59566
3166, 0.5503, 59586
3167, 0.5516, 59604
3168, 0.5525, 59623
3169, 0.5549, 59642
3170, 0.5541, 59662
3171, 0.5563, 59681
3172, 0.5551, 59699
3173, 0.5598, 59718
3174, 0.5577, 59737
3175, 0.5614, 59756
3176, 0.5588, 59775
3177, 0.5589, 59795
3178, 0.5585, 59813
3179, 0.5568, 59833
3180, 0.5567, 59852
3181, 0.5507, 59871
3182, 0.5512, 59889
3183, 0.5428, 59908
3184, 0.5476, 59927
3185, 0.5413, 59946
3186, 0.5456, 59966
3187, 0.5455, 59985
3188, 0.5475, 60003
3189, 0.5498, 60022
3190, 0.5488, 60041
3191, 0.5541, 60060
3192, 0.549, 60080
3193, 0.5542, 60099
3194, 0.5493, 60118
3195, 0.5527, 60137
3196, 0.547, 60156
3197, 0.5536, 60175
3198, 0.5456, 60194
3199, 0.555, 60213
3200, 0.5464, 60232
3201, 0.5554, 60251
3202, 0.5499, 60270
3203, 0.558, 60289
3204, 0.5501, 60308
3205, 0.5583, 60327
3206, 0.5468, 60346
3207, 0.5572, 60365
3208, 0.5442, 60383
3209, 0.5551, 60403
3210, 0.5462, 60422
3211, 0.5544, 60441
3212, 0.5471, 60460
3213, 0.5575, 60479
3214, 0.55, 60497
3215, 0.5622, 60516
3216, 0.5547, 60535
3217, 0.5655, 60554
3218, 0.5583, 60573
3219, 0.5639, 60592
3220, 0.5585, 60611
3221, 0.5592, 60630
3222, 0.5569, 60649
3223, 0.5539, 60668
3224, 0.5524, 60688
3225, 0.5488, 60706
3226, 0.5488, 60725
3227, 0.5481, 60744
3228, 0.5487, 60763
3229, 0.5486, 60782
3230, 0.5535, 60801
3231, 0.5519, 60820
3232, 0.5518, 60838
3233, 0.5543, 60858
3234, 0.5533, 60876
3235, 0.5528, 60895
3236, 0.5519, 60914
3237, 0.5523, 60933
3238, 0.552, 60952
3239, 0.5537, 60970
3240, 0.5555, 60989
3241, 0.5571, 61008
3242, 0.5593, 61027
3243, 0.5585, 61046
3244, 0.5606, 61065
3245, 0.559, 61084
3246, 0.562, 61103
3247, 0.5581, 61122
3248, 0.5615, 61141
3249, 0.5567, 61161
3250, 0.56, 61180
3251, 0.5542, 61199
3252, 0.5542, 61218
3253, 0.5515, 61237
3254, 0.5514, 61256
3255, 0.5498, 61275
3256, 0.5469, 61294
3257, 0.5477, 61313
3258, 0.5457, 61332
3259, 0.5454, 61351
3260, 0.5476, 61370
3261, 0.5469, 61389
3262, 0.551, 61408
3263, 0.552, 61427
3264, 0.5542, 61446
3265, 0.5581, 61465
3266, 0.5583, 61484
3267, 0.5587, 61504
3268, 0.5578, 61523
3269, 0.5587, 61542
3270, 0.5549, 61561
3271, 0.5538, 61580
3272, 0.546, 61599
3273, 0.5503, 61618
3274, 0.5394, 61637
3275, 0.5464, 61656
3276, 0.5436, 61675
3277, 0.5544, 61695
3278, 0.5577, 61716
3279, 0.5644, 61736
3280, 0.5629, 61755
3281, 0.5685, 61773
3282, 0.566, 61793
3283, 0.5693, 61812
3284, 0.5676, 61831
3285, 0.5691, 61850
3286, 0.5669, 61870
3287, 0.5691, 61889
3288, 0.5679, 61908
3289, 0.5641, 61927
3290, 0.5642, 61947
3291, 0.5584, 61966
3292, 0.5623, 61985
3293, 0.5512, 62004
3294, 0.5513, 62023
3295, 0.5443, 62042
3296, 0.5454, 62062
3297, 0.544, 62081
3298, 0.5514, 62100
3299, 0.5537, 62119
3300, 0.5622, 62138
3301, 0.5579, 62157
3302, 0.5677, 62176
3303, 0.559, 62196
3304, 0.5673, 62214
3305, 0.5569, 62233
3306, 0.5621, 62253
3307, 0.5538, 62272
3308, 0.5568, 62290
3309, 0.5495, 62310
3310, 0.5525, 62329
3311, 0.5514, 62348
3312, 0.5556, 62367
3313, 0.5517, 62386
3314, 0.5571, 62405
3315, 0.5515, 62424
3316, 0.5598, 62443
3317, 0.5513, 62462
3318, 0.5518, 62481
3319, 0.5409, 62500
3320, 0.5406, 62519
3321, 0.5392, 62538
3322, 0.5454, 62557
3323, 0.5468, 62576
3324, 0.5569, 62595
3325, 0.5572, 62615
3326, 0.5663, 62634
3327, 0.5633, 62653
3328, 0.5666, 62672
3329, 0.5581, 62691
3330, 0.5631, 62710
3331, 0.5518, 62729
3332, 0.5532, 62748
3333, 0.5436, 62767
3334, 0.5484, 62786
3335, 0.5432, 62806
3336, 0.5492, 62825
3337, 0.5509, 62844
3338, 0.5577, 62862
3339, 0.5591, 62881
3340, 0.5647, 62900
3341, 0.5654, 62919
3342, 0.5697, 62939
3343, 0.5684, 62958
3344, 0.571, 62977
3345, 0.5689, 62996
3346, 0.5707, 63015
3347, 0.5684, 63034
3348, 0.5675, 63053
3349, 0.565, 63072
3350, 0.5633, 63092
3351, 0.5596, 63111
3352, 0.5576, 63130
3353, 0.5541, 63149
3354, 0.5518, 63168
3355, 0.5498, 63187
3356, 0.5533, 63207
3357, 0.5523, 63226
3358, 0.5565, 63244
3359, 0.5588, 63263
3360, 0.5579, 63282
3361, 0.5585, 63301
3362, 0.5499, 63320
3363, 0.5536, 63339
3364, 0.5426, 63359
3365, 0.5482, 63378
3366, 0.5458, 63397
3367, 0.5545, 63416
3368, 0.5577, 63436
3369, 0.5637, 63455
3370, 0.5682, 63474
3371, 0.5696, 63493
3372, 0.5725, 63512
3373, 0.5701, 63531
3374, 0.5711, 63550
3375, 0.5664, 63569
3376, 0.5695, 63588
3377, 0.5631, 63607
3378, 0.5665, 63627
3379, 0.5578, 63646
3380, 0.5607, 63665
3381, 0.5544, 63683
3382, 0.56, 63702
3383, 0.5545, 63721
3384, 0.5637, 63740
3385, 0.5583, 63759
3386, 0.566, 63778
3387, 0.5615, 63797
3388, 0.568, 63816
3389, 0.5624, 63835
3390, 0.5647, 63855
3391, 0.5627, 63874
3392, 0.5597, 63893
3393, 0.5565, 63913
3394, 0.5525, 63934
3395, 0.5524, 63954
3396, 0.5484, 63976
3397, 0.5536, 63995
3398, 0.5487, 64015
3399, 0.5601, 64034
3400, 0.5536, 64054
3401, 0.5638, 64073
3402, 0.5563, 64092
3403, 0.5652, 64111
3404, 0.5567, 64130
3405, 0.5638, 64150
3406, 0.5565, 64169
3407, 0.5594, 64188
3408, 0.5523, 64207
3409, 0.5545, 64226
3410, 0.5489, 64245
3411, 0.548, 64264
3412, 0.5509, 64284
3413, 0.5542, 64303
3414, 0.5583, 64322
3415, 0.562, 64341
3416, 0.5646, 64360
3417, 0.5639, 64380
3418, 0.5667, 64399
3419, 0.5646, 64418
3420, 0.5675, 64437
3421, 0.5605, 64457
3422, 0.5639, 64476
3423, 0.5526, 64496
3424, 0.5549, 64515
3425, 0.543, 64534
3426, 0.5497, 64553
3427, 0.5439, 64572
3428, 0.553, 64592
3429, 0.5532, 64611
3430, 0.5604, 64630
3431, 0.5626, 64649
3432, 0.5651, 64668
3433, 0.5679, 64687
3434, 0.5679, 64706
3435, 0.57, 64726
3436, 0.5675, 64745
3437, 0.5679, 64764
3438, 0.5655, 64783
3439, 0.5646, 64802
3440, 0.5626, 64821
3441, 0.564, 64840
3442, 0.5619, 64859
3443, 0.5636, 64878
3444, 0.5613, 64896
3445, 0.5648, 64915
3446, 0.5634, 64934
3447, 0.568, 64953
3448, 0.5661, 64972
3449, 0.5716, 64991
3450, 0.5677, 65009
3451, 0.5722, 65028
3452, 0.566, 65047
3453, 0.5718, 65066
3454, 0.5645, 65085
3455, 0.5659, 65104
3456, 0.5625, 65122
3457, 0.5646, 65142
3458, 0.5598, 65160
3459, 0.56, 65179
3460, 0.5562, 65198
3461, 0.5572, 65217
3462, 0.5546, 65237
3463, 0.5506, 65256
3464, 0.554, 65275
3465, 0.5511, 65294
3466, 0.5556, 65313
3467, 0.5542, 65332
3468, 0.5586, 65351
3469, 0.5573, 65370
3470, 0.563, 65389
3471, 0.5616, 65408
3472, 0.5647, 65427
3473, 0.5642, 65446
3474, 0.5673, 65466
3475, 0.5644, 65485
3476, 0.5678, 65504
3477, 0.5644, 65523
3478, 0.5683, 65542
3479, 0.5645, 65561
3480, 0.5688, 65580
3481, 0.5657, 65599
3482, 0.57, 65618
3483, 0.5654, 65637
3484, 0.5697, 65656
3485, 0.5676, 65676
3486, 0.5697, 65694
3487, 0.5685, 65714
3488, 0.57, 65733
3489, 0.5684, 65752
3490, 0.5684, 65771
3491, 0.5672, 65790
3492, 0.5688, 65809
3493, 0.5684, 65828
3494, 0.5661, 65847
3495, 0.5668, 65866
3496, 0.5614, 65885
3497, 0.5581, 65905
3498, 0.5475, 65924
3499, 0.5406, 65943
3500, 0.5311, 65961
3501, 0.5342, 65980
3502, 0.5356, 66000
3503, 0.553, 66019
3504, 0.5628, 66038
3505, 0.5708, 66057
3506, 0.5722, 66076
3507, 0.5733, 66096
3508, 0.575, 66115
3509, 0.576, 66134
3510, 0.572, 66153
3511, 0.5737, 66172
3512, 0.5703, 66191
3513, 0.572, 66210
3514, 0.5664, 66229
3515, 0.5658, 66248
3516, 0.5611, 66267
3517, 0.5577, 66286
3518, 0.5542, 66305
3519, 0.5514, 66324
3520, 0.552, 66343
3521, 0.5514, 66363
3522, 0.5526, 66382
3523, 0.5535, 66401
3524, 0.5547, 66420
3525, 0.558, 66439
3526, 0.5578, 66458
3527, 0.5602, 66477
3528, 0.5628, 66496
3529, 0.5597, 66514
3530, 0.5631, 66533
3531, 0.559, 66553
3532, 0.5648, 66572
3533, 0.5593, 66591
3534, 0.5662, 66610
3535, 0.5601, 66629
3536, 0.5661, 66647
3537, 0.563, 66666
3538, 0.5679, 66685
3539, 0.5648, 66704
3540, 0.5677, 66723
3541, 0.5647, 66741
3542, 0.5678, 66760
3543, 0.5648, 66779
3544, 0.5656, 66798
3545, 0.563, 66817
3546, 0.5615, 66836
3547, 0.5611, 66856
3548, 0.5598, 66875
3549, 0.5622, 66894
3550, 0.5598, 66913
3551, 0.5646, 66932
3552, 0.5629, 66951
3553, 0.5695, 66970
3554, 0.5624, 66989
3555, 0.5725, 67008
3556, 0.5623, 67027
3557, 0.5707, 67046
3558, 0.5608, 67065
3559, 0.5679, 67084
3560, 0.5583, 67103
3561, 0.5673, 67122
3562, 0.5596, 67141
3563, 0.5701, 67160
3564, 0.5632, 67179
3565, 0.57, 67198
3566, 0.5649, 67217
3567, 0.5692, 67236
3568, 0.566, 67255
3569, 0.5647, 67275
3570, 0.5651, 67293
3571, 0.561, 67312
3572, 0.5607, 67331
3573, 0.5569, 67350
3574, 0.5591, 67370
3575, 0.5542, 67389
3576, 0.5593, 67408
3577, 0.5604, 67427
3578, 0.5686, 67446
3579, 0.5669, 67465
3580, 0.5748, 67484
3581, 0.573, 67503
3582, 0.5755, 67522
3583, 0.5736, 67541
3584, 0.5763, 67560
3585, 0.5733, 67579
3586, 0.5726, 67598
3587, 0.5683, 67617
3588, 0.5664, 67636
3589, 0.5647, 67655
3590, 0.5627, 67674
3591, 0.5622, 67693
3592, 0.5619, 67712
3593, 0.5618, 67731
3594, 0.5637, 67751
3595, 0.5641, 67770
3596, 0.566, 67788
3597, 0.5679, 67808
3598, 0.5673, 67827
3599, 0.5713, 67846
3600, 0.5674, 67865
3601, 0.5712, 67883
3602, 0.5643, 67903
3603, 0.5622, 67922
3604, 0.5555, 67941
3605, 0.5562, 67960
3606, 0.5526, 67979
3607, 0.5599, 67997
3608, 0.5624, 68016
3609, 0.5675, 68035
3610, 0.5687, 68054
3611, 0.5717, 68073
3612, 0.5698, 68092
3613, 0.5698, 68111
3614, 0.5694, 68130
3615, 0.5684, 68150
3616, 0.5677, 68169
3617, 0.5667, 68188
3618, 0.5654, 68207
3619, 0.5664, 68226
3620, 0.564, 68245
3621, 0.5673, 68264
3622, 0.5661, 68284
3623, 0.5682, 68302
3624, 0.5666, 68321
3625, 0.5684, 68341
3626, 0.5671, 68360
3627, 0.5687, 68378
3628, 0.5642, 68398
3629, 0.567, 68417
3630, 0.5618, 68436
3631, 0.5648, 68455
3632, 0.5613, 68474
3633, 0.5698, 68493
3634, 0.5662, 68512
3635, 0.5735, 68532
3636, 0.5705, 68551
3637, 0.5772, 68570
3638, 0.5733, 68589
3639, 0.5775, 68608
3640, 0.5724, 68627
3641, 0.575, 68646
3642, 0.5706, 68665
3643, 0.5691, 68684
3644, 0.5675, 68703
3645, 0.5623, 68722
3646, 0.5623, 68741
3647, 0.557, 68760
3648, 0.5605, 68780
3649, 0.5588, 68799
3650, 0.5651, 68818
3651, 0.5631, 68837
3652, 0.5724, 68856
3653, 0.5665, 68875
3654, 0.5749, 68894
3655, 0.5667, 68913
3656, 0.5746, 68932
3657, 0.5662, 68951
3658, 0.5714, 68970
3659, 0.5654, 68989
3660, 0.5722, 69008
3661, 0.5652, 69027
3662, 0.5702, 69046
3663, 0.5673, 69066
3664, 0.5714, 69084
3665, 0.5692, 69104
3666, 0.5736, 69123
3667, 0.5705, 69142
3668, 0.5766, 69161
3669, 0.5722, 69180
3670, 0.5781, 69199
3671, 0.572, 69218
3672, 0.5764, 69237
3673, 0.57, 69255
3674, 0.5726, 69274
3675, 0.5647, 69293
3676, 0.5649, 69312
3677, 0.5614, 69332
3678, 0.5611, 69351
3679, 0.5629, 69370
3680, 0.5627, 69389
3681, 0.5652, 69408
3682, 0.5657, 69426
3683, 0.5693, 69445
3684, 0.5706, 69464
3685, 0.5733, 69483
3686, 0.5688, 69502
3687, 0.5732, 69521
3688, 0.5705, 69540
3689, 0.5713, 69559
3690, 0.5685, 69578
3691, 0.5684, 69597
3692, 0.5656, 69616
3693, 0.5698, 69635
3694, 0.5666, 69654
3695, 0.5687, 69673
3696, 0.569, 69693
3697, 0.5702, 69712
3698, 0.5701, 69731
3699, 0.5726, 69750
3700, 0.571, 69770
3701, 0.5759, 69789
3702, 0.573, 69808
3703, 0.5747, 69827
3704, 0.5718, 69846
3705, 0.574, 69866
3706, 0.5718, 69885
3707, 0.5723, 69904
3708, 0.5707, 69923
3709, 0.5687, 69942
3710, 0.5676, 69961
3711, 0.5653, 69980
3712, 0.5669, 69999
3713, 0.5629, 70018
3714, 0.5644, 70037
3715, 0.5632, 70057
3716, 0.5628, 70076
3717, 0.5603, 70095
3718, 0.565, 70114
3719, 0.5655, 70133
3720, 0.5722, 70152
3721, 0.5727, 70171
3722, 0.5784, 70190
3723, 0.5764, 70209
3724, 0.5794, 70229
3725, 0.577, 70247
3726, 0.5786, 70266
3727, 0.5767, 70286
3728, 0.576, 70305
3729, 0.5753, 70324
3730, 0.5701, 70343
3731, 0.5695, 70362
3732, 0.5644, 70381
3733, 0.5635, 70400
3734, 0.5613, 70419
3735, 0.5616, 70438
3736, 0.5589, 70457
3737, 0.5631, 70477
3738, 0.5613, 70496
3739, 0.571, 70515
3740, 0.5678, 70534
3741, 0.576, 70553
3742, 0.5735, 70572
3743, 0.579, 70591
3744, 0.5744, 70610
3745, 0.5792, 70629
3746, 0.5764, 70648
3747, 0.5784, 70666
3748, 0.5784, 70685
3749, 0.5756, 70704
3750, 0.5767, 70723
3751, 0.5758, 70742
3752, 0.5739, 70761
3753, 0.5746, 70780
3754, 0.5738, 70799
3755, 0.5725, 70819
3756, 0.5699, 70837
3757, 0.5712, 70856
3758, 0.5679, 70875
3759, 0.57, 70894
3760, 0.568, 70914
3761, 0.565, 70933
3762, 0.5695, 70952
3763, 0.5634, 70971
3764, 0.5709, 70990
3765, 0.5646, 71009
3766, 0.5752, 71028
3767, 0.5649, 71047
3768, 0.5767, 71067
3769, 0.5685, 71086
3770, 0.5766, 71105
3771, 0.57, 71124
3772, 0.5782, 71143
3773, 0.5727, 71161
3774, 0.5793, 71180
3775, 0.5728, 71199
3776, 0.5791, 71218
3777, 0.5709, 71237
3778, 0.5745, 71256
3779, 0.566, 71275
3780, 0.5683, 71295
3781, 0.5602, 71314
3782, 0.5657, 71333
3783, 0.559, 71352
3784, 0.5686, 71371
3785, 0.5634, 71390
3786, 0.5707, 71409
3787, 0.5655, 71428
3788, 0.5616, 71447
3789, 0.5611, 71466
3790, 0.56, 71485
3791, 0.5635, 71504
3792, 0.564, 71523
3793, 0.5703, 71542
3794, 0.575, 71561
3795, 0.5762, 71581
3796, 0.5808, 71600
3797, 0.5803, 71619
3798, 0.5822, 71639
3799, 0.5795, 71658
3800, 0.582, 71677
3801, 0.5779, 71696
3802, 0.5802, 71715
3803, 0.5749, 71734
3804, 0.5794, 71753
3805, 0.5711, 71772
3806, 0.579, 71791
3807, 0.5714, 71810
3808, 0.5785, 71829
3809, 0.5726, 71848
3810, 0.5788, 71867
3811, 0.575, 71886
3812, 0.5787, 71905
3813, 0.5749, 71924
3814, 0.5793, 71943
3815, 0.5741, 71962
3816, 0.5783, 71981
3817, 0.5737, 72000
3818, 0.5769, 72019
3819, 0.5718, 72038
3820, 0.5753, 72057
3821, 0.5704, 72076
3822, 0.5735, 72095
3823, 0.5711, 72114
3824, 0.5752, 72133
3825, 0.5729, 72152
3826, 0.5756, 72171
3827, 0.5758, 72190
3828, 0.5774, 72209
3829, 0.5769, 72228
3830, 0.5794, 72247
3831, 0.5733, 72266
3832, 0.5751, 72285
3833, 0.5724, 72303
3834, 0.5718, 72322
3835, 0.5694, 72341
3836, 0.5702, 72361
3837, 0.5692, 72380
3838, 0.5732, 72399
3839, 0.5706, 72418
3840, 0.575, 72437
3841, 0.5762, 72456
3842, 0.5797, 72475
3843, 0.5771, 72494
3844, 0.5811, 72513
3845, 0.5755, 72532
3846, 0.5698, 72551
3847, 0.5556, 72570
3848, 0.5352, 72588
3849, 0.5299, 72607
3850, 0.5352, 72627
3851, 0.5604, 72646
3852, 0.5786, 72666
3853, 0.5895, 72685
3854, 0.5908, 72704
3855, 0.5913, 72722
3856, 0.5913, 72741
3857, 0.5917, 72760
3858, 0.5918, 72780
3859, 0.5926, 72799
3860, 0.5922, 72818
3861, 0.5915, 72836
3862, 0.5916, 72856
3863, 0.5907, 72874
3864, 0.5903, 72893
3865, 0.5888, 72912
3866, 0.5894, 72931
3867, 0.583, 72950
3868, 0.5826, 72969
3869, 0.5734, 72988
3870, 0.5642, 73007
3871, 0.5607, 73026
3872, 0.5565, 73045
3873, 0.56, 73064
3874, 0.5607, 73082
3875, 0.5697, 73101
3876, 0.5738, 73121
3877, 0.5765, 73140
3878, 0.5791, 73159
3879, 0.5798, 73178
3880, 0.5807, 73197
3881, 0.5813, 73216
3882, 0.5779, 73235
3883, 0.5754, 73254
3884, 0.566, 73273
3885, 0.5612, 73292
3886, 0.5509, 73311
3887, 0.5476, 73330
3888, 0.5508, 73349
3889, 0.5605, 73368
3890, 0.5706, 73387
3891, 0.5745, 73407
3892, 0.5841, 73425
3893, 0.5827, 73444
3894, 0.5851, 73464
3895, 0.5793, 73483
3896, 0.5824, 73502
3897, 0.575, 73521
3898, 0.5779, 73540
3899, 0.5671, 73559
3900, 0.5724, 73578
3901, 0.5643, 73597
3902, 0.5746, 73616
3903, 0.5672, 73635
3904, 0.5805, 73654
3905, 0.5756, 73672
3906, 0.5857, 73692
3907, 0.579, 73711
3908, 0.5888, 73729
3909, 0.5834, 73748
3910, 0.5868, 73767
3911, 0.5835, 73786
3912, 0.5861, 73805
3913, 0.5815, 73824
3914, 0.5819, 73843
3915, 0.5738, 73862
3916, 0.576, 73881
3917, 0.5669, 73900
3918, 0.5684, 73919
3919, 0.5658, 73938
3920, 0.5674, 73957
3921, 0.5663, 73976
3922, 0.5725, 73995
3923, 0.5724, 74014
3924, 0.5754, 74033
3925, 0.5754, 74052
3926, 0.5756, 74071
3927, 0.5782, 74090
3928, 0.5747, 74109
3929, 0.579, 74128
3930, 0.5737, 74147
3931, 0.5776, 74166
3932, 0.5733, 74185
3933, 0.5751, 74204
3934, 0.5718, 74223
3935, 0.5737, 74242
3936, 0.5731, 74261
3937, 0.5788, 74280
3938, 0.5779, 74299
3939, 0.5834, 74318
3940, 0.5821, 74337
3941, 0.585, 74357
3942, 0.5837, 74375
3943, 0.5855, 74394
3944, 0.5844, 74412
3945, 0.5836, 74431
3946, 0.5849, 74450
3947, 0.5816, 74469
3948, 0.5842, 74488
3949, 0.5807, 74507
3950, 0.5832, 74526
3951, 0.5789, 74545
3952, 0.5821, 74564
3953, 0.5782, 74583
3954, 0.5813, 74602
3955, 0.5772, 74621
3956, 0.5776, 74640
3957, 0.574, 74659
3958, 0.575, 74678
3959, 0.5719, 74697
3960, 0.5732, 74716
3961, 0.5716, 74735
3962, 0.5725, 74754
3963, 0.5729, 74773
3964, 0.5738, 74792
3965, 0.5744, 74810
3966, 0.5742, 74829
3967, 0.5771, 74848
3968, 0.576, 74868
3969, 0.5797, 74886
3970, 0.5746, 74905
3971, 0.5804, 74924
3972, 0.5765, 74943
3973, 0.5771, 74962
3974, 0.577, 74981
3975, 0.5751, 75000
3976, 0.5747, 75019
3977, 0.5763, 75038
3978, 0.5752, 75058
3979, 0.5782, 75076
3980, 0.577, 75096
3981, 0.5787, 75115
3982, 0.581, 75134
3983, 0.5798, 75153
3984, 0.5832, 75172
3985, 0.5801, 75190
3986, 0.5837, 75209
3987, 0.5789, 75228
3988, 0.5828, 75248
3989, 0.5771, 75267
3990, 0.5825, 75286
3991, 0.5745, 75306
3992, 0.581, 75324
3993, 0.5723, 75343
3994, 0.5772, 75362
3995, 0.5721, 75381
3996, 0.5786, 75401
3997, 0.5723, 75420
3998, 0.5833, 75439
3999, 0.5734, 75458
4000, 0.5856, 75477
4001, 0.5765, 75496
4002, 0.5876, 75514
4003, 0.5815, 75533
4004, 0.5881, 75553
4005, 0.5824, 75571
4006, 0.587, 75591
4007, 0.5808, 75610
4008, 0.5823, 75629
4009, 0.5768, 75648
4010, 0.5764, 75667
4011, 0.572, 75686
4012, 0.5698, 75706
4013, 0.568, 75725
4014, 0.5641, 75744
4015, 0.5648, 75762
4016, 0.5625, 75781
4017, 0.5714, 75801
4018, 0.5698, 75820
4019, 0.5785, 75839
4020, 0.5798, 75858
4021, 0.586, 75877
4022, 0.584, 75896
4023, 0.5866, 75915
4024, 0.5859, 75934
4025, 0.5834, 75953
4026, 0.583, 75972
4027, 0.5795, 75991
4028, 0.5779, 76010
4029, 0.5724, 76029
4030, 0.5742, 76048
4031, 0.5716, 76067
4032, 0.5743, 76086
4033, 0.5786, 76105
4034, 0.5797, 76124
4035, 0.5853, 76143
4036, 0.5858, 76163
4037, 0.5877, 76182
4038, 0.5844, 76201
4039, 0.5854, 76220
4040, 0.5763, 76239
4041, 0.5782, 76259
4042, 0.5709, 76278
4043, 0.573, 76297
4044, 0.5713, 76317
4045, 0.5785, 76336
4046, 0.5795, 76355
4047, 0.5861, 76374
4048, 0.5862, 76394
4049, 0.5911, 76413
4050, 0.5913, 76432
4051, 0.5921, 76451
4052, 0.5927, 76470
4053, 0.5926, 76489
4054, 0.5917, 76508
4055, 0.5895, 76527
4056, 0.5845, 76546
4057, 0.5833, 76565
4058, 0.5777, 76584
4059, 0.5751, 76603
4060, 0.5735, 76622
4061, 0.5748, 76641
4062, 0.5771, 76660
4063, 0.5786, 76679
4064, 0.5792, 76698
4065, 0.5759, 76717
4066, 0.5794, 76736
4067, 0.5714, 76755
4068, 0.5782, 76774
4069, 0.5736, 76793
4070, 0.5791, 76812
4071, 0.5752, 76830
4072, 0.5786, 76849
4073, 0.5766, 76869
4074, 0.58, 76887
4075, 0.5789, 76906
4076, 0.582, 76925
4077, 0.5808, 76945
4078, 0.5828, 76964
4079, 0.5834, 76983
4080, 0.5845, 77003
4081, 0.5879, 77021
4082, 0.5863, 77041
4083, 0.5893, 77060
4084, 0.5878, 77079
4085, 0.5901, 77099
4086, 0.5876, 77118
4087, 0.5893, 77136
4088, 0.585, 77156
4089, 0.5877, 77175
4090, 0.5816, 77194
4091, 0.5853, 77213
4092, 0.5772, 77232
4093, 0.5808, 77251
4094, 0.5729, 77270
4095, 0.5785, 77289
4096, 0.5731, 77308
4097, 0.5775, 77327
4098, 0.5744, 77346
4099, 0.5776, 77365
4100, 0.5741, 77385
4101, 0.5796, 77404
4102, 0.5792, 77423
4103, 0.5854, 77442
4104, 0.5852, 77461
4105, 0.5901, 77480
4106, 0.5895, 77499
4107, 0.5918, 77518
4108, 0.5919, 77537
4109, 0.5924, 77555
4110, 0.5936, 77575
4111, 0.5915, 77594
4112, 0.5926, 77613
4113, 0.5899, 77632
4114, 0.5921, 77651
4115, 0.5865, 77670
4116, 0.5889, 77689
4117, 0.5854, 77708
4118, 0.5852, 77727
4119, 0.5815, 77746
4120, 0.5832, 77766
4121, 0.5797, 77785
4122, 0.5831, 77803
4123, 0.577, 77822
4124, 0.5825, 77841
4125, 0.5772, 77860
4126, 0.5806, 77879
4127, 0.5762, 77898
4128, 0.5802, 77916
4129, 0.5774, 77935
4130, 0.5815, 77955
4131, 0.5784, 77974
4132, 0.5844, 77993
4133, 0.5806, 78012
4134, 0.5823, 78031
4135, 0.5801, 78050
4136, 0.5819, 78069
4137, 0.5767, 78088
4138, 0.5815, 78107
4139, 0.5746, 78126
4140, 0.5787, 78145
4141, 0.5737, 78164
4142, 0.5792, 78183
4143, 0.5784, 78202
4144, 0.5826, 78221
4145, 0.5806, 78240
4146, 0.5851, 78258
4147, 0.5825, 78277
4148, 0.5845, 78296
4149, 0.5855, 78315
4150, 0.5843, 78335
4151, 0.5845, 78353
4152, 0.5825, 78372
4153, 0.5814, 78391
4154, 0.581, 78411
4155, 0.5781, 78430
4156, 0.5778, 78449
4157, 0.5784, 78468
4158, 0.5757, 78488
4159, 0.5768, 78507
4160, 0.5724, 78526
4161, 0.5727, 78546
4162, 0.5707, 78565
4163, 0.5768, 78584
4164, 0.5751, 78602
4165, 0.5843, 78622
4166, 0.5809, 78641
4167, 0.5868, 78660
4168, 0.5863, 78678
4169, 0.5904, 78698
4170, 0.5885, 78717
4171, 0.5887, 78736
4172, 0.5886, 78755
4173, 0.5856, 78774
4174, 0.5868, 78793
4175, 0.5835, 78811
4176, 0.5847, 78830
4177, 0.5791, 78849
4178, 0.5827, 78868
4179, 0.5783, 78887
4180, 0.5829, 78907
4181, 0.5782, 78926
4182, 0.5832, 78945
4183, 0.576, 78963
4184, 0.5824, 78983
4185, 0.5751, 79002
4186, 0.5781, 79021
4187, 0.5759, 79040
4188, 0.5767, 79059
4189, 0.5798, 79078
4190, 0.5805, 79098
4191, 0.582, 79117
4192, 0.5853, 79136
4193, 0.5837, 79155
4194, 0.586, 79174
4195, 0.5869, 79193
4196, 0.5852, 79212
4197, 0.5884, 79231
4198, 0.5856, 79250
4199, 0.5895, 79269
4200, 0.5826, 79288
4201, 0.5865, 79307
4202, 0.5785, 79326
4203, 0.5829, 79345
4204, 0.5743, 79364
4205, 0.5832, 79383
4206, 0.5749, 79401
4207, 0.5857, 79420
4208, 0.5796, 79439
4209, 0.5896, 79458
4210, 0.5867, 79478
4211, 0.5917, 79497
4212, 0.5885, 79516
4213, 0.5921, 79535
4214, 0.5878, 79554
4215, 0.589, 79573
4216, 0.5868, 79593
4217, 0.5839, 79612
4218, 0.5863, 79631
4219, 0.5804, 79650
4220, 0.5845, 79669
4221, 0.579, 79688
4222, 0.5888, 79707
4223, 0.5826, 79727
4224, 0.5924, 79746
4225, 0.5871, 79765
4226, 0.5927, 79784
4227, 0.59, 79803
4228, 0.594, 79823
4229, 0.5899, 79842
4230, 0.5946, 79861
4231, 0.5882, 79881
4232, 0.5929, 79899
4233, 0.5855, 79919
4234, 0.5931, 79937
4235, 0.5848, 79956
4236, 0.5931, 79975
4237, 0.5866, 79994
4238, 0.5932, 80013
4239, 0.5908, 80032
4240, 0.5938, 80051
4241, 0.5934, 80070
4242, 0.5944, 80089
4243, 0.5911, 80108
4244, 0.5863, 80128
4245, 0.5831, 80147
4246, 0.5683, 80166
4247, 0.5594, 80185
4248, 0.5428, 80204
4249, 0.542, 80223
4250, 0.5525, 80243
4251, 0.5788, 80262
4252, 0.5901, 80281
4253, 0.5967, 80300
4254, 0.5976, 80319
4255, 0.5987, 80338
4256, 0.5951, 80356
4257, 0.5977, 80375
4258, 0.5932, 80394
4259, 0.5946, 80412
4260, 0.5887, 80431
4261, 0.5894, 80450
4262, 0.5794, 80469
4263, 0.5798, 80488
4264, 0.573, 80507
4265, 0.5771, 80526
4266, 0.5779, 80545
4267, 0.5831, 80564
4268, 0.5847, 80582
4269, 0.5934, 80602
4270, 0.591, 80621
4271, 0.597, 80640
4272, 0.591, 80659
4273, 0.5959, 80678
4274, 0.5889, 80697
4275, 0.5945, 80716
4276, 0.5853, 80735
4277, 0.5895, 80754
4278, 0.5794, 80773
4279, 0.5854, 80792
4280, 0.5778, 80811
4281, 0.5837, 80830
4282, 0.5792, 80849
4283, 0.5885, 80868
4284, 0.585, 80887
4285, 0.5912, 80906
4286, 0.588, 80925
4287, 0.5931, 80944
4288, 0.5891, 80963
4289, 0.5889, 80982
4290, 0.5831, 81001
4291, 0.5767, 81020
4292, 0.5685, 81039
4293, 0.5618, 81058
4294, 0.5589, 81077
4295, 0.563, 81096
4296, 0.5716, 81115
4297, 0.5797, 81135
4298, 0.5903, 81154
4299, 0.5914, 81173
4300, 0.5985, 81192
4301, 0.5954, 81211
4302, 0.5982, 81230
4303, 0.5929, 81249
4304, 0.5961, 81268
4305, 0.5887, 81287
4306, 0.5883, 81307
4307, 0.5833, 81325
4308, 0.5798, 81344
4309, 0.5746, 81363
4310, 0.5756, 81382
4311, 0.5754, 81401
4312, 0.5764, 81420
4313, 0.5825, 81439
4314, 0.5803, 81458
4315, 0.5869, 81477
4316, 0.5883, 81496
4317, 0.5929, 81515
4318, 0.5937, 81535
4319, 0.5934, 81554
4320, 0.595, 81572
4321, 0.5942, 81591
4322, 0.5931, 81611
4323, 0.5904, 81630
4324, 0.5869, 81649
4325, 0.5827, 81668
4326, 0.5807, 81687
4327, 0.5717, 81706
4328, 0.5751, 81725
4329, 0.5721, 81744
4330, 0.5772, 81763
4331, 0.5799, 81782
4332, 0.5893, 81801
4333, 0.5884, 81820
4334, 0.5939, 81839
4335, 0.591, 81858
4336, 0.5926, 81877
4337, 0.5908, 81896
4338, 0.5909, 81915
4339, 0.5875, 81934
4340, 0.5876, 81953
4341, 0.5863, 81971
4342, 0.5869, 81991
4343, 0.5883, 82010
4344, 0.5877, 82029
4345, 0.5912, 82048
4346, 0.5901, 82067
4347, 0.5938, 82086
4348, 0.5906, 82105
4349, 0.5953, 82124
4350, 0.5889, 82143
4351, 0.5922, 82162
4352, 0.5868, 82182
4353, 0.5925, 82201
4354, 0.5851, 82220
4355, 0.5912, 82239
4356, 0.5834, 82258
4357, 0.59, 82277
4358, 0.5839, 82296
4359, 0.592, 82315
4360, 0.5872, 82334
4361, 0.5935, 82353
4362, 0.5863, 82372
4363, 0.598, 82391
4364, 0.5883, 82411
4365, 0.593, 82429
4366, 0.5854, 82448
4367, 0.5848, 82467
4368, 0.5781, 82486
4369, 0.5743, 82505
4370, 0.5704, 82524
4371, 0.5711, 82543
4372, 0.5759, 82562
4373, 0.581, 82581
4374, 0.5917, 82600
4375, 0.5889, 82618
4376, 0.5968, 82637
4377, 0.5915, 82656
4378, 0.597, 82675
4379, 0.5916, 82695
4380, 0.5972, 82714
4381, 0.5885, 82733
4382, 0.595, 82751
4383, 0.5832, 82770
4384, 0.5908, 82789
4385, 0.5789, 82808
4386, 0.5866, 82828
4387, 0.5778, 82847
4388, 0.5856, 82866
4389, 0.5765, 82885
4390, 0.5852, 82904
4391, 0.5841, 82923
4392, 0.5869, 82941
4393, 0.5886, 82961
4394, 0.5851, 82980
4395, 0.5901, 82999
4396, 0.586, 83018
4397, 0.5898, 83037
4398, 0.5865, 83056
4399, 0.5908, 83075
4400, 0.588, 83093
4401, 0.594, 83112
4402, 0.5898, 83131
4403, 0.5954, 83151
4404, 0.5891, 83170
4405, 0.5936, 83189
4406, 0.5896, 83208
4407, 0.5927, 83227
4408, 0.5873, 83246
4409, 0.5898, 83265
4410, 0.5835, 83284
4411, 0.5859, 83303
4412, 0.5797, 83322
4413, 0.5833, 83341
4414, 0.5759, 83360
4415, 0.5844, 83380
4416, 0.5824, 83398
4417, 0.5897, 83417
4418, 0.5892, 83436
4419, 0.5929, 83455
4420, 0.5916, 83475
4421, 0.5965, 83494
4422, 0.5922, 83513
4423, 0.5946, 83531
4424, 0.5902, 83550
4425, 0.5899, 83570
4426, 0.5812, 83588
4427, 0.5791, 83607
4428, 0.5743, 83626
4429, 0.5741, 83645
4430, 0.5745, 83664
4431, 0.5801, 83684
4432, 0.5863, 83703
4433, 0.5911, 83722
4434, 0.5919, 83741
4435, 0.5971, 83760
4436, 0.5927, 83779
4437, 0.5972, 83798
4438, 0.5906, 83817
4439, 0.5887, 83836
4440, 0.585, 83855
4441, 0.5802, 83875
4442, 0.5777, 83894
4443, 0.577, 83912
4444, 0.5784, 83931
4445, 0.5822, 83950
4446, 0.5875, 83969
4447, 0.5931, 83988
4448, 0.5953, 84007
4449, 0.5974, 84026
4450, 0.5974, 84045
4451, 0.599, 84064
4452, 0.5962, 84083
4453, 0.5978, 84102
4454, 0.5939, 84121
4455, 0.5918, 84140
4456, 0.5882, 84159
4457, 0.5864, 84178
4458, 0.5833, 84197
4459, 0.5831, 84216
4460, 0.5841, 84235
4461, 0.5849, 84255
4462, 0.5888, 84274
4463, 0.5875, 84293
4464, 0.5965, 84312
4465, 0.5945, 84331
4466, 0.6014, 84350
4467, 0.5946, 84369
4468, 0.6021, 84388
4469, 0.5957, 84407
4470, 0.5988, 84426
4471, 0.5907, 84445
4472, 0.5933, 84464
4473, 0.5811, 84483
4474, 0.5864, 84502
4475, 0.5719, 84520
4476, 0.5819, 84535
4477, 0.5731, 84550
4478, 0.5865, 84566
4479, 0.5831, 84581
4480, 0.597, 84596
4481, 0.5914, 84611
4482, 0.601, 84626
4483, 0.5953, 84641
4484, 0.6023, 84656
4485, 0.5954, 84671
4486, 0.5995, 84686
4487, 0.5951, 84702
4488, 0.5967, 84717
4489, 0.5917, 84733
4490, 0.5906, 84747
4491, 0.5849, 84762
4492, 0.5845, 84777
4493, 0.5806, 84792
4494, 0.5816, 84807
4495, 0.5826, 84821
4496, 0.5802, 84836
4497, 0.5893, 84851
4498, 0.581, 84867
4499, 0.594, 84883
4500, 0.5851, 84897
4501, 0.5957, 84912
4502, 0.5883, 84927
4503, 0.5998, 84942
4504, 0.5925, 84957
4505, 0.6016, 84972
4506, 0.5964, 84987
4507, 0.6036, 85002
4508, 0.5975, 85017
4509, 0.6049, 85032
4510, 0.594, 85047
4511, 0.6023, 85061
4512, 0.5897, 85077
4513, 0.5945, 85092
4514, 0.5796, 85107
4515, 0.5812, 85123
4516, 0.5683, 85138
4517, 0.5713, 85153
4518, 0.5635, 85168
4519, 0.581, 85182
4520, 0.584, 85198
4521, 0.6005, 85213
4522, 0.5975, 85228
4523, 0.6037, 85242
4524, 0.604, 85258
4525, 0.6046, 85272
4526, 0.6027, 85287
4527, 0.6014, 85302
4528, 0.5959, 85317
4529, 0.5929, 85332
4530, 0.5891, 85346
4531, 0.5839, 85361
4532, 0.5827, 85376
4533, 0.577, 85391
4534, 0.5783, 85407
4535, 0.5798, 85422
4536, 0.5823, 85438
4537, 0.5866, 85452
4538, 0.5877, 85467
4539, 0.5903, 85482
4540, 0.5919, 85498
4541, 0.5918, 85512
4542, 0.5895, 85527
4543, 0.5911, 85542
4544, 0.5903, 85557
4545, 0.5883, 85571
4546, 0.5912, 85586
4547, 0.5884, 85601
4548, 0.5929, 85615
4549, 0.5895, 85631
4550, 0.5946, 85646
4551, 0.5881, 85661
4552, 0.5943, 85676
4553, 0.5884, 85692
4554, 0.5925, 85707
4555, 0.5891, 85722
4556, 0.5916, 85738
4557, 0.5911, 85753
4558, 0.594, 85768
4559, 0.5917, 85783
4560, 0.5969, 85798
4561, 0.5934, 85813
4562, 0.598, 85828
4563, 0.5961, 85843
4564, 0.6005, 85858
4565, 0.5966, 85873
4566, 0.6006, 85887
4567, 0.5974, 85903
4568, 0.6, 85918
4569, 0.596, 85932
4570, 0.5969, 85947
4571, 0.5962, 85962
4572, 0.5944, 85978
4573, 0.5946, 85993
4574, 0.5923, 86009
4575, 0.5932, 86024
4576, 0.5938, 86039
4577, 0.5938, 86054
4578, 0.5919, 86069
4579, 0.593, 86084
4580, 0.5908, 86100
4581, 0.5907, 86115
4582, 0.5883, 86130
4583, 0.5872, 86145
4584, 0.5894, 86160
4585, 0.5854, 86174
4586, 0.591, 86189
4587, 0.5854, 86204
4588, 0.5904, 86219
4589, 0.5852, 86234
4590, 0.5943, 86250
4591, 0.5906, 86265
4592, 0.5988, 86280
4593, 0.5927, 86295
4594, 0.6006, 86310
4595, 0.5909, 86325
4596, 0.5959, 86341
4597, 0.586, 86356
4598, 0.5894, 86370
4599, 0.5821, 86386
4600, 0.585, 86401
4601, 0.582, 86417
4602, 0.5865, 86432
4603, 0.5844, 86448
4604, 0.5902, 86463
4605, 0.5871, 86478
4606, 0.5923, 86493
4607, 0.5857, 86508
4608, 0.5878, 86522
4609, 0.5848, 86537
4610, 0.586, 86553
4611, 0.5837, 86569
4612, 0.5876, 86584
4613, 0.5885, 86600
4614, 0.5919, 86615
4615, 0.5887, 86631
4616, 0.5932, 86646
4617, 0.5872, 86662
4618, 0.5939, 86677
4619, 0.5867, 86692
4620, 0.5899, 86707
4621, 0.5842, 86722
4622, 0.5892, 86737
4623, 0.5836, 86753
4624, 0.5914, 86768
4625, 0.5864, 86784
4626, 0.5939, 86799
4627, 0.5924, 86814
4628, 0.5969, 86829
4629, 0.5965, 86844
4630, 0.5978, 86860
4631, 0.5974, 86875
4632, 0.5995, 86890
4633, 0.5996, 86905
4634, 0.5981, 86921
4635, 0.5989, 86936
4636, 0.5979, 86951
4637, 0.5983, 86966
4638, 0.5982, 86982
4639, 0.5984, 86997
4640, 0.5978, 87013
4641, 0.5982, 87027
4642, 0.5978, 87042
4643, 0.6, 87058
4644, 0.5975, 87073
4645, 0.5997, 87088
4646, 0.5924, 87104
4647, 0.5924, 87119
4648, 0.5823, 87135
4649, 0.582, 87150
4650, 0.572, 87166
4651, 0.579, 87181
4652, 0.5774, 87197
4653, 0.5927, 87213
4654, 0.593, 87228
4655, 0.6048, 87243
4656, 0.5999, 87258
4657, 0.6069, 87272
4658, 0.6035, 87288
4659, 0.6045, 87303
4660, 0.6013, 87317
4661, 0.6015, 87332
4662, 0.5962, 87347
4663, 0.5936, 87363
4664, 0.59, 87378
4665, 0.5847, 87393
4666, 0.5855, 87408
4667, 0.5802, 87423
4668, 0.5844, 87438
4669, 0.5839, 87452
4670, 0.5939, 87467
4671, 0.5942, 87482
4672, 0.5994, 87497
4673, 0.6004, 87512
4674, 0.6045, 87527
4675, 0.6016, 87543
4676, 0.6042, 87558
4677, 0.6006, 87573
4678, 0.6029, 87588
4679, 0.599, 87603
4680, 0.6001, 87619
4681, 0.594, 87634
4682, 0.596, 87649
4683, 0.5889, 87664
4684, 0.5913, 87679
4685, 0.5853, 87694
4686, 0.5904, 87709
4687, 0.5843, 87724
4688, 0.595, 87739
4689, 0.5856, 87754
4690, 0.5928, 87770
4691, 0.5852, 87785
4692, 0.5916, 87800
4693, 0.5885, 87815
4694, 0.5957, 87831
4695, 0.5927, 87846
4696, 0.5967, 87862
4697, 0.5935, 87877
4698, 0.5943, 87892
4699, 0.5922, 87908
4700, 0.5919, 87923
4701, 0.5908, 87938
4702, 0.593, 87953
4703, 0.5911, 87968
4704, 0.5948, 87983
4705, 0.5923, 87998
4706, 0.5956, 88013
4707, 0.5916, 88029
4708, 0.5981, 88045
4709, 0.5885, 88060
4710, 0.5985, 88076
4711, 0.5858, 88091
4712, 0.5951, 88106
4713, 0.5841, 88121
4714, 0.5891, 88137
4715, 0.5839, 88152
4716, 0.5905, 88166
4717, 0.5852, 88181
4718, 0.5929, 88196
4719, 0.5881, 88211
4720, 0.5972, 88226
4721, 0.5926, 88241
4722, 0.5985, 88256
4723, 0.5964, 88270
4724, 0.601, 88285
4725, 0.5987, 88300
4726, 0.6035, 88316
4727, 0.6011, 88331
4728, 0.6055, 88346
4729, 0.6045, 88361
4730, 0.6062, 88376
4731, 0.6044, 88392
4732, 0.6051, 88407
4733, 0.6049, 88422
4734, 0.6034, 88437
4735, 0.6008, 88452
4736, 0.5991, 88467
4737, 0.5955, 88482
4738, 0.5901, 88497
4739, 0.5853, 88512
4740, 0.5792, 88527
4741, 0.5747, 88542
4742, 0.5705, 88557
4743, 0.5825, 88572
4744, 0.5852, 88588
4745, 0.6023, 88604
4746, 0.601, 88619
4747, 0.6108, 88634
4748, 0.6051, 88649
4749, 0.6078, 88663
4750, 0.6025, 88678
4751, 0.6035, 88693
4752, 0.5964, 88708
4753, 0.5974, 88723
4754, 0.5906, 88738
4755, 0.5846, 88754
4756, 0.5804, 88770
4757, 0.5791, 88785
4758, 0.5807, 88800
4759, 0.5877, 88815
4760, 0.5936, 88830
4761, 0.5975, 88845
4762, 0.6046, 88860
4763, 0.603, 88875
4764, 0.6082, 88888
4765, 0.6046, 88901
4766, 0.6074, 88914
4767, 0.6025, 88927
4768, 0.6047, 88940
4769, 0.598, 88953
4770, 0.6007, 88966
4771, 0.5935, 88979
4772, 0.5932, 88992
4773, 0.5846, 89006
4774, 0.5887, 89019
4775, 0.5803, 89032
4776, 0.5895, 89045
4777, 0.5815, 89058
4778, 0.5948, 89071
4779, 0.5875, 89085
4780, 0.5999, 89098
4781, 0.5944, 89111
4782, 0.6077, 89124
4783, 0.6012, 89137
4784, 0.6026, 89150
4785, 0.6006, 89163
4786, 0.5986, 89176
4787, 0.5937, 89190
4788, 0.5891, 89203
4789, 0.5812, 89216
4790, 0.5808, 89229
4791, 0.5782, 89243
4792, 0.5837, 89256
4793, 0.5886, 89269
4794, 0.5967, 89282
4795, 0.598, 89295
4796, 0.6046, 89308
4797, 0.6017, 89321
4798, 0.6032, 89334
4799, 0.5963, 89347
4800, 0.5949, 89360
4801, 0.5888, 89373
4802, 0.5903, 89386
4803, 0.5838, 89399
4804, 0.5903, 89412
4805, 0.5896, 89425
4806, 0.5981, 89437
4807, 0.5967, 89450
4808, 0.6068, 89463
4809, 0.6013, 89476
4810, 0.6105, 89489
4811, 0.6027, 89502
4812, 0.6115, 89515
4813, 0.6012, 89528
4814, 0.6074, 89541
4815, 0.5947, 89553
4816, 0.6009, 89566
4817, 0.5873, 89579
4818, 0.5905, 89592
4819, 0.583, 89605
4820, 0.5897, 89618
4821, 0.5856, 89631
4822, 0.5958, 89644
4823, 0.5971, 89657
4824, 0.6051, 89670
4825, 0.6046, 89683
4826, 0.6058, 89696
4827, 0.608, 89709
4828, 0.6031, 89722
4829, 0.6068, 89735
4830, 0.5998, 89748
4831, 0.6039, 89761
4832, 0.5955, 89774
4833, 0.6008, 89786
4834, 0.5921, 89799
4835, 0.5995, 89812
4836, 0.5883, 89825
4837, 0.5954, 89838
4838, 0.5876, 89851
4839, 0.5939, 89864
4840, 0.5877, 89877
4841, 0.5899, 89890
4842, 0.5881, 89903
4843, 0.5886, 89916
4844, 0.5899, 89929
4845, 0.5914, 89942
4846, 0.5955, 89955
4847, 0.5965, 89968
4848, 0.5994, 89981
4849, 0.6025, 89994
4850, 0.6026, 90007
4851, 0.6046, 90020
4852, 0.6027, 90034
4853, 0.605, 90047
4854, 0.6017, 90060
4855, 0.6045, 90073
4856, 0.5998, 90086
4857, 0.5996, 90099
4858, 0.5987, 90113
4859, 0.5964, 90126
4860, 0.5954, 90139
4861, 0.5938, 90152
4862, 0.5952, 90165
4863, 0.5936, 90178
4864, 0.5939, 90191
4865, 0.5918, 90205
4866, 0.5948, 90218
4867, 0.5886, 90231
4868, 0.5913, 90244
4869, 0.5775, 90257
4870, 0.5788, 90270
4871, 0.5733, 90283
4872, 0.5832, 90296
4873, 0.5867, 90309
4874, 0.5986, 90322
4875, 0.5998, 90335
4876, 0.6102, 90348
4877, 0.6072, 90361
4878, 0.6092, 90374
4879, 0.6077, 90387
4880, 0.6087, 90400
4881, 0.6057, 90413
4882, 0.6068, 90426
4883, 0.6, 90440
4884, 0.5996, 90453
4885, 0.5937, 90466
4886, 0.5969, 90479
4887, 0.5904, 90492
4888, 0.5947, 90505
4889, 0.5962, 90518
4890, 0.6012, 90531
4891, 0.6019, 90544
4892, 0.6049, 90557
4893, 0.6053, 90570
4894, 0.6044, 90583
4895, 0.605, 90596
4896, 0.6003, 90609
4897, 0.6023, 90622
4898, 0.5929, 90635
4899, 0.5888, 90648
4900, 0.5838, 90661
4901, 0.5842, 90674
4902, 0.5819, 90687
4903, 0.5892, 90700
4904, 0.5857, 90713
4905, 0.6, 90726
4906, 0.5919, 90739
4907, 0.6055, 90752
4908, 0.5915, 90765
4909, 0.6018, 90778
4910, 0.586, 90791
4911, 0.5928, 90803
4912, 0.5783, 90816
4913, 0.5922, 90829
4914, 0.5821, 90843
4915, 0.5995, 90856
4916, 0.5955, 90868
4917, 0.6101, 90881
4918, 0.6076, 90894
4919, 0.6113, 90907
4920, 0.6102, 90920
4921, 0.6104, 90933
4922, 0.6073, 90947
4923, 0.6094, 90960
4924, 0.6026, 90973
4925, 0.6038, 90986
4926, 0.5957, 90999
4927, 0.5973, 91012
4928, 0.5922, 91025
4929, 0.5943, 91038
4930, 0.5925, 91051
4931, 0.5989, 91065
4932, 0.5979, 91078
4933, 0.6042, 91091
4934, 0.6025, 91104
4935, 0.6064, 91117
4936, 0.6058, 91130
4937, 0.6055, 91143
4938, 0.604, 91156
4939, 0.6002, 91169
4940, 0.6004, 91182
4941, 0.5947, 91196
4942, 0.5957, 91209
4943, 0.5903, 91222
4944, 0.5913, 91235
4945, 0.5907, 91248
4946, 0.5942, 91261
4947, 0.5971, 91275
4948, 0.6011, 91288
4949, 0.5981, 91301
4950, 0.6044, 91314
4951, 0.598, 91327
4952, 0.6026, 91340
4953, 0.5958, 91354
4954, 0.6009, 91367
4955, 0.5913, 91380
4956, 0.6001, 91393
4957, 0.5897, 91406
4958, 0.602, 91419
4959, 0.5951, 91432
4960, 0.6047, 91445
4961, 0.5986, 91458
4962, 0.6074, 91472
4963, 0.6012, 91485
4964, 0.6092, 91498
4965, 0.602, 91511
4966, 0.6065, 91524
4967, 0.596, 91537
4968, 0.5994, 91550
4969, 0.5897, 91564
4970, 0.593, 91577
4971, 0.585, 91590
4972, 0.5911, 91603
4973, 0.5872, 91616
4974, 0.5995, 91629
4975, 0.5954, 91642
4976, 0.6075, 91655
4977, 0.5973, 91669
4978, 0.6037, 91682
4979, 0.5954, 91695
4980, 0.5996, 91708
4981, 0.5932, 91721
4982, 0.5961, 91734
4983, 0.5927, 91747
4984, 0.5957, 91761
4985, 0.5948, 91774
4986, 0.5971, 91787
4987, 0.5985, 91800
4988, 0.5976, 91813
4989, 0.6013, 91826
4990, 0.5966, 91839
4991, 0.603, 91852
4992, 0.597, 91865
4993, 0.6029, 91878
4994, 0.5981, 91891
4995, 0.6046, 91904
4996, 0.5958, 91916
4997, 0.6064, 91929
4998, 0.5978, 91942
4999, 0.6067, 91955
5000, 0.5977, 91968
