1, 0.0943, 58
2, 0.0955, 105
3, 0.0967, 154
4, 0.0982, 203
5, 0.0997, 249
6, 0.101, 310
7, 0.1015, 362
8, 0.1031, 411
9, 0.1055, 459
10, 0.1062, 505
11, 0.1079, 553
12, 0.1088, 602
13, 0.1102, 651
14, 0.1111, 699
15, 0.1128, 748
16, 0.1138, 796
17, 0.1153, 845
18, 0.1162, 896
19, 0.1169, 945
20, 0.1176, 991
21, 0.1196, 1036
22, 0.1205, 1082
23, 0.1215, 1127
24, 0.1232, 1174
25, 0.1248, 1221
26, 0.1294, 1267
27, 0.1321, 1313
28, 0.1372, 1359
29, 0.1431, 1406
30, 0.1492, 1454
31, 0.157, 1501
32, 0.1652, 1549
33, 0.1707, 1597
34, 0.1758, 1645
35, 0.1808, 1690
36, 0.1912, 1737
37, 0.1953, 1785
38, 0.1999, 1831
39, 0.2012, 1879
40, 0.2018, 1926
41, 0.2019, 1972
42, 0.2021, 2019
43, 0.1988, 2067
44, 0.1959, 2116
45, 0.1918, 2161
46, 0.1878, 2207
47, 0.1861, 2256
48, 0.1853, 2301
49, 0.1855, 2349
50, 0.185, 2394
51, 0.1854, 2440
52, 0.1875, 2486
53, 0.1893, 2533
54, 0.1926, 2582
55, 0.1931, 2628
56, 0.196, 2673
57, 0.2003, 2720
58, 0.2054, 2766
59, 0.2092, 2817
60, 0.2135, 2867
61, 0.2184, 2916
62, 0.2238, 2964
63, 0.2286, 3013
64, 0.2345, 3059
65, 0.2407, 3107
66, 0.245, 3157
67, 0.25, 3206
68, 0.2527, 3253
69, 0.2552, 3300
70, 0.2587, 3347
71, 0.2593, 3394
72, 0.2611, 3441
73, 0.2625, 3490
74, 0.2637, 3538
75, 0.2662, 3585
76, 0.269, 3632
77, 0.2708, 3680
78, 0.2736, 3726
79, 0.2752, 3775
80, 0.2775, 3822
81, 0.2792, 3868
82, 0.2803, 3916
83, 0.281, 3964
84, 0.2833, 4010
85, 0.2869, 4057
86, 0.2883, 4101
87, 0.2905, 4151
88, 0.2913, 4198
89, 0.2922, 4245
90, 0.2939, 4291
91, 0.2951, 4339
92, 0.2959, 4386
93, 0.2969, 4432
94, 0.2994, 4480
95, 0.3013, 4528
96, 0.3033, 4575
97, 0.3051, 4619
98, 0.3074, 4665
99, 0.3094, 4712
100, 0.3123, 4757
101, 0.3138, 4802
102, 0.3151, 4848
103, 0.3178, 4895
104, 0.3194, 4941
105, 0.3206, 4991
106, 0.3219, 5037
107, 0.3247, 5086
108, 0.3255, 5134
109, 0.3265, 5181
110, 0.3282, 5227
111, 0.3297, 5275
112, 0.3312, 5322
113, 0.3332, 5369
114, 0.3349, 5416
115, 0.3365, 5465
116, 0.3382, 5514
117, 0.3391, 5559
118, 0.3409, 5604
119, 0.3423, 5651
120, 0.3435, 5699
121, 0.3453, 5746
122, 0.3473, 5794
123, 0.349, 5840
124, 0.3509, 5889
125, 0.3532, 5936
126, 0.3544, 5985
127, 0.3552, 6030
128, 0.3564, 6075
129, 0.3583, 6120
130, 0.3602, 6167
131, 0.3621, 6214
132, 0.3629, 6263
133, 0.364, 6311
134, 0.3658, 6359
135, 0.3675, 6407
136, 0.3695, 6455
137, 0.3706, 6502
138, 0.3729, 6549
139, 0.3737, 6594
140, 0.3756, 6643
141, 0.3771, 6690
142, 0.379, 6735
143, 0.3805, 6784
144, 0.3816, 6823
145, 0.3833, 6849
146, 0.3863, 6876
147, 0.3874, 6903
148, 0.3879, 6930
149, 0.3898, 6955
150, 0.3903, 6981
151, 0.3914, 7008
152, 0.3939, 7035
153, 0.3963, 7062
154, 0.3983, 7091
155, 0.3986, 7121
156, 0.3992, 7149
157, 0.4, 7176
158, 0.4011, 7204
159, 0.4016, 7229
160, 0.4032, 7257
161, 0.404, 7285
162, 0.405, 7312
163, 0.4065, 7340
164, 0.4075, 7367
165, 0.4077, 7396
166, 0.4078, 7423
167, 0.409, 7454
168, 0.4098, 7483
169, 0.4102, 7509
170, 0.4102, 7535
171, 0.4106, 7560
172, 0.412, 7586
173, 0.4137, 7612
174, 0.4153, 7639
175, 0.4164, 7667
176, 0.4171, 7695
177, 0.4172, 7723
178, 0.4186, 7751
179, 0.4195, 7778
180, 0.4206, 7803
181, 0.4218, 7830
182, 0.4228, 7855
183, 0.4237, 7881
184, 0.4251, 7906
185, 0.4258, 7931
186, 0.4275, 7956
187, 0.4296, 7983
188, 0.4303, 8008
189, 0.4307, 8034
190, 0.4328, 8059
191, 0.4344, 8087
192, 0.4355, 8112
193, 0.4367, 8137
194, 0.4375, 8162
195, 0.4385, 8188
196, 0.4401, 8214
197, 0.4405, 8240
198, 0.441, 8265
199, 0.4408, 8291
200, 0.4417, 8317
201, 0.443, 8343
202, 0.4435, 8369
203, 0.445, 8394
204, 0.4453, 8419
205, 0.4454, 8445
206, 0.4459, 8471
207, 0.4473, 8496
208, 0.4487, 8522
209, 0.4489, 8548
210, 0.4498, 8574
211, 0.4509, 8600
212, 0.4521, 8625
213, 0.4528, 8651
214, 0.4537, 8677
215, 0.4541, 8703
216, 0.4548, 8728
217, 0.4556, 8754
218, 0.4564, 8778
219, 0.4568, 8804
220, 0.4578, 8829
221, 0.4583, 8854
222, 0.4595, 8880
223, 0.4599, 8906
224, 0.4603, 8932
225, 0.4616, 8957
226, 0.4623, 8983
227, 0.4626, 9009
228, 0.4626, 9033
229, 0.4627, 9058
230, 0.4632, 9084
231, 0.4636, 9110
232, 0.464, 9136
233, 0.4645, 9161
234, 0.4658, 9186
235, 0.466, 9212
236, 0.4662, 9238
237, 0.4668, 9262
238, 0.4675, 9288
239, 0.4684, 9314
240, 0.4692, 9340
241, 0.4696, 9366
242, 0.4704, 9392
243, 0.4721, 9417
244, 0.4725, 9442
245, 0.473, 9469
246, 0.4727, 9494
247, 0.4737, 9520
248, 0.4748, 9545
249, 0.4759, 9571
250, 0.4764, 9596
251, 0.4771, 9622
252, 0.4778, 9648
253, 0.4791, 9673
254, 0.4792, 9699
255, 0.4792, 9724
256, 0.4794, 9749
257, 0.4798, 9776
258, 0.4818, 9801
259, 0.4823, 9827
260, 0.4829, 9853
261, 0.4839, 9878
262, 0.4843, 9903
263, 0.4849, 9929
264, 0.4858, 9954
265, 0.4862, 9980
266, 0.4863, 10005
267, 0.4861, 10030
268, 0.487, 10055
269, 0.4874, 10081
270, 0.4877, 10107
271, 0.4877, 10132
272, 0.4876, 10157
273, 0.4879, 10183
274, 0.4874, 10209
275, 0.4879, 10235
276, 0.4876, 10260
277, 0.4883, 10285
278, 0.488, 10312
279, 0.4887, 10338
280, 0.4895, 10363
281, 0.4905, 10389
282, 0.4916, 10415
283, 0.4919, 10440
284, 0.4921, 10466
285, 0.4924, 10491
286, 0.4927, 10517
287, 0.4937, 10544
288, 0.4944, 10569
289, 0.4957, 10595
290, 0.4963, 10621
291, 0.4972, 10647
292, 0.4973, 10673
293, 0.4985, 10699
294, 0.4995, 10724
295, 0.5003, 10750
296, 0.5, 10775
297, 0.5012, 10801
298, 0.5019, 10827
299, 0.5027, 10852
300, 0.5039, 10878
301, 0.5047, 10904
302, 0.5055, 10929
303, 0.505, 10956
304, 0.5051, 10982
305, 0.5058, 11007
306, 0.5064, 11027
307, 0.5073, 11046
308, 0.5078, 11065
309, 0.5083, 11084
310, 0.5088, 11103
311, 0.509, 11122
312, 0.5099, 11141
313, 0.5104, 11160
314, 0.5117, 11179
315, 0.5122, 11198
316, 0.513, 11217
317, 0.5134, 11236
318, 0.5138, 11256
319, 0.5137, 11275
320, 0.5145, 11294
321, 0.5147, 11313
322, 0.5152, 11332
323, 0.5157, 11352
324, 0.5156, 11371
325, 0.516, 11390
326, 0.5165, 11409
327, 0.5167, 11428
328, 0.5175, 11447
329, 0.5185, 11466
330, 0.5186, 11485
331, 0.5195, 11504
332, 0.52, 11523
333, 0.521, 11542
334, 0.5211, 11561
335, 0.5214, 11580
336, 0.5214, 11599
337, 0.5216, 11618
338, 0.5226, 11637
339, 0.523, 11656
340, 0.5233, 11676
341, 0.5242, 11695
342, 0.5248, 11714
343, 0.5255, 11733
344, 0.5262, 11752
345, 0.5266, 11771
346, 0.5265, 11789
347, 0.5267, 11809
348, 0.5274, 11828
349, 0.528, 11847
350, 0.5285, 11866
351, 0.5292, 11885
352, 0.5298, 11904
353, 0.5295, 11923
354, 0.5299, 11942
355, 0.53, 11961
356, 0.5303, 11981
357, 0.531, 12000
358, 0.5313, 12019
359, 0.5315, 12038
360, 0.5316, 12057
361, 0.5324, 12076
362, 0.5324, 12095
363, 0.5325, 12114
364, 0.533, 12133
365, 0.5329, 12152
366, 0.533, 12171
367, 0.5328, 12191
368, 0.5332, 12210
369, 0.5334, 12228
370, 0.5338, 12247
371, 0.5349, 12267
372, 0.5348, 12286
373, 0.5359, 12305
374, 0.5362, 12323
375, 0.5369, 12342
376, 0.5371, 12361
377, 0.5372, 12380
378, 0.5376, 12399
379, 0.5381, 12418
380, 0.5382, 12437
381, 0.5381, 12456
382, 0.5385, 12475
383, 0.5383, 12494
384, 0.5392, 12513
385, 0.5401, 12532
386, 0.5403, 12552
387, 0.5403, 12571
388, 0.5403, 12590
389, 0.5405, 12609
390, 0.5408, 12627
391, 0.5413, 12646
392, 0.5415, 12665
393, 0.5417, 12684
394, 0.5427, 12703
395, 0.5431, 12722
396, 0.5438, 12741
397, 0.5445, 12760
398, 0.5444, 12779
399, 0.5448, 12798
400, 0.5454, 12817
401, 0.5453, 12836
402, 0.5457, 12855
403, 0.5458, 12874
404, 0.5457, 12893
405, 0.5461, 12912
406, 0.5467, 12931
407, 0.5472, 12950
408, 0.5476, 12969
409, 0.5486, 12989
410, 0.549, 13008
411, 0.5494, 13027
412, 0.55, 13046
413, 0.5505, 13065
414, 0.5512, 13084
415, 0.5514, 13103
416, 0.5518, 13122
417, 0.5523, 13141
418, 0.5531, 13160
419, 0.5531, 13178
420, 0.5538, 13197
421, 0.5541, 13216
422, 0.5544, 13235
423, 0.5552, 13254
424, 0.5553, 13273
425, 0.5559, 13292
426, 0.5563, 13311
427, 0.5564, 13330
428, 0.5568, 13348
429, 0.5573, 13368
430, 0.5577, 13387
431, 0.5582, 13406
432, 0.5588, 13425
433, 0.5588, 13444
434, 0.5595, 13464
435, 0.5597, 13482
436, 0.5603, 13502
437, 0.5605, 13522
438, 0.5605, 13543
439, 0.5604, 13562
440, 0.5608, 13582
441, 0.5608, 13602
442, 0.561, 13622
443, 0.5618, 13642
444, 0.562, 13661
445, 0.5621, 13681
446, 0.5622, 13701
447, 0.5626, 13721
448, 0.5623, 13740
449, 0.5625, 13761
450, 0.5626, 13781
451, 0.5628, 13800
452, 0.5636, 13820
453, 0.5641, 13839
454, 0.5647, 13859
455, 0.565, 13878
456, 0.5656, 13898
457, 0.5653, 13917
458, 0.5657, 13936
459, 0.5659, 13956
460, 0.5664, 13977
461, 0.5664, 13996
462, 0.5667, 14015
463, 0.5668, 14034
464, 0.5674, 14053
465, 0.568, 14073
466, 0.5683, 14091
467, 0.5685, 14111
468, 0.5697, 14130
469, 0.57, 14149
470, 0.5706, 14170
471, 0.5706, 14190
472, 0.5716, 14210
473, 0.5721, 14230
474, 0.5729, 14249
475, 0.5735, 14268
476, 0.5736, 14288
477, 0.5741, 14307
478, 0.5741, 14326
479, 0.5745, 14344
480, 0.5747, 14364
481, 0.575, 14383
482, 0.5749, 14402
483, 0.5751, 14420
484, 0.5755, 14439
485, 0.5759, 14458
486, 0.5759, 14477
487, 0.5761, 14496
488, 0.5763, 14515
489, 0.5765, 14534
490, 0.5765, 14554
491, 0.5767, 14573
492, 0.5767, 14591
493, 0.577, 14610
494, 0.5774, 14629
495, 0.5774, 14647
496, 0.5779, 14667
497, 0.5779, 14685
498, 0.5777, 14704
499, 0.5778, 14723
500, 0.5779, 14742
501, 0.5787, 14761
502, 0.5789, 14780
503, 0.5794, 14799
504, 0.5792, 14818
505, 0.5798, 14837
506, 0.5801, 14856
507, 0.5798, 14875
508, 0.58, 14894
509, 0.5804, 14913
510, 0.5805, 14932
511, 0.5808, 14951
512, 0.581, 14970
513, 0.5815, 14989
514, 0.5816, 15008
515, 0.5815, 15027
516, 0.5813, 15046
517, 0.5813, 15065
518, 0.5817, 15084
519, 0.5819, 15103
520, 0.5817, 15122
521, 0.5816, 15141
522, 0.5822, 15160
523, 0.5827, 15179
524, 0.583, 15198
525, 0.5836, 15217
526, 0.5834, 15236
527, 0.584, 15255
528, 0.5844, 15274
529, 0.5846, 15294
530, 0.5851, 15313
531, 0.5848, 15332
532, 0.5847, 15351
533, 0.5847, 15370
534, 0.585, 15389
535, 0.585, 15408
536, 0.585, 15427
537, 0.5852, 15447
538, 0.5851, 15466
539, 0.5856, 15485
540, 0.5858, 15504
541, 0.5859, 15523
542, 0.586, 15542
543, 0.5862, 15561
544, 0.586, 15580
545, 0.5861, 15599
546, 0.5863, 15618
547, 0.5863, 15637
548, 0.5867, 15655
549, 0.5873, 15674
550, 0.5868, 15693
551, 0.5871, 15712
552, 0.5877, 15731
553, 0.5874, 15750
554, 0.5878, 15770
555, 0.5879, 15789
556, 0.5877, 15809
557, 0.5879, 15827
558, 0.5881, 15846
559, 0.5883, 15866
560, 0.5883, 15884
561, 0.5883, 15903
562, 0.5886, 15922
563, 0.5891, 15941
564, 0.5892, 15959
565, 0.5891, 15978
566, 0.5894, 15997
567, 0.59, 16016
568, 0.5904, 16035
569, 0.5906, 16054
570, 0.5907, 16073
571, 0.5905, 16092
572, 0.5911, 16111
573, 0.5908, 16130
574, 0.5907, 16149
575, 0.5907, 16168
576, 0.5909, 16187
577, 0.5905, 16206
578, 0.5904, 16225
579, 0.5903, 16244
580, 0.5904, 16263
581, 0.5909, 16282
582, 0.5909, 16301
583, 0.5915, 16320
584, 0.5916, 16339
585, 0.5915, 16358
586, 0.5918, 16377
587, 0.5919, 16396
588, 0.5921, 16415
589, 0.5917, 16434
590, 0.5918, 16452
591, 0.5919, 16472
592, 0.5918, 16491
593, 0.5915, 16509
594, 0.5921, 16528
595, 0.5924, 16547
596, 0.5926, 16567
597, 0.593, 16585
598, 0.5932, 16605
599, 0.5932, 16624
600, 0.5934, 16643
601, 0.5934, 16662
602, 0.5936, 16681
603, 0.5937, 16700
604, 0.5941, 16718
605, 0.5941, 16737
606, 0.5944, 16756
607, 0.5944, 16775
608, 0.5942, 16794
609, 0.5949, 16813
610, 0.5946, 16831
611, 0.5945, 16850
612, 0.5946, 16869
613, 0.595, 16888
614, 0.5949, 16907
615, 0.5952, 16927
616, 0.5957, 16946
617, 0.5957, 16965
618, 0.5957, 16983
619, 0.596, 17002
620, 0.5957, 17021
621, 0.5961, 17040
622, 0.5966, 17059
623, 0.5968, 17078
624, 0.5973, 17097
625, 0.5971, 17116
626, 0.5974, 17135
627, 0.5971, 17153
628, 0.5976, 17172
629, 0.5979, 17192
630, 0.5978, 17211
631, 0.5983, 17230
632, 0.5984, 17250
633, 0.5988, 17269
634, 0.5991, 17288
635, 0.5991, 17306
636, 0.5992, 17326
637, 0.5999, 17344
638, 0.6004, 17363
639, 0.6, 17382
640, 0.6008, 17401
641, 0.601, 17420
642, 0.601, 17438
643, 0.6012, 17457
644, 0.6018, 17476
645, 0.6022, 17495
646, 0.6018, 17514
647, 0.6019, 17532
648, 0.602, 17552
649, 0.6023, 17571
650, 0.6028, 17590
651, 0.6028, 17609
652, 0.6031, 17627
653, 0.6029, 17646
654, 0.6032, 17665
655, 0.6035, 17684
656, 0.6036, 17703
657, 0.6036, 17722
658, 0.6038, 17741
659, 0.6041, 17761
660, 0.6038, 17780
661, 0.6039, 17799
662, 0.604, 17818
663, 0.6039, 17837
664, 0.6041, 17856
665, 0.6038, 17875
666, 0.6046, 17894
667, 0.6046, 17913
668, 0.6045, 17932
669, 0.6049, 17951
670, 0.6047, 17969
671, 0.6051, 17988
672, 0.605, 18007
673, 0.6055, 18027
674, 0.606, 18046
675, 0.6059, 18065
676, 0.606, 18084
677, 0.6065, 18103
678, 0.6064, 18122
679, 0.6067, 18141
680, 0.6067, 18160
681, 0.6071, 18179
682, 0.607, 18198
683, 0.607, 18218
684, 0.6071, 18237
685, 0.607, 18256
686, 0.6073, 18275
687, 0.6073, 18294
688, 0.6075, 18312
689, 0.6075, 18331
690, 0.6079, 18350
691, 0.6087, 18369
692, 0.6081, 18388
693, 0.6087, 18406
694, 0.6083, 18425
695, 0.6088, 18444
696, 0.6085, 18463
697, 0.6087, 18482
698, 0.6093, 18501
699, 0.6089, 18520
700, 0.6097, 18539
701, 0.6096, 18557
702, 0.61, 18577
703, 0.6097, 18596
704, 0.6095, 18615
705, 0.6099, 18634
706, 0.61, 18653
707, 0.6103, 18672
708, 0.61, 18691
709, 0.6105, 18711
710, 0.6105, 18730
711, 0.6106, 18748
712, 0.6107, 18768
713, 0.6108, 18787
714, 0.6112, 18806
715, 0.6113, 18825
716, 0.6113, 18844
717, 0.6113, 18862
718, 0.6113, 18882
719, 0.611, 18901
720, 0.611, 18919
721, 0.6111, 18938
722, 0.6116, 18957
723, 0.6121, 18976
724, 0.6119, 18996
725, 0.6124, 19014
726, 0.6124, 19033
727, 0.6127, 19052
728, 0.6126, 19071
729, 0.6131, 19090
730, 0.6128, 19109
731, 0.6137, 19128
732, 0.6131, 19147
733, 0.6131, 19166
734, 0.6133, 19185
735, 0.6132, 19204
736, 0.6134, 19222
737, 0.6134, 19241
738, 0.6135, 19260
739, 0.6139, 19279
740, 0.6142, 19298
741, 0.6143, 19317
742, 0.6145, 19336
743, 0.6145, 19355
744, 0.6147, 19373
745, 0.6146, 19392
746, 0.6149, 19411
747, 0.6152, 19430
748, 0.6152, 19449
749, 0.6154, 19468
750, 0.6154, 19487
751, 0.6151, 19506
752, 0.6159, 19525
753, 0.6155, 19544
754, 0.6161, 19563
755, 0.6159, 19582
756, 0.616, 19601
757, 0.6162, 19620
758, 0.6163, 19640
759, 0.6164, 19659
760, 0.6165, 19678
761, 0.617, 19697
762, 0.6168, 19716
763, 0.6168, 19735
764, 0.6172, 19754
765, 0.6172, 19773
766, 0.6178, 19792
767, 0.6181, 19811
768, 0.6187, 19830
769, 0.619, 19849
770, 0.6183, 19868
771, 0.6186, 19887
772, 0.6188, 19906
773, 0.6192, 19925
774, 0.6195, 19944
775, 0.62, 19963
776, 0.6197, 19983
777, 0.6203, 20002
778, 0.6201, 20021
779, 0.6202, 20040
780, 0.6204, 20058
781, 0.6204, 20077
782, 0.6203, 20095
783, 0.62, 20115
784, 0.6205, 20134
785, 0.6201, 20152
786, 0.6208, 20171
787, 0.6209, 20190
788, 0.6206, 20209
789, 0.6209, 20228
790, 0.621, 20247
791, 0.6206, 20267
792, 0.621, 20286
793, 0.6207, 20305
794, 0.6211, 20324
795, 0.6213, 20343
796, 0.621, 20362
797, 0.621, 20381
798, 0.6219, 20400
799, 0.6217, 20419
800, 0.622, 20438
801, 0.6219, 20457
802, 0.6219, 20476
803, 0.6218, 20496
804, 0.6221, 20515
805, 0.6217, 20534
806, 0.6223, 20553
807, 0.6221, 20573
808, 0.6224, 20591
809, 0.6224, 20610
810, 0.623, 20629
811, 0.6228, 20648
812, 0.6232, 20668
813, 0.6229, 20687
814, 0.6232, 20706
815, 0.6236, 20725
816, 0.6233, 20744
817, 0.6234, 20763
818, 0.6239, 20782
819, 0.6241, 20801
820, 0.6242, 20820
821, 0.624, 20839
822, 0.6242, 20858
823, 0.6247, 20877
824, 0.6245, 20896
825, 0.6251, 20916
826, 0.6248, 20934
827, 0.6248, 20954
828, 0.6251, 20973
829, 0.6247, 20992
830, 0.6253, 21011
831, 0.6257, 21030
832, 0.6253, 21050
833, 0.6257, 21069
834, 0.6257, 21088
835, 0.6257, 21106
836, 0.6258, 21126
837, 0.6257, 21145
838, 0.6256, 21164
839, 0.6259, 21184
840, 0.6261, 21203
841, 0.6266, 21222
842, 0.6268, 21241
843, 0.627, 21260
844, 0.6271, 21279
845, 0.6273, 21299
846, 0.6275, 21318
847, 0.6276, 21337
848, 0.6278, 21356
849, 0.6274, 21375
850, 0.6279, 21395
851, 0.6282, 21413
852, 0.6281, 21433
853, 0.6285, 21452
854, 0.6289, 21471
855, 0.6288, 21491
856, 0.6289, 21509
857, 0.6289, 21529
858, 0.6287, 21548
859, 0.6288, 21567
860, 0.6293, 21586
861, 0.6289, 21605
862, 0.6294, 21623
863, 0.6295, 21642
864, 0.6295, 21661
865, 0.6293, 21680
866, 0.629, 21699
867, 0.6292, 21718
868, 0.629, 21737
869, 0.6292, 21756
870, 0.6292, 21775
871, 0.6297, 21794
872, 0.6296, 21813
873, 0.6295, 21832
874, 0.6295, 21851
875, 0.6294, 21870
876, 0.6295, 21889
877, 0.6295, 21908
878, 0.6292, 21927
879, 0.63, 21946
880, 0.6298, 21965
881, 0.6302, 21984
882, 0.6301, 22003
883, 0.6304, 22022
884, 0.6306, 22041
885, 0.6305, 22060
886, 0.6307, 22079
887, 0.6308, 22098
888, 0.6311, 22117
889, 0.6314, 22136
890, 0.6313, 22155
891, 0.6315, 22174
892, 0.6315, 22193
893, 0.6315, 22212
894, 0.6313, 22231
895, 0.6308, 22251
896, 0.6312, 22269
897, 0.6309, 22289
898, 0.6309, 22308
899, 0.6312, 22327
900, 0.6311, 22346
901, 0.6314, 22365
902, 0.6317, 22384
903, 0.6317, 22404
904, 0.6316, 22423
905, 0.6317, 22442
906, 0.6316, 22461
907, 0.6318, 22480
908, 0.6318, 22499
909, 0.632, 22518
910, 0.6322, 22537
911, 0.6324, 22556
912, 0.6325, 22575
913, 0.6324, 22594
914, 0.633, 22613
915, 0.633, 22632
916, 0.6331, 22651
917, 0.6331, 22670
918, 0.6329, 22689
919, 0.6328, 22708
920, 0.6331, 22727
921, 0.6329, 22746
922, 0.6334, 22765
923, 0.6328, 22784
924, 0.6329, 22804
925, 0.6333, 22823
926, 0.6329, 22842
927, 0.6332, 22861
928, 0.633, 22880
929, 0.6329, 22899
930, 0.6331, 22918
931, 0.6329, 22937
932, 0.6331, 22955
933, 0.6332, 22975
934, 0.6335, 22993
935, 0.6333, 23013
936, 0.6336, 23032
937, 0.6331, 23051
938, 0.6336, 23069
939, 0.6334, 23089
940, 0.6341, 23108
941, 0.6343, 23127
942, 0.6346, 23146
943, 0.6344, 23165
944, 0.6347, 23184
945, 0.6346, 23203
946, 0.6346, 23222
947, 0.635, 23241
948, 0.6355, 23260
949, 0.6353, 23279
950, 0.6354, 23298
951, 0.6351, 23316
952, 0.6353, 23336
953, 0.6355, 23354
954, 0.6362, 23373
955, 0.6352, 23392
956, 0.6361, 23411
957, 0.6366, 23430
958, 0.6362, 23449
959, 0.6366, 23468
960, 0.6366, 23486
961, 0.6365, 23505
962, 0.6362, 23525
963, 0.6367, 23544
964, 0.6364, 23563
965, 0.6364, 23582
966, 0.6363, 23601
967, 0.6364, 23620
968, 0.6363, 23639
969, 0.6367, 23658
970, 0.6364, 23677
971, 0.6363, 23696
972, 0.6363, 23715
973, 0.6366, 23735
974, 0.6364, 23754
975, 0.6364, 23773
976, 0.6365, 23792
977, 0.6363, 23811
978, 0.6368, 23830
979, 0.6363, 23849
980, 0.6365, 23869
981, 0.6368, 23888
982, 0.6367, 23907
983, 0.637, 23926
984, 0.6368, 23945
985, 0.6369, 23963
986, 0.6368, 23982
987, 0.6372, 24002
988, 0.6374, 24021
989, 0.6371, 24039
990, 0.6372, 24058
991, 0.637, 24077
992, 0.6371, 24096
993, 0.6371, 24115
994, 0.637, 24134
995, 0.6373, 24153
996, 0.6375, 24172
997, 0.6379, 24191
998, 0.6377, 24210
999, 0.6377, 24229
1000, 0.6377, 24248
1001, 0.638, 24267
1002, 0.6381, 24286
1003, 0.6382, 24304
1004, 0.6382, 24323
1005, 0.6382, 24342
1006, 0.6384, 24362
1007, 0.6384, 24380
1008, 0.6386, 24399
1009, 0.6385, 24418
1010, 0.6387, 24438
1011, 0.639, 24457
1012, 0.6388, 24475
1013, 0.6391, 24494
1014, 0.6387, 24513
1015, 0.639, 24532
1016, 0.6391, 24551
1017, 0.6391, 24569
1018, 0.6393, 24589
1019, 0.6392, 24607
1020, 0.6393, 24626
1021, 0.6395, 24645
1022, 0.6392, 24664
1023, 0.6395, 24683
1024, 0.6392, 24703
1025, 0.6395, 24721
1026, 0.6389, 24740
1027, 0.6393, 24760
1028, 0.6391, 24779
1029, 0.639, 24798
1030, 0.6387, 24817
1031, 0.6394, 24836
1032, 0.639, 24855
1033, 0.6393, 24874
1034, 0.6392, 24893
1035, 0.6396, 24912
1036, 0.6395, 24931
1037, 0.6393, 24950
1038, 0.6395, 24970
1039, 0.6396, 24988
1040, 0.6394, 25007
1041, 0.6392, 25026
1042, 0.6395, 25045
1043, 0.6392, 25064
1044, 0.6392, 25083
1045, 0.6392, 25102
1046, 0.6391, 25121
1047, 0.639, 25140
1048, 0.6391, 25159
1049, 0.6395, 25178
1050, 0.6396, 25197
1051, 0.6393, 25216
1052, 0.6394, 25236
1053, 0.6392, 25255
1054, 0.6393, 25274
1055, 0.6397, 25293
1056, 0.6398, 25312
1057, 0.6399, 25331
1058, 0.6395, 25350
1059, 0.6398, 25370
1060, 0.6392, 25389
1061, 0.6396, 25408
1062, 0.6397, 25427
1063, 0.6398, 25446
1064, 0.6399, 25465
1065, 0.6399, 25484
1066, 0.6397, 25503
1067, 0.6396, 25522
1068, 0.6405, 25541
1069, 0.6403, 25560
1070, 0.64, 25579
1071, 0.6397, 25599
1072, 0.6402, 25618
1073, 0.6402, 25637
1074, 0.6403, 25656
1075, 0.6406, 25676
1076, 0.6402, 25695
1077, 0.6406, 25714
1078, 0.6408, 25733
1079, 0.6403, 25752
1080, 0.6407, 25771
1081, 0.6407, 25790
1082, 0.6405, 25809
1083, 0.641, 25828
1084, 0.6413, 25847
1085, 0.641, 25866
1086, 0.641, 25885
1087, 0.6413, 25904
1088, 0.6415, 25924
1089, 0.6407, 25943
1090, 0.6409, 25963
1091, 0.6407, 25982
1092, 0.6406, 26001
1093, 0.6405, 26020
1094, 0.6408, 26039
1095, 0.6406, 26058
1096, 0.641, 26078
1097, 0.6411, 26097
1098, 0.6407, 26115
1099, 0.6414, 26134
1100, 0.6411, 26153
1101, 0.6414, 26172
1102, 0.641, 26191
1103, 0.6414, 26210
1104, 0.6415, 26229
1105, 0.6419, 26248
1106, 0.6419, 26267
1107, 0.6418, 26286
1108, 0.6424, 26305
1109, 0.6421, 26324
1110, 0.6426, 26344
1111, 0.6424, 26363
1112, 0.6424, 26383
1113, 0.6426, 26402
1114, 0.6431, 26422
1115, 0.6432, 26441
1116, 0.6427, 26459
1117, 0.6433, 26478
1118, 0.6427, 26497
1119, 0.6427, 26516
1120, 0.6431, 26536
1121, 0.6427, 26554
1122, 0.6427, 26574
1123, 0.6429, 26593
1124, 0.6431, 26612
1125, 0.6427, 26631
1126, 0.6428, 26650
1127, 0.6428, 26670
1128, 0.6431, 26689
1129, 0.6431, 26708
1130, 0.6432, 26727
1131, 0.643, 26746
1132, 0.6434, 26765
1133, 0.6434, 26784
1134, 0.6436, 26803
1135, 0.643, 26822
1136, 0.6432, 26841
1137, 0.643, 26860
1138, 0.6437, 26879
1139, 0.6433, 26898
1140, 0.6435, 26917
1141, 0.6434, 26937
1142, 0.6434, 26956
1143, 0.6433, 26975
1144, 0.643, 26994
1145, 0.6429, 27013
1146, 0.6434, 27033
1147, 0.6433, 27052
1148, 0.6433, 27072
1149, 0.6429, 27091
1150, 0.6436, 27110
1151, 0.6434, 27129
1152, 0.6433, 27148
1153, 0.6434, 27167
1154, 0.6437, 27186
1155, 0.6434, 27206
1156, 0.6437, 27224
1157, 0.6437, 27243
1158, 0.6436, 27262
1159, 0.6436, 27281
1160, 0.6436, 27301
1161, 0.6438, 27319
1162, 0.6434, 27339
1163, 0.6435, 27358
1164, 0.6435, 27377
1165, 0.6438, 27396
1166, 0.6432, 27415
1167, 0.6432, 27434
1168, 0.6432, 27453
1169, 0.6434, 27472
1170, 0.643, 27491
1171, 0.6425, 27510
1172, 0.6428, 27529
1173, 0.643, 27548
1174, 0.6427, 27568
1175, 0.6426, 27586
1176, 0.6431, 27605
1177, 0.6423, 27624
1178, 0.6426, 27643
1179, 0.6425, 27662
1180, 0.6426, 27681
1181, 0.6424, 27700
1182, 0.6422, 27719
1183, 0.6427, 27738
1184, 0.6424, 27757
1185, 0.6426, 27776
1186, 0.6424, 27796
1187, 0.6425, 27815
1188, 0.6421, 27834
1189, 0.6428, 27853
1190, 0.6424, 27872
1191, 0.6419, 27891
1192, 0.6425, 27910
1193, 0.6417, 27930
1194, 0.6422, 27949
1195, 0.6417, 27968
1196, 0.642, 27987
1197, 0.6423, 28006
1198, 0.6422, 28025
1199, 0.6423, 28044
1200, 0.642, 28063
1201, 0.642, 28082
1202, 0.6422, 28102
1203, 0.642, 28121
1204, 0.642, 28140
1205, 0.6422, 28159
1206, 0.6424, 28178
1207, 0.6419, 28197
1208, 0.6419, 28216
1209, 0.6419, 28235
1210, 0.6419, 28254
1211, 0.6424, 28273
1212, 0.6421, 28292
1213, 0.6421, 28311
1214, 0.6419, 28331
1215, 0.6421, 28350
1216, 0.6419, 28369
1217, 0.6418, 28388
1218, 0.6416, 28406
1219, 0.6416, 28426
1220, 0.6413, 28445
1221, 0.6418, 28464
1222, 0.6412, 28483
1223, 0.6409, 28502
1224, 0.6413, 28521
1225, 0.6408, 28540
1226, 0.641, 28559
1227, 0.6408, 28578
1228, 0.6405, 28597
1229, 0.6406, 28616
1230, 0.6409, 28635
1231, 0.6405, 28654
1232, 0.6412, 28673
1233, 0.6406, 28692
1234, 0.6408, 28712
1235, 0.6409, 28731
1236, 0.641, 28750
1237, 0.6408, 28771
1238, 0.6407, 28792
1239, 0.6409, 28811
1240, 0.6408, 28831
1241, 0.6406, 28851
1242, 0.6409, 28871
1243, 0.6407, 28890
1244, 0.6409, 28909
1245, 0.6409, 28928
1246, 0.6412, 28947
1247, 0.6411, 28966
1248, 0.6412, 28986
1249, 0.6415, 29005
1250, 0.6418, 29024
1251, 0.6417, 29043
1252, 0.642, 29062
1253, 0.6421, 29081
1254, 0.6419, 29101
1255, 0.6417, 29119
1256, 0.6421, 29138
1257, 0.6421, 29157
1258, 0.6419, 29176
1259, 0.6415, 29196
1260, 0.6422, 29215
1261, 0.6418, 29234
1262, 0.6423, 29253
1263, 0.6419, 29272
1264, 0.6423, 29291
1265, 0.6426, 29310
1266, 0.6422, 29329
1267, 0.6422, 29348
1268, 0.6425, 29367
1269, 0.6421, 29386
1270, 0.6424, 29405
1271, 0.6422, 29424
1272, 0.642, 29444
1273, 0.6423, 29463
1274, 0.6426, 29482
1275, 0.6423, 29501
1276, 0.6424, 29520
1277, 0.6427, 29539
1278, 0.6431, 29558
1279, 0.6427, 29577
1280, 0.6428, 29597
1281, 0.6429, 29616
1282, 0.6428, 29635
1283, 0.6426, 29654
1284, 0.6428, 29673
1285, 0.6428, 29693
1286, 0.6428, 29711
1287, 0.643, 29730
1288, 0.6435, 29749
1289, 0.6429, 29768
1290, 0.6426, 29787
1291, 0.6426, 29806
1292, 0.6429, 29825
1293, 0.6427, 29844
1294, 0.6423, 29864
1295, 0.6424, 29882
1296, 0.6425, 29902
1297, 0.6422, 29921
1298, 0.6427, 29940
1299, 0.6428, 29959
1300, 0.6425, 29978
1301, 0.6429, 29997
1302, 0.6427, 30016
1303, 0.6424, 30035
1304, 0.6427, 30054
1305, 0.6429, 30073
1306, 0.6425, 30093
1307, 0.6429, 30112
1308, 0.643, 30131
1309, 0.6431, 30150
1310, 0.6433, 30169
1311, 0.6433, 30188
1312, 0.6431, 30207
1313, 0.6435, 30226
1314, 0.6435, 30245
1315, 0.6432, 30264
1316, 0.6436, 30283
1317, 0.6431, 30302
1318, 0.6433, 30321
1319, 0.6434, 30340
1320, 0.6433, 30359
1321, 0.6439, 30378
1322, 0.6436, 30396
1323, 0.6438, 30416
1324, 0.6432, 30434
1325, 0.6439, 30454
1326, 0.6437, 30473
1327, 0.6433, 30492
1328, 0.6432, 30510
1329, 0.6434, 30529
1330, 0.643, 30548
1331, 0.6435, 30567
1332, 0.6432, 30586
1333, 0.6434, 30605
1334, 0.6435, 30624
1335, 0.6432, 30643
1336, 0.6432, 30662
1337, 0.6437, 30680
1338, 0.6435, 30700
1339, 0.6432, 30719
1340, 0.6427, 30737
1341, 0.6427, 30756
1342, 0.6431, 30776
1343, 0.643, 30795
1344, 0.6433, 30814
1345, 0.6429, 30833
1346, 0.6434, 30852
1347, 0.6425, 30871
1348, 0.6431, 30890
1349, 0.6432, 30909
1350, 0.6431, 30928
1351, 0.6429, 30947
1352, 0.6433, 30965
1353, 0.6432, 30984
1354, 0.6427, 31003
1355, 0.643, 31023
1356, 0.6432, 31041
1357, 0.6431, 31060
1358, 0.6433, 31079
1359, 0.6433, 31098
1360, 0.643, 31117
1361, 0.6429, 31136
1362, 0.6432, 31155
1363, 0.6431, 31174
1364, 0.6433, 31193
1365, 0.6432, 31212
1366, 0.6434, 31231
1367, 0.6431, 31249
1368, 0.6435, 31268
1369, 0.6431, 31287
1370, 0.6434, 31306
1371, 0.6432, 31325
1372, 0.6436, 31344
1373, 0.6428, 31362
1374, 0.6432, 31382
1375, 0.6434, 31401
1376, 0.6429, 31420
1377, 0.6435, 31438
1378, 0.643, 31458
1379, 0.6435, 31476
1380, 0.6434, 31496
1381, 0.6432, 31515
1382, 0.643, 31534
1383, 0.6433, 31553
1384, 0.6429, 31572
1385, 0.6432, 31591
1386, 0.6431, 31611
1387, 0.6425, 31629
1388, 0.6436, 31648
1389, 0.6428, 31668
1390, 0.6435, 31686
1391, 0.6434, 31706
1392, 0.6437, 31725
1393, 0.6435, 31743
1394, 0.6435, 31762
1395, 0.6437, 31781
1396, 0.6438, 31799
1397, 0.6437, 31818
1398, 0.6436, 31837
1399, 0.6435, 31856
1400, 0.6442, 31876
1401, 0.6444, 31895
1402, 0.6442, 31914
1403, 0.6447, 31933
1404, 0.6441, 31952
1405, 0.6446, 31971
1406, 0.644, 31990
1407, 0.6443, 32009
1408, 0.6444, 32028
1409, 0.6444, 32047
1410, 0.6439, 32066
1411, 0.644, 32085
1412, 0.6438, 32104
1413, 0.6437, 32123
1414, 0.6435, 32142
1415, 0.6432, 32161
1416, 0.643, 32180
1417, 0.6423, 32199
1418, 0.6424, 32218
1419, 0.6423, 32237
1420, 0.6424, 32256
1421, 0.6424, 32275
1422, 0.6418, 32294
1423, 0.6421, 32313
1424, 0.6423, 32332
1425, 0.6419, 32351
1426, 0.6419, 32371
1427, 0.642, 32389
1428, 0.6415, 32408
1429, 0.6415, 32427
1430, 0.6415, 32446
1431, 0.6417, 32465
1432, 0.6415, 32484
1433, 0.6411, 32503
1434, 0.6416, 32522
1435, 0.6412, 32541
1436, 0.6416, 32560
1437, 0.6411, 32579
1438, 0.6411, 32598
1439, 0.6411, 32617
1440, 0.6408, 32636
1441, 0.6414, 32656
1442, 0.6409, 32675
1443, 0.6409, 32694
1444, 0.6412, 32712
1445, 0.6408, 32731
1446, 0.6407, 32750
1447, 0.6405, 32769
1448, 0.6406, 32788
1449, 0.6404, 32806
1450, 0.6405, 32825
1451, 0.6403, 32844
1452, 0.6406, 32863
1453, 0.6401, 32882
1454, 0.6398, 32901
1455, 0.6403, 32921
1456, 0.6401, 32939
1457, 0.64, 32958
1458, 0.6398, 32977
1459, 0.6395, 32996
1460, 0.6397, 33015
1461, 0.6394, 33034
1462, 0.6395, 33053
1463, 0.6393, 33072
1464, 0.6394, 33091
1465, 0.639, 33110
1466, 0.6392, 33129
1467, 0.6388, 33148
1468, 0.6393, 33167
1469, 0.6395, 33186
1470, 0.6398, 33205
1471, 0.6395, 33224
1472, 0.6395, 33243
1473, 0.6398, 33262
1474, 0.6395, 33282
1475, 0.6395, 33301
1476, 0.6394, 33320
1477, 0.6393, 33339
1478, 0.6392, 33358
1479, 0.6392, 33377
1480, 0.6391, 33395
1481, 0.6392, 33415
1482, 0.6388, 33434
1483, 0.6389, 33453
1484, 0.6387, 33472
1485, 0.6387, 33491
1486, 0.6386, 33510
1487, 0.6387, 33529
1488, 0.6384, 33548
1489, 0.6388, 33567
1490, 0.6385, 33586
1491, 0.6386, 33605
1492, 0.6385, 33623
1493, 0.6384, 33642
1494, 0.6382, 33662
1495, 0.6382, 33681
1496, 0.6381, 33700
1497, 0.6378, 33719
1498, 0.6377, 33738
1499, 0.6378, 33757
1500, 0.6375, 33776
1501, 0.6375, 33795
1502, 0.6375, 33814
1503, 0.637, 33833
1504, 0.6374, 33852
1505, 0.6377, 33871
1506, 0.6372, 33889
1507, 0.6375, 33909
1508, 0.6376, 33928
1509, 0.6374, 33946
1510, 0.6378, 33965
1511, 0.6382, 33984
1512, 0.6375, 34003
1513, 0.6381, 34022
1514, 0.6378, 34041
1515, 0.638, 34060
1516, 0.6379, 34079
1517, 0.6379, 34098
1518, 0.6378, 34117
1519, 0.6378, 34136
1520, 0.6373, 34154
1521, 0.6376, 34173
1522, 0.6373, 34192
1523, 0.6381, 34211
1524, 0.6379, 34230
1525, 0.6377, 34249
1526, 0.6374, 34268
1527, 0.6377, 34287
1528, 0.6377, 34306
1529, 0.6379, 34324
1530, 0.6381, 34344
1531, 0.6378, 34363
1532, 0.638, 34382
1533, 0.638, 34401
1534, 0.6381, 34420
1535, 0.6375, 34439
1536, 0.6378, 34458
1537, 0.6376, 34477
1538, 0.6375, 34496
1539, 0.6373, 34515
1540, 0.6374, 34534
1541, 0.6377, 34553
1542, 0.6378, 34572
1543, 0.6374, 34592
1544, 0.6379, 34611
1545, 0.6374, 34630
1546, 0.6374, 34648
1547, 0.6372, 34667
1548, 0.6372, 34686
1549, 0.6372, 34706
1550, 0.6372, 34725
1551, 0.6373, 34744
1552, 0.6373, 34763
1553, 0.6372, 34782
1554, 0.6374, 34801
1555, 0.6375, 34820
1556, 0.6379, 34839
1557, 0.6375, 34858
1558, 0.6374, 34877
1559, 0.6375, 34896
1560, 0.6378, 34915
1561, 0.6372, 34934
1562, 0.637, 34953
1563, 0.6369, 34972
1564, 0.6374, 34991
1565, 0.6375, 35010
1566, 0.6369, 35030
1567, 0.6373, 35049
1568, 0.6374, 35068
1569, 0.6368, 35086
1570, 0.6373, 35106
1571, 0.637, 35125
1572, 0.6372, 35144
1573, 0.6369, 35163
1574, 0.6369, 35182
1575, 0.6378, 35202
1576, 0.6373, 35221
1577, 0.6375, 35240
1578, 0.6373, 35259
1579, 0.6377, 35278
1580, 0.6374, 35297
1581, 0.6375, 35316
1582, 0.6375, 35335
1583, 0.6374, 35355
1584, 0.6379, 35374
1585, 0.6379, 35393
1586, 0.6377, 35412
1587, 0.6381, 35432
1588, 0.6378, 35451
1589, 0.6379, 35470
1590, 0.6383, 35489
1591, 0.638, 35507
1592, 0.638, 35526
1593, 0.638, 35545
1594, 0.6387, 35564
1595, 0.6381, 35584
1596, 0.6379, 35603
1597, 0.6378, 35622
1598, 0.6387, 35641
1599, 0.6374, 35660
1600, 0.6381, 35679
1601, 0.638, 35698
1602, 0.6382, 35717
1603, 0.638, 35736
1604, 0.6383, 35755
1605, 0.638, 35774
1606, 0.6376, 35793
1607, 0.6377, 35812
1608, 0.6379, 35831
1609, 0.6381, 35850
1610, 0.6377, 35870
1611, 0.6376, 35889
1612, 0.6379, 35908
1613, 0.6376, 35926
1614, 0.6378, 35946
1615, 0.6374, 35965
1616, 0.6378, 35984
1617, 0.6379, 36003
1618, 0.6379, 36022
1619, 0.6378, 36042
1620, 0.6378, 36061
1621, 0.6379, 36080
1622, 0.6373, 36099
1623, 0.6377, 36118
1624, 0.6373, 36137
1625, 0.6374, 36155
1626, 0.6378, 36175
1627, 0.6375, 36194
1628, 0.6381, 36213
1629, 0.6375, 36233
1630, 0.6379, 36252
1631, 0.6377, 36271
1632, 0.6377, 36290
1633, 0.6377, 36308
1634, 0.6378, 36328
1635, 0.6377, 36347
1636, 0.6376, 36366
1637, 0.6378, 36385
1638, 0.6377, 36404
1639, 0.6382, 36423
1640, 0.6374, 36442
1641, 0.6381, 36462
1642, 0.6372, 36481
1643, 0.6376, 36500
1644, 0.6373, 36519
1645, 0.6374, 36538
1646, 0.6368, 36557
1647, 0.637, 36576
1648, 0.6371, 36595
1649, 0.6369, 36614
1650, 0.6369, 36634
1651, 0.6369, 36653
1652, 0.6371, 36672
1653, 0.6369, 36691
1654, 0.6375, 36710
1655, 0.6372, 36729
1656, 0.6372, 36748
1657, 0.6369, 36768
1658, 0.6371, 36787
1659, 0.6372, 36806
1660, 0.6366, 36825
1661, 0.6368, 36844
1662, 0.6366, 36864
1663, 0.637, 36883
1664, 0.6366, 36902
1665, 0.6364, 36922
1666, 0.6365, 36941
1667, 0.636, 36960
1668, 0.6362, 36978
1669, 0.6361, 36998
1670, 0.6362, 37017
1671, 0.6363, 37036
1672, 0.636, 37054
1673, 0.636, 37074
1674, 0.6364, 37093
1675, 0.6361, 37112
1676, 0.6361, 37131
1677, 0.6359, 37150
1678, 0.6363, 37169
1679, 0.6361, 37188
1680, 0.6358, 37207
1681, 0.6357, 37226
1682, 0.6358, 37245
1683, 0.6357, 37264
1684, 0.6358, 37282
1685, 0.635, 37301
1686, 0.6356, 37320
1687, 0.6357, 37339
1688, 0.6357, 37358
1689, 0.6357, 37377
1690, 0.6356, 37396
1691, 0.6353, 37415
1692, 0.6356, 37434
1693, 0.6357, 37453
1694, 0.6356, 37472
1695, 0.6356, 37491
1696, 0.6359, 37510
1697, 0.6351, 37529
1698, 0.6354, 37548
1699, 0.6354, 37567
1700, 0.6357, 37586
1701, 0.6355, 37605
1702, 0.635, 37624
1703, 0.6348, 37643
1704, 0.6354, 37662
1705, 0.6352, 37681
1706, 0.6352, 37700
1707, 0.6352, 37719
1708, 0.6351, 37738
1709, 0.635, 37757
1710, 0.6353, 37775
1711, 0.6353, 37794
1712, 0.6354, 37813
1713, 0.6351, 37832
1714, 0.6352, 37851
1715, 0.6349, 37870
1716, 0.6352, 37890
1717, 0.6353, 37909
1718, 0.6352, 37928
1719, 0.6355, 37947
1720, 0.6352, 37965
1721, 0.6356, 37985
1722, 0.6353, 38004
1723, 0.6353, 38023
1724, 0.6352, 38042
1725, 0.6351, 38061
1726, 0.6355, 38080
1727, 0.6354, 38099
1728, 0.6351, 38118
1729, 0.6355, 38137
1730, 0.6354, 38156
1731, 0.6351, 38175
1732, 0.6353, 38194
1733, 0.6352, 38213
1734, 0.6352, 38232
1735, 0.6346, 38252
1736, 0.6349, 38271
1737, 0.6351, 38290
1738, 0.6353, 38309
1739, 0.6355, 38327
1740, 0.6356, 38346
1741, 0.6355, 38365
1742, 0.6355, 38384
1743, 0.6361, 38403
1744, 0.6357, 38422
1745, 0.6358, 38441
1746, 0.6357, 38460
1747, 0.6356, 38479
1748, 0.6356, 38498
1749, 0.6356, 38517
1750, 0.6351, 38536
1751, 0.6356, 38555
1752, 0.6356, 38574
1753, 0.6356, 38592
1754, 0.6357, 38612
1755, 0.6355, 38631
1756, 0.6356, 38649
1757, 0.6347, 38669
1758, 0.6353, 38688
1759, 0.635, 38707
1760, 0.6343, 38726
1761, 0.6347, 38745
1762, 0.6348, 38764
1763, 0.6346, 38783
1764, 0.6352, 38802
1765, 0.635, 38821
1766, 0.635, 38840
1767, 0.6349, 38859
1768, 0.6348, 38877
1769, 0.6351, 38896
1770, 0.6353, 38915
1771, 0.6355, 38935
1772, 0.6348, 38954
1773, 0.6357, 38973
1774, 0.6353, 38992
1775, 0.635, 39011
1776, 0.6354, 39030
1777, 0.6352, 39049
1778, 0.6353, 39068
1779, 0.6352, 39087
1780, 0.6348, 39106
1781, 0.6349, 39125
1782, 0.6348, 39144
1783, 0.635, 39163
1784, 0.6348, 39182
1785, 0.6351, 39201
1786, 0.6347, 39220
1787, 0.6345, 39240
1788, 0.6352, 39260
1789, 0.6345, 39279
1790, 0.635, 39299
1791, 0.6346, 39318
1792, 0.6349, 39337
1793, 0.6346, 39356
1794, 0.6347, 39375
1795, 0.6341, 39394
1796, 0.6346, 39413
1797, 0.6344, 39432
1798, 0.6336, 39452
1799, 0.6344, 39470
1800, 0.634, 39489
1801, 0.634, 39508
1802, 0.6342, 39527
1803, 0.6343, 39546
1804, 0.6338, 39565
1805, 0.6338, 39584
1806, 0.6341, 39603
1807, 0.6338, 39622
1808, 0.634, 39641
1809, 0.634, 39660
1810, 0.6341, 39680
1811, 0.6339, 39699
1812, 0.6337, 39718
1813, 0.6335, 39737
1814, 0.6335, 39756
1815, 0.6331, 39775
1816, 0.6333, 39794
1817, 0.6333, 39813
1818, 0.6332, 39831
1819, 0.6327, 39850
1820, 0.6334, 39869
1821, 0.633, 39888
1822, 0.6329, 39908
1823, 0.6332, 39926
1824, 0.633, 39945
1825, 0.6336, 39964
1826, 0.6328, 39983
1827, 0.6339, 40002
1828, 0.6332, 40021
1829, 0.6332, 40040
1830, 0.6331, 40059
1831, 0.6335, 40078
1832, 0.633, 40097
1833, 0.6342, 40116
1834, 0.6331, 40135
1835, 0.6331, 40154
1836, 0.6329, 40172
1837, 0.6334, 40191
1838, 0.6334, 40210
1839, 0.6339, 40229
1840, 0.6333, 40248
1841, 0.6337, 40267
1842, 0.6337, 40286
1843, 0.6326, 40305
1844, 0.6321, 40324
1845, 0.6326, 40343
1846, 0.6328, 40362
1847, 0.6329, 40381
1848, 0.6322, 40399
1849, 0.6326, 40418
1850, 0.633, 40437
1851, 0.6333, 40456
1852, 0.6326, 40476
1853, 0.633, 40495
1854, 0.633, 40515
1855, 0.6331, 40534
1856, 0.6326, 40553
1857, 0.6327, 40572
1858, 0.6326, 40591
1859, 0.6321, 40610
1860, 0.6324, 40629
1861, 0.6327, 40648
1862, 0.6323, 40667
1863, 0.632, 40686
1864, 0.6329, 40705
1865, 0.6327, 40724
1866, 0.6324, 40743
1867, 0.6325, 40762
1868, 0.6333, 40782
1869, 0.6325, 40801
1870, 0.6327, 40820
1871, 0.6328, 40838
1872, 0.6325, 40857
1873, 0.6323, 40876
1874, 0.6324, 40895
1875, 0.633, 40914
1876, 0.6325, 40933
1877, 0.6328, 40952
1878, 0.6329, 40971
1879, 0.6333, 40989
1880, 0.6332, 41009
1881, 0.633, 41027
1882, 0.633, 41046
1883, 0.6328, 41066
1884, 0.6329, 41085
1885, 0.6332, 41104
1886, 0.6332, 41123
1887, 0.6327, 41142
1888, 0.6325, 41161
1889, 0.6333, 41180
1890, 0.6325, 41200
1891, 0.6329, 41219
1892, 0.6325, 41237
1893, 0.6324, 41256
1894, 0.6325, 41276
1895, 0.632, 41294
1896, 0.6321, 41314
1897, 0.6323, 41333
1898, 0.6321, 41352
1899, 0.6322, 41371
1900, 0.6319, 41390
1901, 0.6317, 41409
1902, 0.632, 41428
1903, 0.6313, 41447
1904, 0.6318, 41466
1905, 0.6315, 41485
1906, 0.6319, 41504
1907, 0.6315, 41523
1908, 0.6323, 41542
1909, 0.6318, 41561
1910, 0.6318, 41581
1911, 0.6316, 41599
1912, 0.6316, 41619
1913, 0.632, 41638
1914, 0.6317, 41657
1915, 0.6319, 41676
1916, 0.6314, 41695
1917, 0.6316, 41714
1918, 0.6313, 41733
1919, 0.6316, 41752
1920, 0.6311, 41771
1921, 0.6315, 41790
1922, 0.6317, 41809
1923, 0.6316, 41828
1924, 0.6316, 41847
1925, 0.6317, 41866
1926, 0.632, 41885
1927, 0.6316, 41904
1928, 0.6319, 41923
1929, 0.6313, 41942
1930, 0.6314, 41961
1931, 0.6311, 41980
1932, 0.6315, 42000
1933, 0.6316, 42018
1934, 0.6314, 42037
1935, 0.6312, 42056
1936, 0.6308, 42075
1937, 0.6313, 42094
1938, 0.6305, 42113
1939, 0.6305, 42131
1940, 0.6304, 42150
1941, 0.6302, 42170
1942, 0.6307, 42189
1943, 0.6308, 42207
1944, 0.6303, 42226
1945, 0.6301, 42245
1946, 0.6302, 42264
1947, 0.6301, 42283
1948, 0.6298, 42302
1949, 0.6299, 42321
1950, 0.6296, 42340
1951, 0.6299, 42359
1952, 0.6297, 42378
1953, 0.6299, 42397
1954, 0.6303, 42416
1955, 0.6299, 42435
1956, 0.6296, 42454
1957, 0.6303, 42473
1958, 0.6295, 42492
1959, 0.63, 42511
1960, 0.6301, 42530
1961, 0.6293, 42550
1962, 0.63, 42569
1963, 0.6297, 42588
1964, 0.6295, 42606
1965, 0.6301, 42625
1966, 0.6294, 42644
1967, 0.6296, 42663
1968, 0.6296, 42682
1969, 0.6297, 42701
1970, 0.6299, 42720
1971, 0.63, 42740
1972, 0.6296, 42758
1973, 0.6293, 42777
1974, 0.6295, 42796
1975, 0.6291, 42815
1976, 0.6293, 42834
1977, 0.6293, 42853
1978, 0.6284, 42873
1979, 0.6281, 42892
1980, 0.6289, 42911
1981, 0.6292, 42930
1982, 0.6289, 42949
1983, 0.6286, 42968
1984, 0.6291, 42987
1985, 0.6287, 43006
1986, 0.6288, 43025
1987, 0.6283, 43044
1988, 0.6283, 43063
1989, 0.6291, 43082
1990, 0.6291, 43101
1991, 0.6287, 43120
1992, 0.6291, 43139
1993, 0.6283, 43158
1994, 0.6282, 43177
1995, 0.6284, 43196
1996, 0.6282, 43216
1997, 0.628, 43234
1998, 0.6278, 43253
1999, 0.6284, 43272
2000, 0.6281, 43291
2001, 0.6281, 43309
2002, 0.6278, 43328
2003, 0.6274, 43347
2004, 0.6277, 43367
2005, 0.6276, 43385
2006, 0.628, 43404
2007, 0.6275, 43423
2008, 0.628, 43442
2009, 0.6284, 43462
2010, 0.6278, 43481
2011, 0.6278, 43500
2012, 0.6282, 43519
2013, 0.6278, 43538
2014, 0.6284, 43556
2015, 0.6284, 43575
2016, 0.6282, 43594
2017, 0.6286, 43613
2018, 0.628, 43632
2019, 0.6283, 43651
2020, 0.628, 43670
2021, 0.6285, 43689
2022, 0.6283, 43708
2023, 0.6281, 43727
2024, 0.6282, 43746
2025, 0.6279, 43765
2026, 0.6283, 43784
2027, 0.6288, 43804
2028, 0.6284, 43823
2029, 0.6287, 43842
2030, 0.6283, 43860
2031, 0.6281, 43879
2032, 0.6285, 43898
2033, 0.6282, 43917
2034, 0.6277, 43936
2035, 0.6277, 43955
2036, 0.6281, 43975
2037, 0.6282, 43994
2038, 0.6276, 44013
2039, 0.628, 44032
2040, 0.6275, 44051
2041, 0.6282, 44070
2042, 0.6279, 44089
2043, 0.6279, 44108
2044, 0.6279, 44127
2045, 0.6285, 44146
2046, 0.6275, 44165
2047, 0.6278, 44184
2048, 0.627, 44202
2049, 0.6277, 44222
2050, 0.627, 44241
2051, 0.6273, 44260
2052, 0.6274, 44279
2053, 0.627, 44299
2054, 0.6274, 44318
2055, 0.6267, 44337
2056, 0.627, 44355
2057, 0.6268, 44374
2058, 0.6265, 44393
2059, 0.6276, 44412
2060, 0.6268, 44431
2061, 0.6267, 44450
2062, 0.6261, 44469
2063, 0.6263, 44488
2064, 0.6263, 44506
2065, 0.6267, 44526
2066, 0.6259, 44544
2067, 0.6262, 44563
2068, 0.6265, 44582
2069, 0.6263, 44601
2070, 0.627, 44620
2071, 0.626, 44640
2072, 0.6261, 44659
2073, 0.6261, 44678
2074, 0.6262, 44697
2075, 0.6261, 44716
2076, 0.6253, 44735
2077, 0.6261, 44754
2078, 0.6253, 44773
2079, 0.6259, 44792
2080, 0.6257, 44811
2081, 0.6259, 44830
2082, 0.6258, 44849
2083, 0.6258, 44868
2084, 0.6255, 44887
2085, 0.626, 44905
2086, 0.626, 44924
2087, 0.6258, 44943
2088, 0.6257, 44963
2089, 0.6257, 44982
2090, 0.6254, 45001
2091, 0.6256, 45019
2092, 0.6256, 45038
2093, 0.6256, 45058
2094, 0.6245, 45077
2095, 0.6249, 45095
2096, 0.6245, 45114
2097, 0.6253, 45133
2098, 0.6251, 45152
2099, 0.625, 45171
2100, 0.6253, 45189
2101, 0.6254, 45209
2102, 0.6252, 45228
2103, 0.6253, 45247
2104, 0.6256, 45265
2105, 0.6254, 45284
2106, 0.625, 45303
2107, 0.6253, 45323
2108, 0.6255, 45342
2109, 0.6248, 45360
2110, 0.625, 45379
2111, 0.6246, 45398
2112, 0.6248, 45417
2113, 0.625, 45436
2114, 0.6248, 45455
2115, 0.6249, 45474
2116, 0.624, 45493
2117, 0.6244, 45512
2118, 0.6244, 45531
2119, 0.6243, 45550
2120, 0.6242, 45569
2121, 0.6243, 45588
2122, 0.624, 45607
2123, 0.6242, 45626
2124, 0.6239, 45645
2125, 0.6246, 45663
2126, 0.6239, 45683
2127, 0.6244, 45701
2128, 0.624, 45720
2129, 0.6243, 45740
2130, 0.6237, 45759
2131, 0.6244, 45778
2132, 0.6241, 45797
2133, 0.6239, 45816
2134, 0.6239, 45835
2135, 0.6232, 45854
2136, 0.6234, 45873
2137, 0.6238, 45892
2138, 0.6233, 45911
2139, 0.6235, 45930
2140, 0.6236, 45949
2141, 0.6235, 45968
2142, 0.6236, 45987
2143, 0.6228, 46006
2144, 0.6237, 46025
2145, 0.6236, 46044
2146, 0.6234, 46063
2147, 0.6235, 46083
2148, 0.6237, 46102
2149, 0.6231, 46121
2150, 0.6238, 46140
2151, 0.6241, 46159
2152, 0.6241, 46178
2153, 0.6232, 46197
2154, 0.6238, 46216
2155, 0.6235, 46235
2156, 0.6241, 46254
2157, 0.6236, 46273
2158, 0.624, 46292
2159, 0.6227, 46311
2160, 0.6237, 46330
2161, 0.623, 46349
2162, 0.6232, 46368
2163, 0.6231, 46387
2164, 0.6228, 46406
2165, 0.6226, 46425
2166, 0.6219, 46443
2167, 0.623, 46462
2168, 0.6223, 46481
2169, 0.6223, 46500
2170, 0.6221, 46519
2171, 0.6224, 46538
2172, 0.6224, 46557
2173, 0.6224, 46576
2174, 0.6219, 46594
2175, 0.6224, 46613
2176, 0.6222, 46632
2177, 0.6223, 46650
2178, 0.6216, 46670
2179, 0.6226, 46688
2180, 0.6226, 46707
2181, 0.6229, 46726
2182, 0.622, 46745
2183, 0.6227, 46764
2184, 0.6224, 46784
2185, 0.6224, 46803
2186, 0.6226, 46822
2187, 0.6227, 46841
2188, 0.622, 46859
2189, 0.6224, 46878
2190, 0.6223, 46897
2191, 0.6223, 46917
2192, 0.6221, 46935
2193, 0.622, 46954
2194, 0.622, 46973
2195, 0.6222, 46992
2196, 0.6217, 47011
2197, 0.6218, 47030
2198, 0.6222, 47049
2199, 0.6213, 47068
2200, 0.6221, 47087
2201, 0.6221, 47106
2202, 0.6219, 47125
2203, 0.6219, 47144
2204, 0.6216, 47163
2205, 0.6216, 47182
2206, 0.6218, 47201
2207, 0.6211, 47220
2208, 0.6209, 47238
2209, 0.6214, 47257
2210, 0.6211, 47276
2211, 0.6205, 47295
2212, 0.6204, 47314
2213, 0.6206, 47333
2214, 0.6207, 47352
2215, 0.6199, 47372
2216, 0.6204, 47391
2217, 0.6207, 47410
2218, 0.6205, 47428
2219, 0.6208, 47448
2220, 0.6206, 47467
2221, 0.6208, 47486
2222, 0.6207, 47505
2223, 0.6206, 47523
2224, 0.6208, 47542
2225, 0.6207, 47561
2226, 0.6203, 47580
2227, 0.6205, 47599
2228, 0.6202, 47618
2229, 0.6203, 47637
2230, 0.6204, 47656
2231, 0.6205, 47675
2232, 0.6206, 47694
2233, 0.6203, 47713
2234, 0.6202, 47732
2235, 0.6211, 47750
2236, 0.6206, 47769
2237, 0.6204, 47789
2238, 0.6206, 47808
2239, 0.6205, 47827
2240, 0.6194, 47846
2241, 0.6199, 47865
2242, 0.6193, 47884
2243, 0.6201, 47903
2244, 0.6194, 47922
2245, 0.62, 47941
2246, 0.6198, 47960
2247, 0.6189, 47978
2248, 0.6195, 47997
2249, 0.6189, 48016
2250, 0.6194, 48035
2251, 0.6188, 48054
2252, 0.6189, 48074
2253, 0.6191, 48093
2254, 0.6198, 48112
2255, 0.6192, 48131
2256, 0.6191, 48150
2257, 0.6189, 48169
2258, 0.6199, 48188
2259, 0.6191, 48206
2260, 0.6189, 48226
2261, 0.619, 48244
2262, 0.6191, 48264
2263, 0.619, 48283
2264, 0.6188, 48302
2265, 0.619, 48321
2266, 0.6187, 48339
2267, 0.6186, 48358
2268, 0.6187, 48377
2269, 0.6184, 48396
2270, 0.6183, 48415
2271, 0.6186, 48434
2272, 0.618, 48452
2273, 0.6186, 48471
2274, 0.6176, 48491
2275, 0.6187, 48509
2276, 0.6181, 48528
2277, 0.6181, 48548
2278, 0.618, 48566
2279, 0.6182, 48585
2280, 0.6182, 48604
2281, 0.6184, 48623
2282, 0.6187, 48642
2283, 0.6181, 48662
2284, 0.618, 48680
2285, 0.6183, 48699
2286, 0.618, 48718
2287, 0.6181, 48737
2288, 0.6183, 48757
2289, 0.6178, 48776
2290, 0.6181, 48795
2291, 0.6179, 48814
2292, 0.6178, 48833
2293, 0.6176, 48852
2294, 0.618, 48871
2295, 0.6179, 48890
2296, 0.6187, 48908
2297, 0.6175, 48927
2298, 0.6176, 48946
2299, 0.6178, 48965
2300, 0.6179, 48984
2301, 0.6178, 49003
2302, 0.6179, 49022
2303, 0.6176, 49041
2304, 0.6176, 49060
2305, 0.6171, 49079
2306, 0.6177, 49098
2307, 0.6171, 49117
2308, 0.6176, 49137
2309, 0.6174, 49156
2310, 0.6177, 49174
2311, 0.6174, 49194
2312, 0.6176, 49212
2313, 0.6173, 49231
2314, 0.6171, 49250
2315, 0.6171, 49269
2316, 0.6175, 49288
2317, 0.6171, 49306
2318, 0.6179, 49325
2319, 0.6176, 49344
2320, 0.6175, 49363
2321, 0.6171, 49382
2322, 0.6171, 49401
2323, 0.6169, 49420
2324, 0.6173, 49439
2325, 0.6173, 49457
2326, 0.617, 49476
2327, 0.6171, 49495
2328, 0.6173, 49513
2329, 0.6171, 49532
2330, 0.6168, 49551
2331, 0.617, 49570
2332, 0.6174, 49589
2333, 0.617, 49607
2334, 0.6172, 49626
2335, 0.6171, 49645
2336, 0.6171, 49664
2337, 0.6176, 49683
2338, 0.6166, 49702
2339, 0.6172, 49721
2340, 0.6172, 49739
2341, 0.6172, 49758
2342, 0.6176, 49777
2343, 0.6179, 49796
2344, 0.6167, 49815
2345, 0.6176, 49833
2346, 0.6172, 49853
2347, 0.6174, 49871
2348, 0.6175, 49890
2349, 0.6174, 49910
2350, 0.6168, 49928
2351, 0.6167, 49947
2352, 0.6165, 49966
2353, 0.6171, 49985
2354, 0.6161, 50004
2355, 0.617, 50023
2356, 0.6166, 50042
2357, 0.6164, 50060
2358, 0.6161, 50079
2359, 0.6159, 50098
2360, 0.6158, 50117
2361, 0.6165, 50136
2362, 0.6157, 50155
2363, 0.6158, 50174
2364, 0.6161, 50193
2365, 0.6159, 50212
2366, 0.6158, 50231
2367, 0.6161, 50250
2368, 0.6159, 50269
2369, 0.6156, 50288
2370, 0.6152, 50307
2371, 0.6155, 50325
2372, 0.6156, 50344
2373, 0.615, 50363
2374, 0.6153, 50382
2375, 0.6158, 50401
2376, 0.6152, 50420
2377, 0.6156, 50440
2378, 0.615, 50458
2379, 0.6156, 50477
2380, 0.6154, 50496
2381, 0.6151, 50515
2382, 0.6155, 50534
2383, 0.6149, 50553
2384, 0.6158, 50572
2385, 0.6153, 50590
2386, 0.6156, 50610
2387, 0.6154, 50629
2388, 0.6159, 50648
2389, 0.6155, 50667
2390, 0.6151, 50686
2391, 0.6152, 50705
2392, 0.615, 50723
2393, 0.6162, 50742
2394, 0.6167, 50761
2395, 0.6157, 50780
2396, 0.6163, 50799
2397, 0.6163, 50817
2398, 0.616, 50836
2399, 0.6153, 50855
2400, 0.6156, 50874
2401, 0.6164, 50893
2402, 0.6158, 50912
2403, 0.6159, 50931
2404, 0.6155, 50950
2405, 0.6162, 50969
2406, 0.6151, 50989
2407, 0.6158, 51007
2408, 0.6154, 51026
2409, 0.6161, 51045
2410, 0.6157, 51064
2411, 0.6153, 51083
2412, 0.6153, 51102
2413, 0.6153, 51121
2414, 0.6155, 51140
2415, 0.6155, 51159
2416, 0.6153, 51178
2417, 0.6155, 51197
2418, 0.6154, 51216
2419, 0.6155, 51235
2420, 0.6157, 51253
2421, 0.6153, 51272
2422, 0.6157, 51292
2423, 0.615, 51311
2424, 0.6154, 51330
2425, 0.6151, 51349
2426, 0.6146, 51368
2427, 0.6148, 51387
2428, 0.6152, 51406
2429, 0.6151, 51425
2430, 0.6148, 51444
2431, 0.6142, 51463
2432, 0.6143, 51482
2433, 0.6141, 51501
2434, 0.6142, 51520
2435, 0.614, 51539
2436, 0.6141, 51558
2437, 0.6144, 51577
2438, 0.6139, 51596
2439, 0.6145, 51615
2440, 0.6139, 51634
2441, 0.6135, 51653
2442, 0.6138, 51672
2443, 0.6138, 51691
2444, 0.6144, 51710
2445, 0.6141, 51729
2446, 0.6141, 51748
2447, 0.6143, 51767
2448, 0.614, 51786
2449, 0.6134, 51805
2450, 0.6134, 51824
2451, 0.6127, 51843
2452, 0.6137, 51862
2453, 0.6131, 51881
2454, 0.6136, 51900
2455, 0.6134, 51919
2456, 0.613, 51937
2457, 0.6138, 51956
2458, 0.6133, 51974
2459, 0.6132, 51993
2460, 0.6131, 52012
2461, 0.613, 52031
2462, 0.6131, 52050
2463, 0.6129, 52069
2464, 0.612, 52088
2465, 0.613, 52107
2466, 0.6121, 52126
2467, 0.6124, 52145
2468, 0.6124, 52164
2469, 0.6131, 52183
2470, 0.6131, 52202
2471, 0.6125, 52221
2472, 0.6122, 52240
2473, 0.6119, 52259
2474, 0.6124, 52279
2475, 0.6121, 52297
2476, 0.6116, 52316
2477, 0.6118, 52335
2478, 0.6114, 52354
2479, 0.6122, 52372
2480, 0.6117, 52392
2481, 0.6117, 52411
2482, 0.6119, 52429
2483, 0.6127, 52448
2484, 0.6122, 52467
2485, 0.6119, 52486
2486, 0.6117, 52505
2487, 0.612, 52524
2488, 0.612, 52543
2489, 0.6119, 52562
2490, 0.6115, 52581
2491, 0.6119, 52600
2492, 0.6125, 52619
2493, 0.6126, 52638
2494, 0.6118, 52657
2495, 0.612, 52676
2496, 0.6119, 52695
2497, 0.6122, 52714
2498, 0.6118, 52733
2499, 0.6117, 52752
2500, 0.6117, 52771
2501, 0.6117, 52790
2502, 0.6114, 52809
2503, 0.6114, 52828
2504, 0.6108, 52847
2505, 0.6113, 52866
2506, 0.6111, 52885
2507, 0.6108, 52904
2508, 0.611, 52922
2509, 0.6108, 52941
2510, 0.6107, 52960
2511, 0.6111, 52979
2512, 0.6104, 52998
2513, 0.6108, 53017
2514, 0.611, 53036
2515, 0.6106, 53055
2516, 0.6106, 53074
2517, 0.6104, 53093
2518, 0.6102, 53112
2519, 0.6103, 53131
2520, 0.6108, 53150
2521, 0.6103, 53169
2522, 0.6093, 53188
2523, 0.6106, 53208
2524, 0.6102, 53227
2525, 0.6105, 53246
2526, 0.6107, 53264
2527, 0.6098, 53283
2528, 0.6105, 53301
2529, 0.611, 53320
2530, 0.6106, 53339
2531, 0.6111, 53358
2532, 0.6104, 53377
2533, 0.6108, 53396
2534, 0.6106, 53415
2535, 0.6109, 53433
2536, 0.6107, 53452
2537, 0.6104, 53471
2538, 0.6107, 53490
2539, 0.6109, 53508
2540, 0.6101, 53528
2541, 0.6104, 53547
2542, 0.6111, 53566
2543, 0.6109, 53584
2544, 0.611, 53603
2545, 0.611, 53622
2546, 0.6109, 53642
2547, 0.6111, 53661
2548, 0.6109, 53680
2549, 0.6112, 53698
2550, 0.6109, 53718
2551, 0.6109, 53737
2552, 0.6109, 53755
2553, 0.6109, 53774
2554, 0.6106, 53793
2555, 0.6107, 53813
2556, 0.6108, 53832
2557, 0.6109, 53851
2558, 0.6112, 53870
2559, 0.6104, 53889
2560, 0.6118, 53908
2561, 0.6109, 53927
2562, 0.6118, 53946
2563, 0.6118, 53965
2564, 0.6115, 53984
2565, 0.6118, 54003
2566, 0.6116, 54022
2567, 0.6115, 54041
2568, 0.6115, 54060
2569, 0.6117, 54079
2570, 0.6113, 54099
2571, 0.6115, 54117
2572, 0.6117, 54136
2573, 0.6115, 54155
2574, 0.6116, 54174
2575, 0.6107, 54193
2576, 0.6107, 54212
2577, 0.6107, 54231
2578, 0.6108, 54250
2579, 0.6108, 54269
2580, 0.6107, 54288
2581, 0.6098, 54307
2582, 0.6102, 54326
2583, 0.6109, 54344
2584, 0.6106, 54363
2585, 0.6108, 54382
2586, 0.6111, 54401
2587, 0.6111, 54421
2588, 0.6108, 54440
2589, 0.6105, 54459
2590, 0.6106, 54478
2591, 0.6106, 54497
2592, 0.6104, 54516
2593, 0.6106, 54535
2594, 0.6099, 54553
2595, 0.6102, 54572
2596, 0.6095, 54591
2597, 0.6105, 54610
2598, 0.6095, 54629
2599, 0.6097, 54648
2600, 0.6091, 54667
2601, 0.6099, 54686
2602, 0.6093, 54705
2603, 0.6095, 54724
2604, 0.6096, 54743
2605, 0.6097, 54762
2606, 0.6098, 54781
2607, 0.6101, 54800
2608, 0.6098, 54818
2609, 0.6103, 54837
2610, 0.6102, 54857
2611, 0.6097, 54876
2612, 0.6102, 54894
2613, 0.6096, 54913
2614, 0.6101, 54932
2615, 0.6101, 54951
2616, 0.6096, 54970
2617, 0.61, 54989
2618, 0.6095, 55008
2619, 0.6104, 55027
2620, 0.61, 55046
2621, 0.6103, 55065
2622, 0.6116, 55084
2623, 0.6113, 55103
2624, 0.6107, 55122
2625, 0.611, 55141
2626, 0.6112, 55160
2627, 0.611, 55180
2628, 0.6109, 55199
2629, 0.6111, 55218
2630, 0.6102, 55237
2631, 0.611, 55256
2632, 0.6104, 55275
2633, 0.6108, 55294
2634, 0.6102, 55314
2635, 0.6096, 55333
2636, 0.6107, 55352
2637, 0.6095, 55371
2638, 0.6102, 55390
2639, 0.6099, 55409
2640, 0.61, 55428
2641, 0.6102, 55447
2642, 0.6112, 55466
2643, 0.6108, 55485
2644, 0.6108, 55505
2645, 0.6108, 55524
2646, 0.6103, 55543
2647, 0.6103, 55562
2648, 0.6096, 55581
2649, 0.6103, 55600
2650, 0.6099, 55619
2651, 0.6103, 55638
2652, 0.6104, 55657
2653, 0.6102, 55676
2654, 0.6097, 55695
2655, 0.6094, 55714
2656, 0.6089, 55733
2657, 0.6087, 55752
2658, 0.6086, 55771
2659, 0.609, 55790
2660, 0.6078, 55809
2661, 0.6084, 55828
2662, 0.6084, 55847
2663, 0.6085, 55866
2664, 0.609, 55885
2665, 0.6094, 55904
2666, 0.6093, 55923
2667, 0.6098, 55943
2668, 0.6097, 55962
2669, 0.6095, 55981
2670, 0.6095, 56000
2671, 0.6099, 56019
2672, 0.6097, 56038
2673, 0.6102, 56057
2674, 0.61, 56076
2675, 0.6095, 56095
2676, 0.6093, 56114
2677, 0.6094, 56133
2678, 0.6097, 56152
2679, 0.6098, 56171
2680, 0.6099, 56190
2681, 0.6096, 56209
2682, 0.6092, 56228
2683, 0.6094, 56247
2684, 0.6091, 56265
2685, 0.6093, 56284
2686, 0.6091, 56303
2687, 0.609, 56322
2688, 0.6088, 56341
2689, 0.6087, 56360
2690, 0.6101, 56379
2691, 0.6096, 56398
2692, 0.6103, 56417
2693, 0.6099, 56436
2694, 0.6105, 56455
2695, 0.6105, 56474
2696, 0.6103, 56493
2697, 0.6106, 56512
2698, 0.6101, 56532
2699, 0.6108, 56550
2700, 0.6103, 56570
2701, 0.6099, 56589
2702, 0.6099, 56608
2703, 0.61, 56627
2704, 0.6098, 56646
2705, 0.6098, 56665
2706, 0.6094, 56684
2707, 0.6101, 56703
2708, 0.61, 56722
2709, 0.6106, 56741
2710, 0.6101, 56760
2711, 0.61, 56779
2712, 0.6099, 56798
2713, 0.6099, 56817
2714, 0.6096, 56836
2715, 0.6091, 56855
2716, 0.6091, 56875
2717, 0.6092, 56893
2718, 0.6091, 56912
2719, 0.6097, 56931
2720, 0.6099, 56950
2721, 0.6095, 56969
2722, 0.6097, 56988
2723, 0.61, 57007
2724, 0.6093, 57027
2725, 0.6085, 57046
2726, 0.6102, 57065
2727, 0.6094, 57084
2728, 0.6096, 57103
2729, 0.6102, 57122
2730, 0.6098, 57141
2731, 0.6091, 57160
2732, 0.6098, 57179
2733, 0.6101, 57198
2734, 0.6099, 57217
2735, 0.6099, 57236
2736, 0.6096, 57255
2737, 0.6096, 57274
2738, 0.6098, 57292
2739, 0.6101, 57312
2740, 0.6103, 57331
2741, 0.6095, 57350
2742, 0.6093, 57369
2743, 0.6102, 57388
2744, 0.6097, 57407
2745, 0.6091, 57426
2746, 0.6094, 57446
2747, 0.6093, 57464
2748, 0.6089, 57483
2749, 0.609, 57502
2750, 0.6092, 57521
2751, 0.609, 57540
2752, 0.6089, 57559
2753, 0.6088, 57578
2754, 0.6085, 57597
2755, 0.6093, 57616
2756, 0.608, 57636
2757, 0.6083, 57655
2758, 0.6078, 57674
2759, 0.6077, 57693
2760, 0.6081, 57712
2761, 0.608, 57730
2762, 0.6073, 57749
2763, 0.6078, 57768
2764, 0.6068, 57787
2765, 0.6071, 57806
2766, 0.6076, 57825
2767, 0.6077, 57844
2768, 0.6073, 57863
2769, 0.6078, 57882
2770, 0.6077, 57901
2771, 0.6076, 57920
2772, 0.608, 57939
2773, 0.6079, 57958
2774, 0.607, 57977
2775, 0.6077, 57996
2776, 0.6068, 58015
2777, 0.6074, 58034
2778, 0.6072, 58054
2779, 0.6073, 58073
2780, 0.6072, 58092
2781, 0.6077, 58111
2782, 0.6071, 58130
2783, 0.6073, 58149
2784, 0.6071, 58168
2785, 0.6075, 58187
2786, 0.6071, 58206
2787, 0.607, 58225
2788, 0.6075, 58244
2789, 0.6066, 58263
2790, 0.6072, 58282
2791, 0.6069, 58301
2792, 0.6073, 58320
2793, 0.6055, 58339
2794, 0.6075, 58358
2795, 0.6059, 58377
2796, 0.6069, 58396
2797, 0.6058, 58415
2798, 0.6064, 58434
2799, 0.6052, 58453
2800, 0.6064, 58472
2801, 0.6048, 58491
2802, 0.6058, 58510
2803, 0.6049, 58529
2804, 0.6059, 58548
2805, 0.6059, 58567
2806, 0.606, 58587
2807, 0.6053, 58606
2808, 0.6057, 58625
2809, 0.6052, 58644
2810, 0.6063, 58663
2811, 0.6057, 58682
2812, 0.6058, 58701
2813, 0.6058, 58720
2814, 0.6057, 58738
2815, 0.6061, 58757
2816, 0.6057, 58776
2817, 0.6064, 58795
2818, 0.606, 58814
2819, 0.6067, 58833
2820, 0.6058, 58852
2821, 0.6062, 58871
2822, 0.6063, 58891
2823, 0.6065, 58910
2824, 0.6064, 58928
2825, 0.6061, 58947
2826, 0.6067, 58967
2827, 0.6056, 58986
2828, 0.6065, 59005
2829, 0.6057, 59024
2830, 0.6059, 59043
2831, 0.6063, 59062
2832, 0.6058, 59081
2833, 0.6061, 59100
2834, 0.6062, 59119
2835, 0.6066, 59138
2836, 0.6064, 59157
2837, 0.6069, 59176
2838, 0.6069, 59195
2839, 0.6073, 59214
2840, 0.6069, 59233
2841, 0.6067, 59252
2842, 0.6066, 59271
2843, 0.6071, 59290
2844, 0.6067, 59309
2845, 0.6066, 59328
2846, 0.6067, 59347
2847, 0.6064, 59367
2848, 0.6063, 59386
2849, 0.6062, 59404
2850, 0.6064, 59423
2851, 0.6064, 59441
2852, 0.6064, 59460
2853, 0.6064, 59480
2854, 0.6065, 59499
2855, 0.6062, 59518
2856, 0.6059, 59537
2857, 0.6065, 59556
2858, 0.6059, 59575
2859, 0.6064, 59594
2860, 0.606, 59613
2861, 0.6065, 59632
2862, 0.6061, 59651
2863, 0.606, 59670
2864, 0.6064, 59688
2865, 0.6064, 59707
2866, 0.6066, 59729
2867, 0.6073, 59749
2868, 0.6065, 59768
2869, 0.6066, 59787
2870, 0.606, 59806
2871, 0.6064, 59825
2872, 0.6065, 59844
2873, 0.6065, 59863
2874, 0.6054, 59881
2875, 0.6066, 59900
2876, 0.606, 59920
2877, 0.6063, 59938
2878, 0.6054, 59957
2879, 0.6054, 59977
2880, 0.606, 59995
2881, 0.6055, 60014
2882, 0.6057, 60033
2883, 0.6058, 60053
2884, 0.6054, 60072
2885, 0.6062, 60091
2886, 0.6056, 60110
2887, 0.606, 60129
2888, 0.6056, 60148
2889, 0.6056, 60166
2890, 0.6054, 60185
2891, 0.6051, 60204
2892, 0.6052, 60224
2893, 0.6047, 60243
2894, 0.6049, 60262
2895, 0.6045, 60281
2896, 0.6048, 60300
2897, 0.6045, 60318
2898, 0.6049, 60338
2899, 0.6047, 60357
2900, 0.6045, 60376
2901, 0.6039, 60395
2902, 0.6045, 60414
2903, 0.604, 60433
2904, 0.6046, 60452
2905, 0.6046, 60471
2906, 0.6038, 60490
2907, 0.6042, 60509
2908, 0.6038, 60529
2909, 0.6043, 60548
2910, 0.604, 60567
2911, 0.6047, 60586
2912, 0.6045, 60605
2913, 0.6045, 60624
2914, 0.6039, 60643
2915, 0.6041, 60662
2916, 0.6035, 60681
2917, 0.6039, 60700
2918, 0.6033, 60719
2919, 0.6032, 60738
2920, 0.6034, 60757
2921, 0.6038, 60776
2922, 0.6038, 60795
2923, 0.6036, 60814
2924, 0.6031, 60834
2925, 0.6027, 60853
2926, 0.6027, 60872
2927, 0.6029, 60891
2928, 0.6027, 60910
2929, 0.6033, 60930
2930, 0.6034, 60948
2931, 0.6032, 60967
2932, 0.6034, 60986
2933, 0.603, 61005
2934, 0.603, 61024
2935, 0.6034, 61043
2936, 0.6027, 61062
2937, 0.603, 61081
2938, 0.6028, 61101
2939, 0.6035, 61119
2940, 0.6024, 61139
2941, 0.603, 61158
2942, 0.6021, 61177
2943, 0.6024, 61196
2944, 0.6022, 61215
2945, 0.6018, 61234
2946, 0.6011, 61253
2947, 0.6018, 61272
2948, 0.6017, 61292
2949, 0.602, 61311
2950, 0.602, 61330
2951, 0.6019, 61349
2952, 0.6019, 61368
2953, 0.6021, 61387
2954, 0.6021, 61406
2955, 0.6023, 61425
2956, 0.6015, 61445
2957, 0.602, 61463
2958, 0.602, 61482
2959, 0.602, 61502
2960, 0.6023, 61521
2961, 0.602, 61540
2962, 0.6013, 61559
2963, 0.6019, 61577
2964, 0.6014, 61597
2965, 0.6018, 61616
2966, 0.6013, 61635
2967, 0.6014, 61653
2968, 0.6015, 61673
2969, 0.6009, 61692
2970, 0.6012, 61711
2971, 0.6018, 61730
2972, 0.6015, 61750
2973, 0.6027, 61769
2974, 0.6011, 61788
2975, 0.6021, 61807
2976, 0.6018, 61825
2977, 0.6028, 61844
2978, 0.6022, 61863
2979, 0.6023, 61882
2980, 0.6023, 61901
2981, 0.6031, 61920
2982, 0.6025, 61939
2983, 0.6018, 61958
2984, 0.6037, 61977
2985, 0.6029, 61996
2986, 0.6035, 62015
2987, 0.6038, 62035
2988, 0.6034, 62054
2989, 0.6037, 62073
2990, 0.6035, 62093
2991, 0.6035, 62112
2992, 0.6032, 62131
2993, 0.6031, 62150
2994, 0.6029, 62169
2995, 0.6032, 62188
2996, 0.6028, 62207
2997, 0.603, 62226
2998, 0.6038, 62245
2999, 0.6034, 62264
3000, 0.6039, 62283
3001, 0.6035, 62302
3002, 0.6034, 62321
3003, 0.6033, 62340
3004, 0.6038, 62359
3005, 0.6034, 62378
3006, 0.604, 62397
3007, 0.6031, 62416
3008, 0.6036, 62435
3009, 0.6038, 62454
3010, 0.6036, 62473
3011, 0.6029, 62492
3012, 0.6033, 62512
3013, 0.6032, 62530
3014, 0.6028, 62549
3015, 0.6034, 62568
3016, 0.6033, 62587
3017, 0.6036, 62605
3018, 0.6035, 62625
3019, 0.6029, 62644
3020, 0.6032, 62663
3021, 0.6025, 62681
3022, 0.603, 62700
3023, 0.603, 62719
3024, 0.6029, 62738
3025, 0.6026, 62757
3026, 0.6028, 62776
3027, 0.603, 62795
3028, 0.6029, 62813
3029, 0.6038, 62832
3030, 0.6029, 62851
3031, 0.6039, 62870
3032, 0.6033, 62889
3033, 0.6039, 62908
3034, 0.6039, 62927
3035, 0.6048, 62946
3036, 0.6048, 62965
3037, 0.6053, 62984
3038, 0.6051, 63003
3039, 0.605, 63022
3040, 0.6055, 63041
3041, 0.6058, 63060
3042, 0.6067, 63079
3043, 0.6053, 63098
3044, 0.6068, 63117
3045, 0.6056, 63136
3046, 0.6063, 63155
3047, 0.6057, 63173
3048, 0.6065, 63192
3049, 0.606, 63211
3050, 0.6061, 63230
3051, 0.6056, 63249
3052, 0.6059, 63268
3053, 0.6055, 63287
3054, 0.6058, 63305
3055, 0.6052, 63324
3056, 0.6063, 63343
3057, 0.6054, 63362
3058, 0.6055, 63381
3059, 0.6049, 63400
3060, 0.6057, 63419
3061, 0.6052, 63438
3062, 0.6052, 63457
3063, 0.6051, 63476
3064, 0.605, 63495
3065, 0.6052, 63514
3066, 0.6049, 63533
3067, 0.6054, 63552
3068, 0.6055, 63571
3069, 0.6052, 63590
3070, 0.6053, 63609
3071, 0.6051, 63628
3072, 0.606, 63647
3073, 0.6055, 63666
3074, 0.6056, 63685
3075, 0.6056, 63704
3076, 0.6055, 63723
3077, 0.6058, 63741
3078, 0.6058, 63761
3079, 0.6065, 63780
3080, 0.6055, 63799
3081, 0.6064, 63818
3082, 0.6055, 63836
3083, 0.6059, 63855
3084, 0.6057, 63874
3085, 0.605, 63893
3086, 0.6052, 63912
3087, 0.6051, 63931
3088, 0.6051, 63949
3089, 0.6044, 63968
3090, 0.6053, 63988
3091, 0.6048, 64007
3092, 0.6051, 64026
3093, 0.6044, 64046
3094, 0.6048, 64065
3095, 0.6039, 64084
3096, 0.6038, 64103
3097, 0.6042, 64122
3098, 0.6043, 64141
3099, 0.604, 64160
3100, 0.6038, 64179
3101, 0.6034, 64198
3102, 0.6044, 64217
3103, 0.6039, 64236
3104, 0.6035, 64255
3105, 0.6039, 64273
3106, 0.6047, 64292
3107, 0.6039, 64311
3108, 0.6034, 64330
3109, 0.6043, 64349
3110, 0.6053, 64368
3111, 0.6051, 64387
3112, 0.6042, 64407
3113, 0.6042, 64425
3114, 0.6039, 64444
3115, 0.6035, 64464
3116, 0.604, 64482
3117, 0.6035, 64501
3118, 0.604, 64520
3119, 0.6028, 64540
3120, 0.6032, 64558
3121, 0.6023, 64578
3122, 0.6033, 64597
3123, 0.6027, 64615
3124, 0.6033, 64634
3125, 0.6029, 64653
3126, 0.6033, 64672
3127, 0.6028, 64691
3128, 0.6026, 64710
3129, 0.6031, 64729
3130, 0.6028, 64748
3131, 0.6032, 64767
3132, 0.6029, 64786
3133, 0.6036, 64805
3134, 0.6031, 64824
3135, 0.6038, 64843
3136, 0.6033, 64862
3137, 0.6038, 64881
3138, 0.6034, 64900
3139, 0.6036, 64919
3140, 0.6039, 64937
3141, 0.6032, 64956
3142, 0.6037, 64975
3143, 0.6038, 64994
3144, 0.6038, 65013
3145, 0.6035, 65032
3146, 0.6037, 65051
3147, 0.6034, 65070
3148, 0.6037, 65089
3149, 0.604, 65108
3150, 0.6034, 65127
3151, 0.6042, 65146
3152, 0.6036, 65165
3153, 0.6035, 65184
3154, 0.6034, 65203
3155, 0.604, 65222
3156, 0.6032, 65241
3157, 0.6036, 65260
3158, 0.6034, 65279
3159, 0.6031, 65298
3160, 0.6029, 65317
3161, 0.6028, 65336
3162, 0.6026, 65355
3163, 0.6021, 65374
3164, 0.6028, 65393
3165, 0.6021, 65411
3166, 0.6027, 65431
3167, 0.6017, 65450
3168, 0.6023, 65469
3169, 0.6029, 65487
3170, 0.6025, 65506
3171, 0.6024, 65525
3172, 0.6025, 65544
3173, 0.6026, 65563
3174, 0.6023, 65582
3175, 0.602, 65601
3176, 0.6019, 65620
3177, 0.6018, 65639
3178, 0.6018, 65658
3179, 0.6017, 65677
3180, 0.6016, 65696
3181, 0.6013, 65715
3182, 0.6017, 65734
3183, 0.6015, 65754
3184, 0.6013, 65773
3185, 0.6013, 65792
3186, 0.6016, 65811
3187, 0.6008, 65829
3188, 0.6016, 65848
3189, 0.6009, 65868
3190, 0.6013, 65886
3191, 0.6011, 65905
3192, 0.6011, 65924
3193, 0.6014, 65943
3194, 0.6011, 65962
3195, 0.6015, 65981
3196, 0.6015, 66000
3197, 0.6015, 66018
3198, 0.6008, 66037
3199, 0.6011, 66056
3200, 0.6011, 66075
3201, 0.6009, 66094
3202, 0.601, 66113
3203, 0.6002, 66132
3204, 0.6004, 66150
3205, 0.6003, 66169
3206, 0.5997, 66188
3207, 0.5999, 66207
3208, 0.5991, 66226
3209, 0.5992, 66245
3210, 0.5996, 66264
3211, 0.5995, 66283
3212, 0.5991, 66301
3213, 0.5998, 66320
3214, 0.5992, 66339
3215, 0.5998, 66358
3216, 0.5995, 66377
3217, 0.5993, 66396
3218, 0.5992, 66415
3219, 0.5988, 66434
3220, 0.5988, 66453
3221, 0.5992, 66473
3222, 0.5983, 66491
3223, 0.5986, 66510
3224, 0.5977, 66529
3225, 0.5981, 66548
3226, 0.5975, 66567
3227, 0.5979, 66586
3228, 0.5971, 66605
3229, 0.5975, 66624
3230, 0.5975, 66642
3231, 0.5969, 66661
3232, 0.5978, 66680
3233, 0.5972, 66699
3234, 0.5982, 66718
3235, 0.5966, 66737
3236, 0.5976, 66756
3237, 0.5963, 66775
3238, 0.5978, 66793
3239, 0.5966, 66812
3240, 0.5975, 66832
3241, 0.5975, 66851
3242, 0.5973, 66870
3243, 0.5978, 66889
3244, 0.5975, 66908
3245, 0.5979, 66926
3246, 0.5973, 66946
3247, 0.5971, 66964
3248, 0.5973, 66983
3249, 0.5972, 67003
3250, 0.5973, 67022
3251, 0.5973, 67041
3252, 0.5967, 67060
3253, 0.597, 67079
3254, 0.5963, 67098
3255, 0.5963, 67117
3256, 0.5963, 67136
3257, 0.5965, 67155
3258, 0.5964, 67174
3259, 0.5972, 67193
3260, 0.5966, 67212
3261, 0.5967, 67231
3262, 0.5973, 67250
3263, 0.5975, 67269
3264, 0.5975, 67288
3265, 0.5979, 67307
3266, 0.5977, 67327
3267, 0.5976, 67345
3268, 0.5975, 67364
3269, 0.5982, 67383
3270, 0.5986, 67402
3271, 0.5984, 67421
3272, 0.5991, 67440
3273, 0.5999, 67459
3274, 0.5991, 67478
3275, 0.5997, 67497
3276, 0.5999, 67516
3277, 0.6004, 67535
3278, 0.6003, 67554
3279, 0.6002, 67573
3280, 0.6001, 67592
3281, 0.6006, 67611
3282, 0.6006, 67631
3283, 0.6002, 67650
3284, 0.6007, 67669
3285, 0.6008, 67688
3286, 0.6012, 67707
3287, 0.601, 67726
3288, 0.6012, 67745
3289, 0.6008, 67764
3290, 0.6008, 67782
3291, 0.601, 67801
3292, 0.601, 67820
3293, 0.6015, 67839
3294, 0.6013, 67859
3295, 0.6011, 67878
3296, 0.601, 67896
3297, 0.6018, 67915
3298, 0.6012, 67934
3299, 0.601, 67953
3300, 0.6016, 67972
3301, 0.6012, 67991
3302, 0.6014, 68011
3303, 0.6013, 68029
3304, 0.6016, 68049
3305, 0.6011, 68068
3306, 0.6019, 68087
3307, 0.6019, 68106
3308, 0.6021, 68125
3309, 0.6005, 68144
3310, 0.6018, 68163
3311, 0.601, 68182
3312, 0.6017, 68200
3313, 0.6012, 68219
3314, 0.6006, 68238
3315, 0.601, 68257
3316, 0.6011, 68276
3317, 0.6009, 68295
3318, 0.6002, 68314
3319, 0.6005, 68333
3320, 0.5999, 68352
3321, 0.5992, 68371
3322, 0.5995, 68390
3323, 0.5997, 68409
3324, 0.5993, 68428
3325, 0.5992, 68447
3326, 0.5991, 68466
3327, 0.5996, 68485
3328, 0.5998, 68504
3329, 0.5999, 68523
3330, 0.5998, 68542
3331, 0.5997, 68560
3332, 0.6003, 68579
3333, 0.5998, 68598
3334, 0.6004, 68617
3335, 0.6002, 68637
3336, 0.6005, 68655
3337, 0.6003, 68674
3338, 0.6005, 68694
3339, 0.5997, 68713
3340, 0.6001, 68732
3341, 0.5997, 68751
3342, 0.5997, 68769
3343, 0.6, 68788
3344, 0.5997, 68807
3345, 0.5999, 68826
3346, 0.5992, 68845
3347, 0.6004, 68864
3348, 0.5998, 68883
3349, 0.5996, 68902
3350, 0.5995, 68921
3351, 0.5994, 68940
3352, 0.5986, 68959
3353, 0.5991, 68979
3354, 0.599, 68998
3355, 0.5991, 69017
3356, 0.5991, 69036
3357, 0.5993, 69055
3358, 0.5997, 69074
3359, 0.5991, 69093
3360, 0.5997, 69111
3361, 0.6, 69131
3362, 0.6001, 69150
3363, 0.5997, 69169
3364, 0.5999, 69188
3365, 0.6007, 69207
3366, 0.6004, 69226
3367, 0.601, 69245
3368, 0.6004, 69264
3369, 0.6007, 69284
3370, 0.6006, 69303
3371, 0.6002, 69322
3372, 0.6005, 69342
3373, 0.5998, 69360
3374, 0.6005, 69380
3375, 0.6, 69399
3376, 0.5996, 69418
3377, 0.6003, 69437
3378, 0.6002, 69456
3379, 0.6005, 69475
3380, 0.5997, 69494
3381, 0.6001, 69513
3382, 0.599, 69532
3383, 0.5993, 69551
3384, 0.5994, 69570
3385, 0.5989, 69588
3386, 0.6001, 69608
3387, 0.5991, 69627
3388, 0.5999, 69646
3389, 0.5991, 69665
3390, 0.5989, 69684
3391, 0.5999, 69703
3392, 0.5989, 69722
3393, 0.5994, 69741
3394, 0.599, 69759
3395, 0.5994, 69778
3396, 0.599, 69797
3397, 0.5988, 69816
3398, 0.5986, 69835
3399, 0.5998, 69854
3400, 0.5984, 69873
3401, 0.5997, 69892
3402, 0.5991, 69911
3403, 0.6002, 69930
3404, 0.5994, 69949
3405, 0.5998, 69969
3406, 0.6005, 69988
3407, 0.6003, 70007
3408, 0.6002, 70026
3409, 0.6001, 70045
3410, 0.5996, 70065
3411, 0.6002, 70084
3412, 0.599, 70103
3413, 0.6, 70123
3414, 0.5999, 70142
3415, 0.5996, 70161
3416, 0.5988, 70180
3417, 0.6001, 70199
3418, 0.5995, 70218
3419, 0.5998, 70237
3420, 0.5989, 70256
3421, 0.5991, 70275
3422, 0.5985, 70294
3423, 0.5998, 70313
3424, 0.5988, 70332
3425, 0.599, 70351
3426, 0.5991, 70370
3427, 0.5987, 70390
3428, 0.5994, 70409
3429, 0.5982, 70428
3430, 0.599, 70447
3431, 0.5984, 70466
3432, 0.5982, 70485
3433, 0.5982, 70504
3434, 0.5983, 70523
3435, 0.5987, 70542
3436, 0.5979, 70562
3437, 0.5982, 70581
3438, 0.5979, 70600
3439, 0.5974, 70619
3440, 0.5984, 70638
3441, 0.5992, 70657
3442, 0.5987, 70676
3443, 0.5991, 70695
3444, 0.5978, 70714
3445, 0.5996, 70733
3446, 0.599, 70752
3447, 0.5994, 70772
3448, 0.5985, 70791
3449, 0.5985, 70810
3450, 0.5992, 70828
3451, 0.5998, 70847
3452, 0.5991, 70867
3453, 0.5994, 70886
3454, 0.5993, 70905
3455, 0.599, 70924
3456, 0.5986, 70942
3457, 0.5983, 70961
3458, 0.598, 70980
3459, 0.5976, 70999
3460, 0.5984, 71018
3461, 0.5985, 71037
3462, 0.5988, 71056
3463, 0.5991, 71075
3464, 0.5998, 71095
3465, 0.5994, 71113
3466, 0.6003, 71133
3467, 0.5987, 71151
3468, 0.5995, 71171
3469, 0.5977, 71190
3470, 0.5995, 71209
3471, 0.5985, 71227
3472, 0.5991, 71247
3473, 0.5987, 71266
3474, 0.5986, 71285
3475, 0.5982, 71304
3476, 0.599, 71323
3477, 0.5983, 71342
3478, 0.5999, 71361
3479, 0.5987, 71380
3480, 0.5997, 71398
3481, 0.5994, 71417
3482, 0.5987, 71436
3483, 0.5995, 71455
3484, 0.5993, 71473
3485, 0.6, 71492
3486, 0.599, 71511
3487, 0.5998, 71530
3488, 0.599, 71549
3489, 0.6001, 71567
3490, 0.5988, 71586
3491, 0.5999, 71605
3492, 0.5987, 71624
3493, 0.5996, 71643
3494, 0.5996, 71662
3495, 0.5991, 71681
3496, 0.5995, 71700
3497, 0.5988, 71719
3498, 0.6002, 71738
3499, 0.5987, 71757
3500, 0.5994, 71776
3501, 0.5994, 71795
3502, 0.6002, 71814
3503, 0.601, 71833
3504, 0.5997, 71852
3505, 0.6014, 71871
3506, 0.6006, 71891
3507, 0.6008, 71910
3508, 0.6018, 71928
3509, 0.6009, 71947
3510, 0.6019, 71967
3511, 0.5998, 71985
3512, 0.6009, 72004
3513, 0.6008, 72023
3514, 0.6008, 72042
3515, 0.6011, 72060
3516, 0.6002, 72080
3517, 0.6011, 72099
3518, 0.6006, 72118
3519, 0.6007, 72137
3520, 0.6, 72156
3521, 0.6017, 72175
3522, 0.6, 72194
3523, 0.6022, 72213
3524, 0.6004, 72233
3525, 0.6021, 72252
3526, 0.6007, 72271
3527, 0.6014, 72290
3528, 0.6011, 72309
3529, 0.6006, 72328
3530, 0.6006, 72347
3531, 0.6025, 72366
3532, 0.6, 72385
3533, 0.6009, 72404
3534, 0.6008, 72423
3535, 0.6013, 72442
3536, 0.6004, 72461
3537, 0.6014, 72480
3538, 0.6012, 72499
3539, 0.6015, 72518
3540, 0.6011, 72537
3541, 0.6023, 72557
3542, 0.6008, 72575
3543, 0.6012, 72594
3544, 0.601, 72613
3545, 0.6006, 72632
3546, 0.6012, 72651
3547, 0.6004, 72670
3548, 0.6009, 72689
3549, 0.6009, 72709
3550, 0.601, 72727
3551, 0.601, 72746
3552, 0.6006, 72766
3553, 0.6009, 72785
3554, 0.601, 72804
3555, 0.6005, 72823
3556, 0.6001, 72842
3557, 0.6009, 72861
3558, 0.5994, 72881
3559, 0.5992, 72900
3560, 0.5997, 72919
3561, 0.6002, 72938
3562, 0.5997, 72957
3563, 0.6005, 72976
3564, 0.5995, 72994
3565, 0.5992, 73013
3566, 0.5991, 73032
3567, 0.5997, 73051
3568, 0.5985, 73070
3569, 0.5989, 73089
3570, 0.5989, 73108
3571, 0.5983, 73127
3572, 0.5988, 73147
3573, 0.5983, 73165
3574, 0.5991, 73184
3575, 0.5988, 73203
3576, 0.5999, 73223
3577, 0.5987, 73242
3578, 0.5992, 73261
3579, 0.5985, 73280
3580, 0.5985, 73298
3581, 0.5982, 73317
3582, 0.5977, 73336
3583, 0.5981, 73354
3584, 0.5976, 73374
3585, 0.5968, 73392
3586, 0.5973, 73412
3587, 0.598, 73431
3588, 0.5974, 73450
3589, 0.5992, 73469
3590, 0.5985, 73487
3591, 0.5986, 73506
3592, 0.598, 73525
3593, 0.5984, 73544
3594, 0.5992, 73563
3595, 0.5971, 73582
3596, 0.5985, 73601
3597, 0.597, 73620
3598, 0.598, 73640
3599, 0.598, 73659
3600, 0.5976, 73678
3601, 0.5982, 73696
3602, 0.5983, 73715
3603, 0.5986, 73734
3604, 0.5998, 73753
3605, 0.5984, 73772
3606, 0.5985, 73791
3607, 0.599, 73810
3608, 0.5978, 73829
3609, 0.5984, 73848
3610, 0.5979, 73867
3611, 0.5983, 73886
3612, 0.5976, 73905
3613, 0.5983, 73923
3614, 0.5984, 73943
3615, 0.598, 73962
3616, 0.5988, 73981
3617, 0.5979, 74000
3618, 0.5984, 74019
3619, 0.5984, 74038
3620, 0.5981, 74057
3621, 0.5973, 74076
3622, 0.5975, 74095
3623, 0.5983, 74114
3624, 0.5961, 74133
3625, 0.5965, 74152
3626, 0.5968, 74171
3627, 0.5964, 74191
3628, 0.5961, 74210
3629, 0.5961, 74229
3630, 0.5975, 74248
3631, 0.5967, 74266
3632, 0.5975, 74286
3633, 0.5963, 74305
3634, 0.5966, 74324
3635, 0.5962, 74344
3636, 0.5964, 74362
3637, 0.596, 74382
3638, 0.5965, 74400
3639, 0.5963, 74419
3640, 0.5959, 74438
3641, 0.5962, 74457
3642, 0.5963, 74476
3643, 0.5961, 74495
3644, 0.5969, 74515
3645, 0.5963, 74534
3646, 0.5981, 74553
3647, 0.5965, 74572
3648, 0.5979, 74592
3649, 0.5974, 74611
3650, 0.5983, 74630
3651, 0.598, 74649
3652, 0.5979, 74668
3653, 0.5979, 74687
3654, 0.5979, 74706
3655, 0.5975, 74725
3656, 0.5985, 74744
3657, 0.5975, 74764
3658, 0.5986, 74783
3659, 0.5972, 74802
3660, 0.5974, 74821
3661, 0.5979, 74839
3662, 0.597, 74858
3663, 0.5982, 74878
3664, 0.5976, 74897
3665, 0.5977, 74915
3666, 0.5969, 74934
3667, 0.597, 74953
3668, 0.5981, 74973
3669, 0.598, 74991
3670, 0.5983, 75011
3671, 0.5977, 75030
3672, 0.5985, 75049
3673, 0.5975, 75068
3674, 0.5977, 75087
3675, 0.5974, 75106
3676, 0.5984, 75125
3677, 0.5978, 75144
3678, 0.5985, 75163
3679, 0.5973, 75182
3680, 0.5978, 75201
3681, 0.5968, 75220
3682, 0.5981, 75239
3683, 0.5967, 75258
3684, 0.5973, 75277
3685, 0.5978, 75296
3686, 0.5976, 75315
3687, 0.5973, 75334
3688, 0.5982, 75354
3689, 0.5969, 75373
3690, 0.5973, 75392
3691, 0.5963, 75410
3692, 0.5967, 75430
3693, 0.596, 75449
3694, 0.5968, 75468
3695, 0.5961, 75487
3696, 0.5972, 75506
3697, 0.5954, 75525
3698, 0.5965, 75544
3699, 0.5962, 75563
3700, 0.5966, 75582
3701, 0.5956, 75601
3702, 0.5963, 75620
3703, 0.5955, 75639
3704, 0.5951, 75658
3705, 0.5958, 75677
3706, 0.5955, 75696
3707, 0.5969, 75715
3708, 0.5963, 75734
3709, 0.5969, 75753
3710, 0.5966, 75772
3711, 0.597, 75791
3712, 0.5975, 75810
3713, 0.5969, 75829
3714, 0.5973, 75848
3715, 0.5957, 75867
3716, 0.597, 75886
3717, 0.5968, 75905
3718, 0.5981, 75924
3719, 0.5979, 75943
3720, 0.5987, 75962
3721, 0.5969, 75981
3722, 0.599, 76000
3723, 0.5987, 76019
3724, 0.5992, 76038
3725, 0.5993, 76058
3726, 0.5985, 76077
3727, 0.5994, 76096
3728, 0.5989, 76115
3729, 0.5995, 76134
3730, 0.599, 76153
3731, 0.5994, 76172
3732, 0.5999, 76191
3733, 0.599, 76209
3734, 0.5992, 76228
3735, 0.5977, 76247
3736, 0.5985, 76266
3737, 0.5993, 76285
3738, 0.5987, 76304
3739, 0.5983, 76323
3740, 0.5985, 76343
3741, 0.5978, 76362
3742, 0.5987, 76381
3743, 0.5975, 76400
3744, 0.5987, 76419
3745, 0.5976, 76438
3746, 0.5973, 76457
3747, 0.5974, 76476
3748, 0.5968, 76496
3749, 0.5972, 76515
3750, 0.5984, 76534
3751, 0.5963, 76553
3752, 0.5976, 76573
3753, 0.5969, 76592
3754, 0.5979, 76611
3755, 0.5979, 76630
3756, 0.597, 76649
3757, 0.5969, 76668
3758, 0.5977, 76687
3759, 0.5968, 76706
3760, 0.5971, 76725
3761, 0.596, 76744
3762, 0.5965, 76763
3763, 0.5967, 76782
3764, 0.5965, 76802
3765, 0.5969, 76821
3766, 0.5972, 76840
3767, 0.5959, 76858
3768, 0.5962, 76877
3769, 0.5954, 76896
3770, 0.596, 76915
3771, 0.5959, 76934
3772, 0.596, 76953
3773, 0.5947, 76972
3774, 0.5956, 76991
3775, 0.5939, 77010
3776, 0.5952, 77029
3777, 0.595, 77048
3778, 0.5944, 77067
3779, 0.5946, 77086
3780, 0.5946, 77105
3781, 0.5946, 77124
3782, 0.5936, 77143
3783, 0.594, 77162
3784, 0.594, 77182
3785, 0.5942, 77200
3786, 0.5944, 77219
3787, 0.5941, 77239
3788, 0.5938, 77258
3789, 0.5935, 77276
3790, 0.5935, 77295
3791, 0.5942, 77315
3792, 0.593, 77334
3793, 0.5946, 77353
3794, 0.594, 77372
3795, 0.5946, 77391
3796, 0.5937, 77410
3797, 0.5942, 77428
3798, 0.5939, 77447
3799, 0.5941, 77467
3800, 0.595, 77486
3801, 0.5958, 77505
3802, 0.5939, 77524
3803, 0.5958, 77543
3804, 0.5948, 77562
3805, 0.595, 77581
3806, 0.5959, 77600
3807, 0.5944, 77619
3808, 0.5957, 77638
3809, 0.5947, 77657
3810, 0.5965, 77676
3811, 0.5959, 77694
3812, 0.5977, 77714
3813, 0.5976, 77733
3814, 0.597, 77752
3815, 0.5979, 77771
3816, 0.5964, 77790
3817, 0.5977, 77810
3818, 0.5966, 77829
3819, 0.5965, 77848
3820, 0.5971, 77867
3821, 0.5959, 77886
3822, 0.5981, 77905
3823, 0.5972, 77924
3824, 0.5971, 77943
3825, 0.5979, 77962
3826, 0.5979, 77981
3827, 0.5976, 78000
3828, 0.5972, 78019
3829, 0.598, 78037
3830, 0.5974, 78056
3831, 0.598, 78075
3832, 0.5976, 78094
3833, 0.5977, 78113
3834, 0.5967, 78133
3835, 0.5974, 78152
3836, 0.5963, 78171
3837, 0.5962, 78190
3838, 0.5969, 78209
3839, 0.5972, 78228
3840, 0.5971, 78248
3841, 0.5959, 78268
3842, 0.5972, 78287
3843, 0.597, 78306
3844, 0.5978, 78325
3845, 0.5979, 78344
3846, 0.5978, 78363
3847, 0.598, 78382
3848, 0.5979, 78402
3849, 0.5979, 78421
3850, 0.5977, 78440
3851, 0.5968, 78459
3852, 0.5972, 78478
3853, 0.5966, 78498
3854, 0.5962, 78517
3855, 0.5973, 78536
3856, 0.596, 78555
3857, 0.5976, 78574
3858, 0.5956, 78593
3859, 0.5969, 78612
3860, 0.597, 78631
3861, 0.597, 78650
3862, 0.5961, 78669
3863, 0.597, 78689
3864, 0.5962, 78708
3865, 0.596, 78727
3866, 0.597, 78746
3867, 0.5955, 78765
3868, 0.5947, 78784
3869, 0.5965, 78803
3870, 0.595, 78822
3871, 0.5961, 78841
3872, 0.5963, 78860
3873, 0.5957, 78879
3874, 0.5956, 78898
3875, 0.5954, 78917
3876, 0.5948, 78936
3877, 0.5944, 78955
3878, 0.5959, 78974
3879, 0.5958, 78994
3880, 0.5957, 79013
3881, 0.596, 79032
3882, 0.5945, 79051
3883, 0.5963, 79070
3884, 0.5956, 79089
3885, 0.5959, 79108
3886, 0.5962, 79127
3887, 0.596, 79147
3888, 0.5956, 79166
3889, 0.5963, 79185
3890, 0.5961, 79204
3891, 0.5956, 79222
3892, 0.5959, 79241
3893, 0.5952, 79260
3894, 0.5963, 79279
3895, 0.5961, 79299
3896, 0.5971, 79318
3897, 0.5953, 79337
3898, 0.5958, 79356
3899, 0.5971, 79375
3900, 0.5951, 79394
3901, 0.5974, 79413
3902, 0.5957, 79433
3903, 0.5968, 79451
3904, 0.595, 79470
3905, 0.5967, 79490
3906, 0.5952, 79509
3907, 0.5956, 79528
3908, 0.5959, 79547
3909, 0.5954, 79566
3910, 0.5959, 79585
3911, 0.5956, 79604
3912, 0.5949, 79623
3913, 0.5943, 79642
3914, 0.5954, 79662
3915, 0.5959, 79680
3916, 0.5941, 79699
3917, 0.5951, 79718
3918, 0.5943, 79737
3919, 0.5955, 79756
3920, 0.5939, 79776
3921, 0.5944, 79795
3922, 0.5958, 79814
3923, 0.5957, 79833
3924, 0.5946, 79852
3925, 0.5959, 79871
3926, 0.5959, 79890
3927, 0.5951, 79909
3928, 0.5955, 79929
3929, 0.5944, 79948
3930, 0.5948, 79967
3931, 0.5951, 79986
3932, 0.5947, 80005
3933, 0.5954, 80025
3934, 0.5949, 80044
3935, 0.5951, 80063
3936, 0.5949, 80084
3937, 0.596, 80103
3938, 0.5949, 80122
3939, 0.5946, 80141
3940, 0.5949, 80160
3941, 0.5953, 80179
3942, 0.5941, 80198
3943, 0.5958, 80218
3944, 0.5951, 80237
3945, 0.5959, 80256
3946, 0.5961, 80275
3947, 0.5961, 80294
3948, 0.597, 80313
3949, 0.5967, 80332
3950, 0.5967, 80351
3951, 0.597, 80370
3952, 0.5965, 80390
3953, 0.5979, 80409
3954, 0.5967, 80428
3955, 0.5977, 80447
3956, 0.5962, 80466
3957, 0.5976, 80484
3958, 0.5961, 80503
3959, 0.5962, 80523
3960, 0.5956, 80542
3961, 0.5962, 80561
3962, 0.5965, 80580
3963, 0.5964, 80599
3964, 0.5962, 80618
3965, 0.5955, 80637
3966, 0.5955, 80656
3967, 0.5947, 80675
3968, 0.5954, 80694
3969, 0.5941, 80713
3970, 0.5942, 80732
3971, 0.5937, 80751
3972, 0.5933, 80770
3973, 0.5934, 80789
3974, 0.5933, 80808
3975, 0.5935, 80827
3976, 0.594, 80847
3977, 0.5924, 80866
3978, 0.5937, 80885
3979, 0.593, 80904
3980, 0.5936, 80924
3981, 0.5943, 80943
3982, 0.594, 80962
3983, 0.5943, 80981
3984, 0.5948, 81001
3985, 0.5942, 81020
3986, 0.5934, 81040
3987, 0.5945, 81058
3988, 0.5944, 81077
3989, 0.5936, 81096
3990, 0.5927, 81115
3991, 0.5918, 81134
3992, 0.5931, 81153
3993, 0.5941, 81173
3994, 0.5934, 81192
3995, 0.5923, 81211
3996, 0.5924, 81230
3997, 0.5932, 81249
3998, 0.5928, 81269
3999, 0.5908, 81288
4000, 0.5927, 81308
4001, 0.5915, 81327
4002, 0.5929, 81346
4003, 0.5919, 81365
4004, 0.5928, 81384
4005, 0.5918, 81404
4006, 0.5917, 81423
4007, 0.592, 81442
4008, 0.5928, 81461
4009, 0.5925, 81480
4010, 0.593, 81500
4011, 0.592, 81519
4012, 0.5927, 81538
4013, 0.5919, 81557
4014, 0.5926, 81576
4015, 0.5914, 81595
4016, 0.5926, 81614
4017, 0.5917, 81633
4018, 0.5925, 81653
4019, 0.5925, 81672
4020, 0.5928, 81691
4021, 0.5922, 81710
4022, 0.5913, 81729
4023, 0.5926, 81748
4024, 0.5934, 81768
4025, 0.5921, 81787
4026, 0.5916, 81806
4027, 0.5925, 81825
4028, 0.5923, 81844
4029, 0.5943, 81864
4030, 0.5926, 81883
4031, 0.5934, 81902
4032, 0.5931, 81921
4033, 0.5935, 81940
4034, 0.5929, 81959
4035, 0.5935, 81978
4036, 0.5917, 81997
4037, 0.5935, 82017
4038, 0.5929, 82036
4039, 0.5918, 82055
4040, 0.5915, 82074
4041, 0.5932, 82093
4042, 0.5903, 82112
4043, 0.5933, 82132
4044, 0.5922, 82151
4045, 0.592, 82170
4046, 0.5921, 82189
4047, 0.5921, 82208
4048, 0.5921, 82227
4049, 0.5921, 82246
4050, 0.592, 82264
4051, 0.5935, 82284
4052, 0.5921, 82303
4053, 0.5931, 82322
4054, 0.5922, 82342
4055, 0.5924, 82361
4056, 0.5937, 82380
4057, 0.5913, 82399
4058, 0.594, 82418
4059, 0.592, 82437
4060, 0.5935, 82456
4061, 0.5939, 82475
4062, 0.5933, 82494
4063, 0.5938, 82512
4064, 0.5926, 82531
4065, 0.594, 82550
4066, 0.5935, 82569
4067, 0.594, 82588
4068, 0.5943, 82607
4069, 0.5947, 82627
4070, 0.594, 82646
4071, 0.5946, 82665
4072, 0.5951, 82684
4073, 0.5951, 82703
4074, 0.5953, 82722
4075, 0.5952, 82742
4076, 0.594, 82761
4077, 0.5946, 82780
4078, 0.5945, 82799
4079, 0.5947, 82817
4080, 0.5941, 82836
4081, 0.5951, 82856
4082, 0.5932, 82874
4083, 0.5946, 82894
4084, 0.5937, 82913
4085, 0.5949, 82931
4086, 0.5945, 82950
4087, 0.5941, 82969
4088, 0.5933, 82988
4089, 0.5931, 83007
4090, 0.5932, 83026
4091, 0.5946, 83045
4092, 0.5934, 83064
4093, 0.5935, 83084
4094, 0.5922, 83103
4095, 0.5942, 83122
4096, 0.592, 83141
4097, 0.5932, 83160
4098, 0.5911, 83179
4099, 0.5926, 83199
4100, 0.5921, 83218
4101, 0.5917, 83237
4102, 0.5922, 83257
4103, 0.5921, 83276
4104, 0.592, 83295
4105, 0.5915, 83314
4106, 0.592, 83333
4107, 0.591, 83352
4108, 0.5926, 83372
4109, 0.5921, 83391
4110, 0.5933, 83410
4111, 0.5927, 83429
4112, 0.5932, 83449
4113, 0.5932, 83468
4114, 0.5926, 83487
4115, 0.5933, 83506
4116, 0.5942, 83524
4117, 0.5919, 83544
4118, 0.5947, 83562
4119, 0.5922, 83582
4120, 0.5936, 83600
4121, 0.5921, 83619
4122, 0.5931, 83638
4123, 0.5924, 83657
4124, 0.5932, 83677
4125, 0.5907, 83696
4126, 0.5933, 83715
4127, 0.5911, 83735
4128, 0.593, 83754
4129, 0.5916, 83773
4130, 0.59, 83792
4131, 0.5917, 83811
4132, 0.5905, 83830
4133, 0.5905, 83849
4134, 0.5899, 83868
4135, 0.5907, 83887
4136, 0.5912, 83906
4137, 0.5903, 83926
4138, 0.5907, 83945
4139, 0.5908, 83964
4140, 0.5907, 83983
4141, 0.5913, 84002
4142, 0.5907, 84021
4143, 0.5908, 84040
4144, 0.5907, 84060
4145, 0.5908, 84078
4146, 0.5901, 84098
4147, 0.5897, 84116
4148, 0.5906, 84135
4149, 0.5908, 84154
4150, 0.5912, 84174
4151, 0.5893, 84193
4152, 0.5923, 84212
4153, 0.5883, 84231
4154, 0.5917, 84250
4155, 0.5904, 84269
4156, 0.5908, 84288
4157, 0.5925, 84307
4158, 0.5923, 84326
4159, 0.5932, 84345
4160, 0.5925, 84364
4161, 0.5943, 84383
4162, 0.5915, 84402
4163, 0.5932, 84421
4164, 0.593, 84441
4165, 0.5927, 84460
4166, 0.5941, 84479
4167, 0.594, 84498
4168, 0.5944, 84517
4169, 0.5944, 84536
4170, 0.5946, 84555
4171, 0.595, 84574
4172, 0.594, 84593
4173, 0.5957, 84612
4174, 0.5943, 84631
4175, 0.596, 84650
4176, 0.5949, 84669
4177, 0.5954, 84688
4178, 0.5946, 84707
4179, 0.5936, 84726
4180, 0.5959, 84745
4181, 0.5934, 84764
4182, 0.5953, 84783
4183, 0.5944, 84802
4184, 0.5948, 84821
4185, 0.5941, 84840
4186, 0.5939, 84860
4187, 0.5939, 84879
4188, 0.5941, 84898
4189, 0.5929, 84917
4190, 0.594, 84936
4191, 0.5937, 84955
4192, 0.5939, 84974
4193, 0.5936, 84993
4194, 0.5918, 85012
4195, 0.594, 85031
4196, 0.5931, 85051
4197, 0.5919, 85070
4198, 0.5939, 85089
4199, 0.5932, 85108
4200, 0.5928, 85127
4201, 0.5947, 85145
4202, 0.5932, 85165
4203, 0.5943, 85184
4204, 0.5936, 85203
4205, 0.5939, 85222
4206, 0.5925, 85241
4207, 0.593, 85260
4208, 0.5928, 85279
4209, 0.5931, 85299
4210, 0.5936, 85318
4211, 0.5929, 85337
4212, 0.5915, 85356
4213, 0.593, 85375
4214, 0.5918, 85394
4215, 0.5929, 85413
4216, 0.5925, 85432
4217, 0.5926, 85451
4218, 0.5924, 85470
4219, 0.5935, 85489
4220, 0.5921, 85508
4221, 0.5923, 85527
4222, 0.5922, 85545
4223, 0.5916, 85564
4224, 0.591, 85583
4225, 0.5923, 85602
4226, 0.5918, 85621
4227, 0.5934, 85640
4228, 0.5925, 85660
4229, 0.5942, 85679
4230, 0.5926, 85698
4231, 0.5925, 85717
4232, 0.5931, 85736
4233, 0.5925, 85755
4234, 0.5917, 85774
4235, 0.5912, 85794
4236, 0.5933, 85813
4237, 0.5931, 85832
4238, 0.5917, 85851
4239, 0.5927, 85870
4240, 0.5917, 85890
4241, 0.591, 85909
4242, 0.5917, 85928
4243, 0.5916, 85948
4244, 0.5917, 85967
4245, 0.5909, 85986
4246, 0.5903, 86005
4247, 0.592, 86024
4248, 0.5898, 86043
4249, 0.5915, 86062
4250, 0.591, 86081
4251, 0.5916, 86100
4252, 0.5904, 86119
4253, 0.5913, 86138
4254, 0.5902, 86157
4255, 0.5902, 86176
4256, 0.59, 86195
4257, 0.591, 86214
4258, 0.5912, 86233
4259, 0.591, 86252
4260, 0.5913, 86270
4261, 0.5902, 86289
4262, 0.591, 86309
4263, 0.5901, 86328
4264, 0.5909, 86347
4265, 0.5909, 86366
4266, 0.5903, 86385
4267, 0.591, 86404
4268, 0.5906, 86423
4269, 0.5913, 86442
4270, 0.5914, 86461
4271, 0.5914, 86480
4272, 0.5916, 86499
4273, 0.5905, 86518
4274, 0.5908, 86537
4275, 0.5906, 86557
4276, 0.5912, 86576
4277, 0.5907, 86595
4278, 0.5909, 86614
4279, 0.5905, 86633
4280, 0.5916, 86652
4281, 0.5911, 86671
4282, 0.591, 86691
4283, 0.5929, 86709
4284, 0.5914, 86728
4285, 0.593, 86748
4286, 0.5914, 86767
4287, 0.5919, 86786
4288, 0.5921, 86806
4289, 0.592, 86825
4290, 0.5916, 86844
4291, 0.5916, 86863
4292, 0.5933, 86882
4293, 0.5927, 86902
4294, 0.5929, 86921
4295, 0.5926, 86940
4296, 0.5927, 86959
4297, 0.593, 86978
4298, 0.5934, 86997
4299, 0.5936, 87016
4300, 0.5935, 87035
4301, 0.5938, 87055
4302, 0.5936, 87074
4303, 0.5942, 87093
4304, 0.5925, 87112
4305, 0.594, 87131
4306, 0.5935, 87150
4307, 0.593, 87169
4308, 0.5937, 87188
4309, 0.5931, 87207
4310, 0.5924, 87227
4311, 0.5946, 87246
4312, 0.5943, 87265
4313, 0.5916, 87284
4314, 0.5942, 87303
4315, 0.5919, 87323
4316, 0.5933, 87341
4317, 0.5931, 87361
4318, 0.5939, 87380
4319, 0.5925, 87399
4320, 0.5939, 87418
4321, 0.5927, 87437
4322, 0.5942, 87456
4323, 0.5931, 87475
4324, 0.5932, 87494
4325, 0.5938, 87513
4326, 0.595, 87532
4327, 0.5931, 87551
4328, 0.595, 87570
4329, 0.5926, 87589
4330, 0.5946, 87608
4331, 0.5931, 87627
4332, 0.5949, 87646
4333, 0.5948, 87665
4334, 0.5959, 87684
4335, 0.5948, 87704
4336, 0.5942, 87723
4337, 0.5942, 87742
4338, 0.5934, 87761
4339, 0.5943, 87780
4340, 0.5932, 87800
4341, 0.5943, 87819
4342, 0.5948, 87837
4343, 0.5936, 87857
4344, 0.595, 87876
4345, 0.5942, 87896
4346, 0.5951, 87914
4347, 0.5955, 87933
4348, 0.5954, 87952
4349, 0.597, 87971
4350, 0.5952, 87991
4351, 0.5958, 88010
4352, 0.5949, 88029
4353, 0.5961, 88048
4354, 0.5942, 88066
4355, 0.5947, 88086
4356, 0.5947, 88105
4357, 0.5949, 88124
4358, 0.5946, 88143
4359, 0.5933, 88162
4360, 0.5938, 88181
4361, 0.5929, 88200
4362, 0.5936, 88219
4363, 0.5938, 88238
4364, 0.5944, 88257
4365, 0.5932, 88276
4366, 0.5953, 88295
4367, 0.594, 88314
4368, 0.5935, 88333
4369, 0.594, 88352
4370, 0.5936, 88372
4371, 0.5933, 88391
4372, 0.5943, 88410
4373, 0.5933, 88429
4374, 0.5933, 88448
4375, 0.5944, 88467
4376, 0.5943, 88487
4377, 0.5947, 88506
4378, 0.5933, 88525
4379, 0.5922, 88544
4380, 0.5931, 88563
4381, 0.594, 88583
4382, 0.5933, 88602
4383, 0.5933, 88621
4384, 0.5917, 88641
4385, 0.5927, 88660
4386, 0.591, 88679
4387, 0.5936, 88698
4388, 0.592, 88718
4389, 0.5925, 88737
4390, 0.5915, 88756
4391, 0.5925, 88775
4392, 0.593, 88794
4393, 0.5924, 88813
4394, 0.5924, 88832
4395, 0.5927, 88852
4396, 0.5904, 88871
4397, 0.5924, 88891
4398, 0.5921, 88910
4399, 0.5921, 88929
4400, 0.5921, 88948
4401, 0.5918, 88968
4402, 0.5925, 88987
4403, 0.5917, 89006
4404, 0.5916, 89026
4405, 0.5921, 89045
4406, 0.5927, 89064
4407, 0.5913, 89084
4408, 0.5913, 89103
4409, 0.5926, 89122
4410, 0.5943, 89141
4411, 0.5937, 89160
4412, 0.5935, 89179
4413, 0.5948, 89198
4414, 0.5937, 89217
4415, 0.5956, 89237
4416, 0.5932, 89256
4417, 0.5909, 89275
4418, 0.5938, 89295
4419, 0.5934, 89314
4420, 0.5929, 89333
4421, 0.5935, 89352
4422, 0.5927, 89372
4423, 0.5935, 89391
4424, 0.5927, 89410
4425, 0.5934, 89429
4426, 0.5925, 89448
4427, 0.5919, 89468
4428, 0.5907, 89487
4429, 0.5928, 89506
4430, 0.5922, 89525
4431, 0.5932, 89544
4432, 0.5919, 89564
4433, 0.5923, 89583
4434, 0.5927, 89602
4435, 0.5922, 89621
4436, 0.5916, 89640
4437, 0.5918, 89659
4438, 0.5908, 89679
4439, 0.5922, 89698
4440, 0.5914, 89718
4441, 0.5911, 89737
4442, 0.5916, 89756
4443, 0.5898, 89776
4444, 0.5924, 89795
4445, 0.5915, 89814
4446, 0.5915, 89833
4447, 0.5931, 89853
4448, 0.593, 89872
4449, 0.593, 89892
4450, 0.5919, 89910
4451, 0.5928, 89929
4452, 0.5922, 89949
4453, 0.5923, 89968
4454, 0.5921, 89987
4455, 0.5922, 90006
4456, 0.5916, 90025
4457, 0.5916, 90044
4458, 0.5916, 90063
4459, 0.5904, 90082
4460, 0.5911, 90102
4461, 0.5923, 90121
4462, 0.5917, 90140
4463, 0.5925, 90159
4464, 0.5927, 90179
4465, 0.5927, 90198
4466, 0.5923, 90217
4467, 0.5916, 90237
4468, 0.5934, 90257
4469, 0.5939, 90276
4470, 0.5925, 90295
4471, 0.5921, 90314
4472, 0.5927, 90333
4473, 0.5937, 90353
4474, 0.5932, 90372
4475, 0.5926, 90391
4476, 0.5932, 90410
4477, 0.5927, 90429
4478, 0.592, 90448
4479, 0.5927, 90467
4480, 0.592, 90486
4481, 0.5913, 90505
4482, 0.592, 90525
4483, 0.5927, 90544
4484, 0.5918, 90563
4485, 0.5931, 90583
4486, 0.5919, 90602
4487, 0.5925, 90620
4488, 0.5928, 90639
4489, 0.592, 90659
4490, 0.5924, 90678
4491, 0.592, 90697
4492, 0.5918, 90716
4493, 0.5939, 90735
4494, 0.5925, 90754
4495, 0.5923, 90774
4496, 0.5926, 90793
4497, 0.5923, 90812
4498, 0.5916, 90832
4499, 0.592, 90851
4500, 0.5931, 90870
4501, 0.5931, 90890
4502, 0.5927, 90909
4503, 0.5924, 90928
4504, 0.5926, 90948
4505, 0.5925, 90967
4506, 0.5921, 90987
4507, 0.5912, 91006
4508, 0.5912, 91025
4509, 0.5925, 91045
4510, 0.5908, 91064
4511, 0.5921, 91084
4512, 0.5917, 91103
4513, 0.5917, 91122
4514, 0.5913, 91142
4515, 0.5933, 91161
4516, 0.5907, 91180
4517, 0.5915, 91200
4518, 0.5921, 91219
4519, 0.5916, 91238
4520, 0.5937, 91258
4521, 0.5913, 91277
4522, 0.5923, 91296
4523, 0.5928, 91315
4524, 0.5922, 91334
4525, 0.5924, 91354
4526, 0.5914, 91373
4527, 0.5918, 91392
4528, 0.59, 91411
4529, 0.5923, 91431
4530, 0.5905, 91449
4531, 0.5925, 91469
4532, 0.5921, 91488
4533, 0.5909, 91507
4534, 0.5917, 91526
4535, 0.5923, 91545
4536, 0.5909, 91564
4537, 0.5917, 91583
4538, 0.5904, 91602
4539, 0.5904, 91622
4540, 0.5912, 91641
4541, 0.5907, 91660
4542, 0.5901, 91679
4543, 0.5902, 91699
4544, 0.5904, 91718
4545, 0.5889, 91737
4546, 0.5905, 91756
4547, 0.5897, 91776
4548, 0.5901, 91795
4549, 0.5895, 91814
4550, 0.5896, 91833
4551, 0.5884, 91852
4552, 0.5902, 91871
4553, 0.5884, 91891
4554, 0.5893, 91911
4555, 0.589, 91930
4556, 0.5908, 91949
4557, 0.5903, 91968
4558, 0.5908, 91988
4559, 0.5901, 92007
4560, 0.5905, 92026
4561, 0.5906, 92045
4562, 0.5907, 92065
4563, 0.5911, 92084
4564, 0.5916, 92103
4565, 0.5906, 92122
4566, 0.5916, 92142
4567, 0.5903, 92161
4568, 0.5905, 92180
4569, 0.5917, 92199
4570, 0.5913, 92219
4571, 0.591, 92238
4572, 0.5928, 92257
4573, 0.5913, 92277
4574, 0.5937, 92296
4575, 0.5923, 92315
4576, 0.5929, 92335
4577, 0.5922, 92354
4578, 0.5931, 92373
4579, 0.5924, 92392
4580, 0.5944, 92411
4581, 0.5943, 92430
4582, 0.5935, 92449
4583, 0.595, 92469
4584, 0.5933, 92488
4585, 0.5932, 92507
4586, 0.5934, 92527
4587, 0.593, 92546
4588, 0.5927, 92565
4589, 0.5934, 92585
4590, 0.5919, 92604
4591, 0.5926, 92624
4592, 0.5911, 92643
4593, 0.5927, 92663
4594, 0.5919, 92682
4595, 0.5929, 92701
4596, 0.5928, 92720
4597, 0.5936, 92739
4598, 0.5933, 92758
4599, 0.5939, 92777
4600, 0.5933, 92796
4601, 0.594, 92815
4602, 0.5948, 92834
4603, 0.5938, 92853
4604, 0.5939, 92873
4605, 0.5944, 92892
4606, 0.5938, 92911
4607, 0.593, 92930
4608, 0.5932, 92950
4609, 0.5929, 92969
4610, 0.5922, 92988
4611, 0.5927, 93008
4612, 0.5928, 93027
4613, 0.5926, 93046
4614, 0.5933, 93065
4615, 0.5926, 93084
4616, 0.5926, 93103
4617, 0.5925, 93123
4618, 0.593, 93141
4619, 0.5936, 93161
4620, 0.5929, 93180
4621, 0.593, 93200
4622, 0.5932, 93219
4623, 0.5935, 93238
4624, 0.5937, 93258
4625, 0.5941, 93277
4626, 0.5931, 93296
4627, 0.5923, 93315
4628, 0.5927, 93334
4629, 0.592, 93354
4630, 0.5932, 93372
4631, 0.5931, 93391
4632, 0.5939, 93410
4633, 0.5926, 93429
4634, 0.5928, 93448
4635, 0.5934, 93468
4636, 0.5935, 93487
4637, 0.5931, 93506
4638, 0.5924, 93525
4639, 0.5937, 93545
4640, 0.5933, 93564
4641, 0.5927, 93583
4642, 0.5934, 93601
4643, 0.5927, 93621
4644, 0.5936, 93640
4645, 0.5931, 93660
4646, 0.5927, 93679
4647, 0.5924, 93698
4648, 0.593, 93717
4649, 0.5923, 93736
4650, 0.5931, 93756
4651, 0.5934, 93775
4652, 0.5923, 93794
4653, 0.5931, 93813
4654, 0.5927, 93832
4655, 0.5932, 93851
4656, 0.5927, 93870
4657, 0.5931, 93889
4658, 0.5927, 93909
4659, 0.5921, 93929
4660, 0.5929, 93947
4661, 0.5938, 93966
4662, 0.5931, 93985
4663, 0.593, 94005
4664, 0.593, 94024
4665, 0.5929, 94043
4666, 0.5935, 94062
4667, 0.5932, 94081
4668, 0.5919, 94101
4669, 0.5919, 94120
4670, 0.5918, 94139
4671, 0.5923, 94159
4672, 0.5916, 94178
4673, 0.5932, 94197
4674, 0.5915, 94216
4675, 0.5924, 94236
4676, 0.5921, 94255
4677, 0.5923, 94274
4678, 0.5925, 94293
4679, 0.5923, 94312
4680, 0.5923, 94332
4681, 0.5915, 94351
4682, 0.5917, 94371
4683, 0.5929, 94390
4684, 0.5915, 94409
4685, 0.5926, 94428
4686, 0.5909, 94448
4687, 0.5933, 94466
4688, 0.5924, 94486
4689, 0.5937, 94505
4690, 0.5927, 94524
4691, 0.5937, 94544
4692, 0.5941, 94563
4693, 0.5936, 94582
4694, 0.5935, 94601
4695, 0.5933, 94621
4696, 0.5928, 94640
4697, 0.5928, 94659
4698, 0.5943, 94679
4699, 0.5928, 94698
4700, 0.5936, 94717
4701, 0.5928, 94736
4702, 0.5941, 94756
4703, 0.5926, 94775
4704, 0.5939, 94794
4705, 0.5939, 94813
4706, 0.5942, 94833
4707, 0.5941, 94852
4708, 0.5932, 94872
4709, 0.5928, 94891
4710, 0.5929, 94910
4711, 0.594, 94929
4712, 0.5926, 94948
4713, 0.5943, 94967
4714, 0.5934, 94987
4715, 0.5931, 95007
4716, 0.5933, 95026
4717, 0.5927, 95045
4718, 0.5924, 95065
4719, 0.5932, 95084
4720, 0.5936, 95102
4721, 0.5922, 95122
4722, 0.5925, 95141
4723, 0.5914, 95160
4724, 0.5927, 95179
4725, 0.5914, 95198
4726, 0.5916, 95218
4727, 0.5901, 95237
4728, 0.592, 95256
4729, 0.5911, 95276
4730, 0.5913, 95295
4731, 0.592, 95314
4732, 0.5922, 95332
4733, 0.5915, 95352
4734, 0.5928, 95371
4735, 0.5914, 95390
4736, 0.5924, 95409
4737, 0.5925, 95428
4738, 0.5919, 95447
4739, 0.5919, 95467
4740, 0.5927, 95486
4741, 0.5915, 95505
4742, 0.5923, 95521
4743, 0.592, 95537
4744, 0.5923, 95552
4745, 0.5928, 95567
4746, 0.5917, 95582
4747, 0.5927, 95597
4748, 0.5929, 95612
4749, 0.5918, 95628
4750, 0.5928, 95643
4751, 0.5934, 95658
4752, 0.5929, 95673
4753, 0.5922, 95688
4754, 0.5929, 95703
4755, 0.5924, 95718
4756, 0.593, 95733
4757, 0.5929, 95748
4758, 0.5931, 95763
4759, 0.5934, 95778
4760, 0.5922, 95793
4761, 0.5936, 95809
4762, 0.5938, 95825
4763, 0.593, 95841
4764, 0.5918, 95856
4765, 0.5921, 95872
4766, 0.5921, 95887
4767, 0.5927, 95902
4768, 0.5929, 95917
4769, 0.5916, 95932
4770, 0.5921, 95947
4771, 0.5916, 95962
4772, 0.5915, 95978
4773, 0.5933, 95993
4774, 0.5919, 96008
4775, 0.5917, 96024
4776, 0.593, 96039
4777, 0.5932, 96054
4778, 0.592, 96070
4779, 0.5921, 96085
4780, 0.5929, 96100
4781, 0.5918, 96115
4782, 0.5917, 96130
4783, 0.5916, 96145
4784, 0.5915, 96161
4785, 0.591, 96176
4786, 0.5909, 96192
4787, 0.5911, 96208
4788, 0.5912, 96222
4789, 0.5914, 96237
4790, 0.5907, 96253
4791, 0.5918, 96268
4792, 0.5898, 96283
4793, 0.5903, 96298
4794, 0.5905, 96314
4795, 0.5913, 96329
4796, 0.5917, 96344
4797, 0.5913, 96360
4798, 0.5919, 96376
4799, 0.5918, 96392
4800, 0.5912, 96407
4801, 0.5905, 96422
4802, 0.5915, 96437
4803, 0.5911, 96452
4804, 0.5911, 96468
4805, 0.5908, 96483
4806, 0.5916, 96499
4807, 0.591, 96514
4808, 0.5914, 96529
4809, 0.5904, 96544
4810, 0.5916, 96560
4811, 0.5897, 96575
4812, 0.5915, 96590
4813, 0.5901, 96605
4814, 0.5912, 96620
4815, 0.5904, 96636
4816, 0.5906, 96651
4817, 0.5905, 96666
4818, 0.5914, 96682
4819, 0.5905, 96697
4820, 0.5916, 96712
4821, 0.5902, 96727
4822, 0.5913, 96742
4823, 0.5913, 96757
4824, 0.5904, 96772
4825, 0.5907, 96788
4826, 0.5917, 96803
4827, 0.5912, 96819
4828, 0.5912, 96834
4829, 0.5907, 96849
4830, 0.5913, 96864
4831, 0.5917, 96879
4832, 0.5912, 96895
4833, 0.5926, 96911
4834, 0.592, 96926
4835, 0.5921, 96941
4836, 0.5917, 96957
4837, 0.591, 96973
4838, 0.5903, 96988
4839, 0.5909, 97003
4840, 0.5914, 97018
4841, 0.5907, 97033
4842, 0.5911, 97049
4843, 0.591, 97065
4844, 0.5909, 97080
4845, 0.591, 97096
4846, 0.5903, 97111
4847, 0.5899, 97126
4848, 0.5903, 97142
4849, 0.5906, 97158
4850, 0.5905, 97173
4851, 0.5911, 97189
4852, 0.5908, 97204
4853, 0.5911, 97219
4854, 0.5907, 97234
4855, 0.5906, 97250
4856, 0.5913, 97266
4857, 0.5901, 97281
4858, 0.5916, 97297
4859, 0.5911, 97312
4860, 0.591, 97327
4861, 0.5911, 97341
4862, 0.591, 97357
4863, 0.5908, 97372
4864, 0.5903, 97388
4865, 0.5914, 97404
4866, 0.5914, 97419
4867, 0.5913, 97435
4868, 0.5909, 97451
4869, 0.5914, 97466
4870, 0.5906, 97481
4871, 0.5905, 97497
4872, 0.5912, 97513
4873, 0.5917, 97528
4874, 0.5909, 97543
4875, 0.5909, 97559
4876, 0.5924, 97575
4877, 0.5913, 97590
4878, 0.5917, 97605
4879, 0.5912, 97622
4880, 0.5911, 97642
4881, 0.5911, 97661
4882, 0.5904, 97680
4883, 0.5916, 97700
4884, 0.5913, 97719
4885, 0.5905, 97738
4886, 0.5913, 97758
4887, 0.5923, 97777
4888, 0.5909, 97797
4889, 0.5908, 97817
4890, 0.5914, 97836
4891, 0.5912, 97856
4892, 0.5913, 97875
4893, 0.5906, 97894
4894, 0.5913, 97914
4895, 0.5907, 97934
4896, 0.5912, 97953
4897, 0.5917, 97973
4898, 0.5916, 97993
4899, 0.5921, 98012
4900, 0.5912, 98032
4901, 0.5918, 98051
4902, 0.591, 98071
4903, 0.5913, 98091
4904, 0.5909, 98110
4905, 0.5912, 98129
4906, 0.5906, 98148
4907, 0.5911, 98168
4908, 0.5903, 98187
4909, 0.5902, 98206
4910, 0.5902, 98226
4911, 0.5902, 98246
4912, 0.5908, 98265
4913, 0.5902, 98285
4914, 0.5904, 98304
4915, 0.5903, 98323
4916, 0.5908, 98343
4917, 0.5897, 98362
4918, 0.5911, 98382
4919, 0.5904, 98401
4920, 0.5907, 98420
4921, 0.5892, 98439
4922, 0.5914, 98458
4923, 0.5904, 98477
4924, 0.5912, 98496
4925, 0.5909, 98516
4926, 0.5915, 98535
4927, 0.5915, 98555
4928, 0.5914, 98574
4929, 0.5914, 98594
4930, 0.5914, 98614
4931, 0.5911, 98633
4932, 0.5908, 98652
4933, 0.5913, 98672
4934, 0.5909, 98692
4935, 0.5912, 98711
4936, 0.5913, 98730
4937, 0.5909, 98750
4938, 0.5911, 98769
4939, 0.5909, 98789
4940, 0.5907, 98808
4941, 0.5912, 98827
4942, 0.5904, 98847
4943, 0.5916, 98866
4944, 0.5901, 98886
4945, 0.5912, 98905
4946, 0.5907, 98924
4947, 0.591, 98944
4948, 0.5904, 98963
4949, 0.5899, 98983
4950, 0.59, 99003
4951, 0.5904, 99022
4952, 0.5902, 99041
4953, 0.5907, 99060
4954, 0.5906, 99079
4955, 0.5912, 99099
4956, 0.5898, 99118
4957, 0.5906, 99138
4958, 0.5909, 99157
4959, 0.5908, 99177
4960, 0.5906, 99196
4961, 0.5912, 99215
4962, 0.5906, 99234
4963, 0.5904, 99254
4964, 0.5909, 99273
4965, 0.5902, 99292
4966, 0.5906, 99312
4967, 0.5905, 99331
4968, 0.5913, 99350
4969, 0.5918, 99370
4970, 0.5908, 99389
4971, 0.5913, 99408
4972, 0.5913, 99427
4973, 0.5906, 99447
4974, 0.5916, 99466
4975, 0.5912, 99485
4976, 0.5918, 99504
4977, 0.5913, 99524
4978, 0.5913, 99543
4979, 0.5913, 99563
4980, 0.5916, 99582
4981, 0.5907, 99602
4982, 0.5916, 99621
4983, 0.5919, 99640
4984, 0.5912, 99659
4985, 0.5907, 99679
4986, 0.5915, 99698
4987, 0.5906, 99718
4988, 0.5918, 99737
4989, 0.5908, 99757
4990, 0.5912, 99776
4991, 0.5909, 99795
4992, 0.5911, 99814
4993, 0.5905, 99834
4994, 0.5909, 99853
4995, 0.5905, 99873
4996, 0.5916, 99892
4997, 0.5917, 99911
4998, 0.5915, 99931
4999, 0.5917, 99950
5000, 0.5911, 99970
