1, 0.0939, 21
2, 0.0945, 35
3, 0.0956, 48
4, 0.0957, 61
5, 0.0969, 74
6, 0.098, 88
7, 0.0993, 101
8, 0.0994, 114
9, 0.1, 127
10, 0.1009, 141
11, 0.1016, 154
12, 0.1021, 167
13, 0.1031, 179
14, 0.1042, 192
15, 0.1055, 206
16, 0.1059, 219
17, 0.1067, 232
18, 0.1078, 245
19, 0.1084, 260
20, 0.1087, 276
21, 0.1099, 292
22, 0.1109, 308
23, 0.1114, 324
24, 0.1124, 340
25, 0.113, 355
26, 0.1136, 371
27, 0.1142, 386
28, 0.1153, 402
29, 0.1158, 417
30, 0.1162, 432
31, 0.1165, 448
32, 0.1172, 464
33, 0.1176, 479
34, 0.1185, 495
35, 0.1196, 510
36, 0.1199, 525
37, 0.1207, 541
38, 0.1207, 556
39, 0.1223, 572
40, 0.1235, 587
41, 0.1244, 603
42, 0.1256, 620
43, 0.1275, 636
44, 0.1304, 651
45, 0.1325, 667
46, 0.1344, 682
47, 0.1389, 698
48, 0.1417, 713
49, 0.1453, 728
50, 0.1495, 744
51, 0.1543, 760
52, 0.1585, 776
53, 0.1645, 791
54, 0.1666, 806
55, 0.1706, 821
56, 0.1741, 837
57, 0.1783, 852
58, 0.181, 868
59, 0.1853, 883
60, 0.193, 898
61, 0.1943, 913
62, 0.195, 928
63, 0.1999, 943
64, 0.2009, 961
65, 0.202, 978
66, 0.2029, 994
67, 0.2024, 1010
68, 0.2018, 1026
69, 0.2019, 1042
70, 0.2022, 1057
71, 0.2005, 1073
72, 0.1993, 1088
73, 0.1966, 1104
74, 0.1953, 1120
75, 0.1922, 1135
76, 0.1902, 1150
77, 0.1885, 1166
78, 0.1872, 1182
79, 0.1867, 1197
80, 0.1865, 1213
81, 0.1864, 1228
82, 0.1864, 1244
83, 0.1857, 1260
84, 0.1858, 1275
85, 0.1866, 1291
86, 0.1879, 1306
87, 0.1893, 1323
88, 0.1905, 1343
89, 0.1927, 1362
90, 0.1948, 1381
91, 0.1944, 1401
92, 0.1954, 1420
93, 0.1965, 1440
94, 0.1981, 1460
95, 0.2008, 1480
96, 0.2041, 1501
97, 0.2075, 1522
98, 0.2098, 1541
99, 0.2112, 1561
100, 0.2144, 1581
101, 0.2178, 1601
102, 0.2214, 1621
103, 0.2239, 1642
104, 0.2265, 1662
105, 0.2307, 1683
106, 0.2352, 1704
107, 0.2383, 1724
108, 0.2413, 1744
109, 0.2439, 1764
110, 0.2457, 1785
111, 0.249, 1804
112, 0.2517, 1824
113, 0.2539, 1843
114, 0.2547, 1863
115, 0.2552, 1883
116, 0.2573, 1902
117, 0.2577, 1921
118, 0.2588, 1941
119, 0.2595, 1961
120, 0.2607, 1981
121, 0.262, 2002
122, 0.2637, 2021
123, 0.2642, 2041
124, 0.2655, 2061
125, 0.267, 2081
126, 0.2672, 2100
127, 0.2676, 2120
128, 0.2697, 2140
129, 0.2719, 2161
130, 0.2727, 2182
131, 0.2747, 2203
132, 0.2745, 2223
133, 0.2768, 2243
134, 0.2778, 2263
135, 0.2788, 2282
136, 0.2801, 2302
137, 0.28, 2322
138, 0.2812, 2342
139, 0.2812, 2361
140, 0.2823, 2382
141, 0.2847, 2401
142, 0.2863, 2420
143, 0.2879, 2441
144, 0.2896, 2460
145, 0.2897, 2479
146, 0.2908, 2499
147, 0.2916, 2518
148, 0.2922, 2538
149, 0.2931, 2556
150, 0.2939, 2576
151, 0.2937, 2596
152, 0.295, 2615
153, 0.2961, 2634
154, 0.296, 2653
155, 0.2982, 2672
156, 0.299, 2692
157, 0.2999, 2711
158, 0.302, 2730
159, 0.3028, 2749
160, 0.3037, 2769
161, 0.3053, 2788
162, 0.3061, 2808
163, 0.3076, 2828
164, 0.309, 2848
165, 0.3104, 2868
166, 0.3114, 2888
167, 0.3127, 2907
168, 0.3139, 2927
169, 0.3148, 2946
170, 0.3162, 2965
171, 0.317, 2981
172, 0.3189, 2998
173, 0.3198, 3017
174, 0.3209, 3038
175, 0.3221, 3058
176, 0.3239, 3078
177, 0.3247, 3100
178, 0.3255, 3122
179, 0.3258, 3141
180, 0.3266, 3161
181, 0.3276, 3180
182, 0.3278, 3200
183, 0.3286, 3219
184, 0.3303, 3238
185, 0.3318, 3257
186, 0.3329, 3276
187, 0.3339, 3295
188, 0.3347, 3314
189, 0.3354, 3333
190, 0.3363, 3352
191, 0.3366, 3371
192, 0.337, 3390
193, 0.3382, 3409
194, 0.3395, 3427
195, 0.3405, 3447
196, 0.3407, 3466
197, 0.3407, 3485
198, 0.3416, 3504
199, 0.3432, 3523
200, 0.3451, 3543
201, 0.3462, 3562
202, 0.347, 3582
203, 0.3464, 3601
204, 0.3492, 3620
205, 0.3501, 3639
206, 0.3518, 3658
207, 0.3524, 3677
208, 0.3535, 3696
209, 0.3545, 3715
210, 0.3547, 3734
211, 0.3555, 3753
212, 0.3556, 3772
213, 0.3568, 3791
214, 0.3588, 3810
215, 0.3601, 3829
216, 0.3615, 3848
217, 0.3628, 3868
218, 0.3634, 3886
219, 0.3638, 3906
220, 0.3647, 3925
221, 0.3651, 3944
222, 0.366, 3963
223, 0.3672, 3982
224, 0.3672, 4001
225, 0.368, 4021
226, 0.3691, 4040
227, 0.3703, 4059
228, 0.3724, 4078
229, 0.3736, 4097
230, 0.3748, 4116
231, 0.3762, 4136
232, 0.3761, 4155
233, 0.3763, 4174
234, 0.3778, 4193
235, 0.3789, 4212
236, 0.3803, 4232
237, 0.3817, 4250
238, 0.3831, 4269
239, 0.3842, 4289
240, 0.386, 4308
241, 0.3859, 4327
242, 0.3868, 4346
243, 0.3888, 4365
244, 0.3892, 4384
245, 0.3898, 4403
246, 0.3905, 4422
247, 0.3911, 4441
248, 0.3916, 4460
249, 0.3928, 4479
250, 0.3934, 4498
251, 0.3943, 4517
252, 0.3954, 4537
253, 0.3963, 4555
254, 0.3969, 4575
255, 0.3975, 4594
256, 0.3975, 4612
257, 0.3981, 4631
258, 0.3986, 4650
259, 0.3986, 4669
260, 0.3994, 4689
261, 0.4006, 4708
262, 0.4015, 4727
263, 0.4019, 4746
264, 0.4025, 4765
265, 0.4034, 4784
266, 0.4046, 4803
267, 0.405, 4822
268, 0.406, 4841
269, 0.4059, 4860
270, 0.4056, 4879
271, 0.4073, 4899
272, 0.4072, 4918
273, 0.4078, 4937
274, 0.408, 4955
275, 0.4082, 4974
276, 0.4086, 4993
277, 0.409, 5012
278, 0.4098, 5031
279, 0.4107, 5050
280, 0.4123, 5070
281, 0.4121, 5091
282, 0.4122, 5111
283, 0.4122, 5131
284, 0.4125, 5152
285, 0.4126, 5171
286, 0.413, 5194
287, 0.414, 5213
288, 0.415, 5233
289, 0.4158, 5254
290, 0.417, 5274
291, 0.4173, 5294
292, 0.4181, 5313
293, 0.4187, 5332
294, 0.4201, 5351
295, 0.4212, 5371
296, 0.4217, 5390
297, 0.4222, 5409
298, 0.4224, 5428
299, 0.4228, 5447
300, 0.424, 5466
301, 0.4241, 5486
302, 0.4247, 5505
303, 0.4255, 5524
304, 0.426, 5543
305, 0.4265, 5562
306, 0.4266, 5582
307, 0.4274, 5601
308, 0.4279, 5620
309, 0.4285, 5639
310, 0.4295, 5658
311, 0.4299, 5677
312, 0.4315, 5696
313, 0.432, 5715
314, 0.4329, 5734
315, 0.434, 5753
316, 0.4345, 5773
317, 0.4359, 5791
318, 0.4368, 5811
319, 0.4371, 5830
320, 0.4377, 5850
321, 0.4373, 5868
322, 0.4378, 5888
323, 0.4385, 5907
324, 0.4397, 5926
325, 0.4398, 5945
326, 0.44, 5964
327, 0.4405, 5983
328, 0.4411, 6002
329, 0.4415, 6021
330, 0.4419, 6040
331, 0.4418, 6059
332, 0.4422, 6078
333, 0.4426, 6097
334, 0.4429, 6116
335, 0.4436, 6135
336, 0.4444, 6154
337, 0.4449, 6174
338, 0.4456, 6193
339, 0.4461, 6212
340, 0.4472, 6231
341, 0.4475, 6250
342, 0.4475, 6269
343, 0.4479, 6288
344, 0.4483, 6307
345, 0.4486, 6326
346, 0.4492, 6345
347, 0.45, 6364
348, 0.4506, 6382
349, 0.4512, 6401
350, 0.4511, 6421
351, 0.4518, 6439
352, 0.4516, 6458
353, 0.453, 6477
354, 0.4531, 6496
355, 0.4534, 6515
356, 0.454, 6534
357, 0.4545, 6553
358, 0.455, 6572
359, 0.4557, 6591
360, 0.4561, 6611
361, 0.4569, 6630
362, 0.4581, 6649
363, 0.458, 6668
364, 0.4589, 6687
365, 0.4586, 6706
366, 0.4593, 6725
367, 0.46, 6744
368, 0.4603, 6763
369, 0.4608, 6783
370, 0.4613, 6801
371, 0.4612, 6820
372, 0.4613, 6840
373, 0.462, 6859
374, 0.462, 6878
375, 0.4621, 6897
376, 0.4627, 6916
377, 0.4632, 6935
378, 0.4636, 6954
379, 0.4643, 6973
380, 0.4647, 6992
381, 0.4648, 7011
382, 0.4648, 7030
383, 0.4653, 7050
384, 0.4655, 7069
385, 0.4665, 7088
386, 0.467, 7107
387, 0.4674, 7127
388, 0.468, 7145
389, 0.4676, 7164
390, 0.4676, 7183
391, 0.4675, 7202
392, 0.4679, 7221
393, 0.4688, 7240
394, 0.4697, 7259
395, 0.4697, 7278
396, 0.4705, 7298
397, 0.4707, 7317
398, 0.4708, 7336
399, 0.471, 7356
400, 0.4714, 7375
401, 0.4717, 7394
402, 0.4714, 7413
403, 0.4719, 7432
404, 0.4722, 7450
405, 0.4728, 7469
406, 0.4733, 7488
407, 0.4738, 7507
408, 0.4744, 7527
409, 0.4749, 7545
410, 0.4752, 7564
411, 0.4756, 7583
412, 0.4761, 7602
413, 0.477, 7621
414, 0.4771, 7640
415, 0.4774, 7659
416, 0.4772, 7678
417, 0.4777, 7697
418, 0.4785, 7716
419, 0.4788, 7735
420, 0.4792, 7753
421, 0.4794, 7773
422, 0.4798, 7792
423, 0.4807, 7811
424, 0.4812, 7830
425, 0.4814, 7849
426, 0.4815, 7868
427, 0.4814, 7887
428, 0.4815, 7906
429, 0.4819, 7925
430, 0.4823, 7944
431, 0.4827, 7963
432, 0.4829, 7982
433, 0.483, 8001
434, 0.4836, 8020
435, 0.4837, 8039
436, 0.4839, 8058
437, 0.4846, 8078
438, 0.4846, 8097
439, 0.4851, 8116
440, 0.4858, 8135
441, 0.4857, 8154
442, 0.486, 8173
443, 0.4861, 8192
444, 0.486, 8212
445, 0.4858, 8231
446, 0.4862, 8250
447, 0.4867, 8269
448, 0.4873, 8288
449, 0.4876, 8307
450, 0.4875, 8326
451, 0.4876, 8345
452, 0.4879, 8364
453, 0.4884, 8383
454, 0.4893, 8402
455, 0.4893, 8421
456, 0.4895, 8440
457, 0.4899, 8459
458, 0.4904, 8478
459, 0.4907, 8498
460, 0.4912, 8517
461, 0.4918, 8536
462, 0.4914, 8555
463, 0.4919, 8574
464, 0.4926, 8593
465, 0.4928, 8613
466, 0.493, 8631
467, 0.4932, 8651
468, 0.4934, 8670
469, 0.4933, 8689
470, 0.4939, 8708
471, 0.4943, 8727
472, 0.4943, 8746
473, 0.4948, 8766
474, 0.4951, 8784
475, 0.4955, 8804
476, 0.4958, 8823
477, 0.4956, 8842
478, 0.4965, 8861
479, 0.4971, 8880
480, 0.4983, 8899
481, 0.4989, 8919
482, 0.4997, 8938
483, 0.4995, 8957
484, 0.4996, 8976
485, 0.4998, 8995
486, 0.5, 9013
487, 0.5011, 9033
488, 0.5013, 9052
489, 0.5016, 9071
490, 0.5018, 9090
491, 0.5013, 9109
492, 0.5015, 9128
493, 0.5022, 9147
494, 0.5031, 9166
495, 0.5035, 9186
496, 0.5043, 9205
497, 0.5046, 9223
498, 0.505, 9243
499, 0.5054, 9262
500, 0.5053, 9281
501, 0.5068, 9301
502, 0.5067, 9320
503, 0.5068, 9339
504, 0.5073, 9358
505, 0.5077, 9377
506, 0.508, 9396
507, 0.5078, 9415
508, 0.5081, 9434
509, 0.5082, 9453
510, 0.5088, 9472
511, 0.5094, 9491
512, 0.5099, 9511
513, 0.5104, 9530
514, 0.5107, 9549
515, 0.511, 9572
516, 0.5109, 9592
517, 0.5113, 9614
518, 0.5116, 9633
519, 0.5124, 9653
520, 0.513, 9672
521, 0.5137, 9691
522, 0.5134, 9711
523, 0.5141, 9730
524, 0.5144, 9749
525, 0.5148, 9768
526, 0.5144, 9787
527, 0.5151, 9806
528, 0.515, 9825
529, 0.5153, 9845
530, 0.5154, 9864
531, 0.5157, 9883
532, 0.5157, 9902
533, 0.5159, 9922
534, 0.5163, 9941
535, 0.5163, 9961
536, 0.5163, 9980
537, 0.517, 9999
538, 0.5175, 10019
539, 0.5177, 10038
540, 0.5179, 10056
541, 0.5186, 10075
542, 0.5188, 10094
543, 0.5192, 10113
544, 0.5196, 10132
545, 0.5196, 10151
546, 0.5201, 10171
547, 0.5206, 10190
548, 0.5207, 10209
549, 0.5208, 10228
550, 0.5214, 10247
551, 0.522, 10266
552, 0.5223, 10285
553, 0.5228, 10304
554, 0.5223, 10324
555, 0.522, 10342
556, 0.5221, 10362
557, 0.5224, 10381
558, 0.5226, 10400
559, 0.523, 10419
560, 0.5236, 10438
561, 0.5233, 10457
562, 0.5234, 10476
563, 0.5238, 10495
564, 0.5239, 10514
565, 0.5243, 10533
566, 0.5245, 10552
567, 0.5246, 10571
568, 0.5253, 10590
569, 0.5258, 10609
570, 0.5261, 10628
571, 0.5266, 10647
572, 0.5271, 10666
573, 0.5273, 10685
574, 0.5274, 10704
575, 0.5283, 10723
576, 0.5283, 10742
577, 0.5286, 10761
578, 0.529, 10780
579, 0.5297, 10799
580, 0.5297, 10818
581, 0.5302, 10838
582, 0.5304, 10857
583, 0.5305, 10876
584, 0.5307, 10896
585, 0.531, 10915
586, 0.5306, 10934
587, 0.5306, 10953
588, 0.531, 10972
589, 0.5311, 10991
590, 0.5321, 11010
591, 0.5319, 11029
592, 0.5324, 11048
593, 0.5322, 11067
594, 0.5325, 11086
595, 0.5325, 11104
596, 0.5328, 11123
597, 0.5326, 11143
598, 0.5329, 11162
599, 0.5337, 11181
600, 0.5342, 11200
601, 0.534, 11219
602, 0.5343, 11238
603, 0.5343, 11257
604, 0.5344, 11277
605, 0.5344, 11296
606, 0.5341, 11315
607, 0.5347, 11334
608, 0.535, 11353
609, 0.5355, 11372
610, 0.5352, 11391
611, 0.5357, 11410
612, 0.5359, 11429
613, 0.5361, 11448
614, 0.5365, 11467
615, 0.5365, 11486
616, 0.5368, 11506
617, 0.5367, 11525
618, 0.5368, 11544
619, 0.5371, 11563
620, 0.5371, 11582
621, 0.5373, 11601
622, 0.5374, 11620
623, 0.5378, 11638
624, 0.5377, 11657
625, 0.5373, 11676
626, 0.5371, 11695
627, 0.5373, 11715
628, 0.5375, 11734
629, 0.5375, 11753
630, 0.538, 11772
631, 0.5381, 11791
632, 0.5377, 11811
633, 0.538, 11830
634, 0.5382, 11849
635, 0.5385, 11868
636, 0.5391, 11887
637, 0.5392, 11906
638, 0.5396, 11925
639, 0.5397, 11944
640, 0.5398, 11963
641, 0.5399, 11983
642, 0.5401, 12002
643, 0.5404, 12021
644, 0.5417, 12040
645, 0.5419, 12059
646, 0.5421, 12078
647, 0.5423, 12097
648, 0.5422, 12116
649, 0.5426, 12135
650, 0.5427, 12155
651, 0.5427, 12174
652, 0.5426, 12193
653, 0.543, 12213
654, 0.5429, 12232
655, 0.5429, 12251
656, 0.5433, 12270
657, 0.5434, 12289
658, 0.5436, 12308
659, 0.5438, 12327
660, 0.5446, 12347
661, 0.5448, 12366
662, 0.545, 12385
663, 0.5452, 12405
664, 0.5452, 12424
665, 0.5455, 12443
666, 0.5454, 12462
667, 0.5456, 12481
668, 0.5454, 12500
669, 0.5459, 12519
670, 0.5461, 12538
671, 0.5467, 12557
672, 0.5468, 12576
673, 0.547, 12595
674, 0.5473, 12614
675, 0.5476, 12633
676, 0.548, 12652
677, 0.5485, 12671
678, 0.5487, 12691
679, 0.5488, 12709
680, 0.5486, 12729
681, 0.5486, 12747
682, 0.5489, 12766
683, 0.5494, 12786
684, 0.5497, 12805
685, 0.5501, 12825
686, 0.5505, 12844
687, 0.5506, 12863
688, 0.5506, 12882
689, 0.5509, 12901
690, 0.5507, 12920
691, 0.5514, 12939
692, 0.5514, 12959
693, 0.5518, 12978
694, 0.5521, 12997
695, 0.5523, 13016
696, 0.5525, 13035
697, 0.5528, 13054
698, 0.5529, 13074
699, 0.5533, 13093
700, 0.5536, 13112
701, 0.5542, 13130
702, 0.5545, 13149
703, 0.5548, 13168
704, 0.5554, 13188
705, 0.5558, 13207
706, 0.5556, 13226
707, 0.5559, 13246
708, 0.5562, 13265
709, 0.5568, 13284
710, 0.5569, 13303
711, 0.5571, 13323
712, 0.5574, 13342
713, 0.5573, 13361
714, 0.5577, 13380
715, 0.5581, 13399
716, 0.5586, 13418
717, 0.5589, 13438
718, 0.5589, 13457
719, 0.5596, 13476
720, 0.5595, 13495
721, 0.5598, 13514
722, 0.5597, 13533
723, 0.5597, 13552
724, 0.5601, 13571
725, 0.5604, 13590
726, 0.5607, 13608
727, 0.5609, 13627
728, 0.5608, 13646
729, 0.5608, 13666
730, 0.5605, 13685
731, 0.561, 13703
732, 0.5611, 13723
733, 0.5612, 13742
734, 0.5615, 13761
735, 0.5618, 13780
736, 0.5625, 13799
737, 0.5627, 13818
738, 0.563, 13837
739, 0.5629, 13857
740, 0.5629, 13876
741, 0.5635, 13895
742, 0.5635, 13915
743, 0.5636, 13934
744, 0.5642, 13954
745, 0.5649, 13973
746, 0.5653, 13992
747, 0.5655, 14011
748, 0.5657, 14030
749, 0.5653, 14049
750, 0.5659, 14068
751, 0.566, 14088
752, 0.5662, 14107
753, 0.5661, 14127
754, 0.5662, 14146
755, 0.5664, 14165
756, 0.5668, 14184
757, 0.567, 14203
758, 0.5674, 14222
759, 0.5679, 14241
760, 0.5684, 14261
761, 0.5688, 14280
762, 0.5695, 14299
763, 0.5696, 14318
764, 0.5703, 14337
765, 0.5701, 14357
766, 0.5701, 14376
767, 0.5707, 14395
768, 0.5708, 14414
769, 0.5715, 14433
770, 0.5714, 14452
771, 0.572, 14471
772, 0.5717, 14490
773, 0.5718, 14510
774, 0.5719, 14530
775, 0.5721, 14549
776, 0.5721, 14568
777, 0.5722, 14587
778, 0.5721, 14606
779, 0.5721, 14625
780, 0.5721, 14644
781, 0.5721, 14664
782, 0.5722, 14683
783, 0.5723, 14702
784, 0.5723, 14721
785, 0.5724, 14740
786, 0.5728, 14759
787, 0.5733, 14778
788, 0.5736, 14798
789, 0.5739, 14817
790, 0.5744, 14836
791, 0.5751, 14855
792, 0.5749, 14874
793, 0.5745, 14894
794, 0.5749, 14913
795, 0.5752, 14932
796, 0.5754, 14951
797, 0.5752, 14970
798, 0.5751, 14989
799, 0.575, 15008
800, 0.5751, 15027
801, 0.5753, 15046
802, 0.5755, 15065
803, 0.5751, 15084
804, 0.5752, 15103
805, 0.5752, 15122
806, 0.5751, 15141
807, 0.5756, 15160
808, 0.5758, 15179
809, 0.5758, 15198
810, 0.5759, 15218
811, 0.576, 15236
812, 0.5761, 15255
813, 0.5767, 15275
814, 0.5767, 15294
815, 0.5768, 15313
816, 0.5768, 15332
817, 0.5771, 15351
818, 0.5773, 15370
819, 0.5769, 15389
820, 0.5771, 15408
821, 0.577, 15427
822, 0.5771, 15447
823, 0.5767, 15466
824, 0.577, 15485
825, 0.5773, 15504
826, 0.5776, 15523
827, 0.5777, 15542
828, 0.5779, 15561
829, 0.5781, 15580
830, 0.5787, 15599
831, 0.5792, 15619
832, 0.5796, 15638
833, 0.5798, 15657
834, 0.5801, 15676
835, 0.5799, 15695
836, 0.5804, 15714
837, 0.5805, 15733
838, 0.5805, 15753
839, 0.5804, 15772
840, 0.5804, 15791
841, 0.5807, 15810
842, 0.5807, 15829
843, 0.5805, 15849
844, 0.5802, 15868
845, 0.5803, 15887
846, 0.5812, 15907
847, 0.5813, 15926
848, 0.5811, 15944
849, 0.581, 15964
850, 0.5812, 15983
851, 0.5809, 16002
852, 0.5816, 16021
853, 0.5817, 16040
854, 0.5818, 16059
855, 0.5815, 16078
856, 0.5819, 16097
857, 0.5822, 16117
858, 0.5823, 16136
859, 0.5821, 16155
860, 0.5827, 16174
861, 0.5827, 16193
862, 0.5825, 16212
863, 0.583, 16232
864, 0.5833, 16250
865, 0.5832, 16270
866, 0.5833, 16288
867, 0.5833, 16307
868, 0.5836, 16327
869, 0.5835, 16346
870, 0.5831, 16365
871, 0.5834, 16384
872, 0.5836, 16403
873, 0.5837, 16422
874, 0.5834, 16442
875, 0.5836, 16461
876, 0.5838, 16480
877, 0.5838, 16499
878, 0.5835, 16518
879, 0.5837, 16537
880, 0.5837, 16556
881, 0.5837, 16575
882, 0.5837, 16595
883, 0.5835, 16614
884, 0.5837, 16633
885, 0.5839, 16652
886, 0.584, 16671
887, 0.584, 16690
888, 0.5841, 16709
889, 0.5843, 16729
890, 0.5847, 16748
891, 0.5847, 16767
892, 0.5844, 16786
893, 0.5846, 16805
894, 0.5851, 16823
895, 0.5845, 16843
896, 0.5847, 16862
897, 0.5848, 16881
898, 0.585, 16901
899, 0.5852, 16920
900, 0.5852, 16939
901, 0.5852, 16958
902, 0.5852, 16977
903, 0.5851, 16996
904, 0.5852, 17015
905, 0.5854, 17034
906, 0.5858, 17053
907, 0.5855, 17073
908, 0.5854, 17092
909, 0.5859, 17111
910, 0.5858, 17130
911, 0.5861, 17149
912, 0.586, 17168
913, 0.5861, 17187
914, 0.5865, 17206
915, 0.5866, 17225
916, 0.5866, 17244
917, 0.5866, 17264
918, 0.5866, 17283
919, 0.5865, 17302
920, 0.5868, 17321
921, 0.5867, 17340
922, 0.5868, 17359
923, 0.587, 17378
924, 0.587, 17397
925, 0.5869, 17416
926, 0.587, 17436
927, 0.5872, 17455
928, 0.5872, 17474
929, 0.5877, 17493
930, 0.5875, 17512
931, 0.5875, 17531
932, 0.5876, 17551
933, 0.5877, 17569
934, 0.588, 17588
935, 0.5882, 17608
936, 0.5882, 17627
937, 0.5885, 17646
938, 0.5885, 17665
939, 0.5883, 17685
940, 0.5886, 17704
941, 0.5887, 17724
942, 0.5888, 17743
943, 0.5887, 17762
944, 0.5885, 17781
945, 0.5887, 17800
946, 0.5888, 17820
947, 0.5893, 17839
948, 0.5893, 17858
949, 0.5895, 17877
950, 0.5898, 17896
951, 0.5901, 17916
952, 0.5902, 17935
953, 0.5902, 17955
954, 0.5905, 17974
955, 0.5905, 17993
956, 0.5903, 18012
957, 0.5903, 18032
958, 0.5905, 18051
959, 0.5908, 18070
960, 0.5907, 18089
961, 0.5904, 18109
962, 0.5906, 18128
963, 0.5907, 18147
964, 0.5908, 18166
965, 0.5908, 18186
966, 0.5906, 18205
967, 0.5909, 18223
968, 0.5907, 18243
969, 0.5909, 18262
970, 0.5912, 18281
971, 0.5912, 18300
972, 0.5914, 18320
973, 0.5911, 18339
974, 0.5909, 18358
975, 0.5911, 18377
976, 0.5911, 18396
977, 0.5911, 18415
978, 0.5915, 18435
979, 0.5917, 18454
980, 0.5914, 18472
981, 0.5912, 18492
982, 0.5914, 18511
983, 0.5914, 18530
984, 0.5917, 18550
985, 0.5919, 18569
986, 0.5921, 18588
987, 0.5919, 18608
988, 0.5921, 18627
989, 0.592, 18646
990, 0.5924, 18665
991, 0.5923, 18684
992, 0.592, 18703
993, 0.5923, 18722
994, 0.5924, 18742
995, 0.5928, 18761
996, 0.5925, 18780
997, 0.5929, 18799
998, 0.5931, 18818
999, 0.5933, 18836
1000, 0.5931, 18856
1001, 0.5931, 18875
1002, 0.593, 18894
1003, 0.5934, 18913
1004, 0.5937, 18932
1005, 0.5933, 18951
1006, 0.5934, 18970
1007, 0.5933, 18989
1008, 0.5934, 19008
1009, 0.5934, 19027
1010, 0.5933, 19046
1011, 0.5934, 19066
1012, 0.5935, 19085
1013, 0.5938, 19104
1014, 0.5941, 19123
1015, 0.5941, 19142
1016, 0.5938, 19162
1017, 0.5943, 19181
1018, 0.5942, 19200
1019, 0.5946, 19219
1020, 0.5947, 19238
1021, 0.5953, 19257
1022, 0.5953, 19277
1023, 0.5955, 19296
1024, 0.5954, 19315
1025, 0.5954, 19334
1026, 0.5953, 19353
1027, 0.5953, 19372
1028, 0.5956, 19391
1029, 0.5957, 19414
1030, 0.5957, 19434
1031, 0.5953, 19457
1032, 0.5953, 19476
1033, 0.5956, 19495
1034, 0.5955, 19514
1035, 0.5956, 19533
1036, 0.5957, 19553
1037, 0.5957, 19572
1038, 0.5957, 19592
1039, 0.5959, 19610
1040, 0.5964, 19629
1041, 0.5967, 19649
1042, 0.5967, 19668
1043, 0.5968, 19687
1044, 0.5971, 19706
1045, 0.5975, 19726
1046, 0.5976, 19745
1047, 0.5975, 19765
1048, 0.5977, 19784
1049, 0.5978, 19803
1050, 0.5979, 19822
1051, 0.5983, 19842
1052, 0.5985, 19861
1053, 0.5983, 19880
1054, 0.5984, 19899
1055, 0.5989, 19918
1056, 0.5991, 19938
1057, 0.599, 19957
1058, 0.5992, 19976
1059, 0.5993, 19995
1060, 0.599, 20014
1061, 0.5992, 20033
1062, 0.5991, 20053
1063, 0.5992, 20073
1064, 0.5992, 20092
1065, 0.5992, 20110
1066, 0.5993, 20129
1067, 0.5992, 20148
1068, 0.5994, 20168
1069, 0.5993, 20187
1070, 0.5993, 20206
1071, 0.5993, 20225
1072, 0.5999, 20244
1073, 0.5997, 20263
1074, 0.5998, 20282
1075, 0.6001, 20301
1076, 0.6, 20320
1077, 0.6004, 20339
1078, 0.601, 20358
1079, 0.6009, 20377
1080, 0.6011, 20396
1081, 0.6011, 20416
1082, 0.6016, 20434
1083, 0.6015, 20454
1084, 0.6016, 20473
1085, 0.6015, 20492
1086, 0.6015, 20512
1087, 0.6018, 20531
1088, 0.6019, 20550
1089, 0.6021, 20570
1090, 0.602, 20589
1091, 0.6021, 20608
1092, 0.6028, 20627
1093, 0.6025, 20647
1094, 0.6029, 20666
1095, 0.6028, 20685
1096, 0.6028, 20704
1097, 0.6029, 20723
1098, 0.6034, 20742
1099, 0.6035, 20761
1100, 0.6036, 20781
1101, 0.6034, 20800
1102, 0.6036, 20819
1103, 0.6039, 20839
1104, 0.6041, 20858
1105, 0.6044, 20877
1106, 0.6044, 20896
1107, 0.6046, 20916
1108, 0.6049, 20935
1109, 0.6049, 20954
1110, 0.605, 20973
1111, 0.6051, 20993
1112, 0.6052, 21012
1113, 0.6054, 21032
1114, 0.6053, 21051
1115, 0.6052, 21070
1116, 0.6056, 21089
1117, 0.6055, 21108
1118, 0.6057, 21128
1119, 0.6061, 21147
1120, 0.6061, 21166
1121, 0.6059, 21185
1122, 0.6061, 21204
1123, 0.6064, 21223
1124, 0.606, 21242
1125, 0.6068, 21260
1126, 0.6069, 21280
1127, 0.6073, 21299
1128, 0.6072, 21318
1129, 0.6074, 21338
1130, 0.6073, 21357
1131, 0.6078, 21375
1132, 0.6077, 21395
1133, 0.6077, 21414
1134, 0.6079, 21433
1135, 0.6079, 21451
1136, 0.6077, 21471
1137, 0.608, 21490
1138, 0.6078, 21509
1139, 0.6077, 21528
1140, 0.6079, 21548
1141, 0.6079, 21567
1142, 0.6078, 21585
1143, 0.608, 21605
1144, 0.6081, 21624
1145, 0.6082, 21644
1146, 0.6081, 21662
1147, 0.6082, 21681
1148, 0.6083, 21700
1149, 0.6084, 21719
1150, 0.6083, 21739
1151, 0.6086, 21758
1152, 0.608, 21777
1153, 0.6086, 21796
1154, 0.6088, 21815
1155, 0.609, 21835
1156, 0.609, 21854
1157, 0.6089, 21873
1158, 0.609, 21892
1159, 0.6089, 21911
1160, 0.6094, 21930
1161, 0.6089, 21949
1162, 0.6093, 21969
1163, 0.6091, 21988
1164, 0.6095, 22007
1165, 0.6099, 22026
1166, 0.6103, 22046
1167, 0.6098, 22065
1168, 0.6105, 22084
1169, 0.6103, 22103
1170, 0.6105, 22122
1171, 0.6106, 22142
1172, 0.6103, 22161
1173, 0.6104, 22180
1174, 0.6103, 22199
1175, 0.6105, 22218
1176, 0.6107, 22237
1177, 0.6108, 22256
1178, 0.6108, 22275
1179, 0.6106, 22295
1180, 0.6111, 22314
1181, 0.6113, 22333
1182, 0.6112, 22353
1183, 0.6115, 22371
1184, 0.6114, 22390
1185, 0.6118, 22409
1186, 0.6119, 22428
1187, 0.6119, 22448
1188, 0.6117, 22466
1189, 0.6116, 22485
1190, 0.6117, 22504
1191, 0.6119, 22523
1192, 0.6119, 22542
1193, 0.6123, 22561
1194, 0.6121, 22580
1195, 0.6122, 22599
1196, 0.6122, 22618
1197, 0.6125, 22637
1198, 0.6126, 22657
1199, 0.6128, 22676
1200, 0.6127, 22695
1201, 0.6128, 22714
1202, 0.6132, 22733
1203, 0.6133, 22752
1204, 0.6135, 22771
1205, 0.6138, 22791
1206, 0.6141, 22810
1207, 0.614, 22829
1208, 0.6139, 22848
1209, 0.6139, 22867
1210, 0.614, 22886
1211, 0.6142, 22905
1212, 0.6141, 22924
1213, 0.6143, 22943
1214, 0.6145, 22963
1215, 0.6144, 22982
1216, 0.6147, 23001
1217, 0.6149, 23020
1218, 0.6147, 23039
1219, 0.6149, 23058
1220, 0.615, 23077
1221, 0.6152, 23096
1222, 0.6156, 23115
1223, 0.6158, 23135
1224, 0.6157, 23153
1225, 0.6158, 23173
1226, 0.6157, 23192
1227, 0.6161, 23211
1228, 0.616, 23231
1229, 0.6161, 23250
1230, 0.6162, 23269
1231, 0.6162, 23288
1232, 0.6165, 23307
1233, 0.6166, 23326
1234, 0.6168, 23345
1235, 0.6166, 23364
1236, 0.617, 23383
1237, 0.6173, 23402
1238, 0.6169, 23421
1239, 0.6173, 23440
1240, 0.6174, 23459
1241, 0.6171, 23478
1242, 0.6174, 23497
1243, 0.6174, 23516
1244, 0.6173, 23535
1245, 0.6173, 23554
1246, 0.6174, 23573
1247, 0.6169, 23592
1248, 0.6173, 23612
1249, 0.6169, 23631
1250, 0.6175, 23649
1251, 0.6175, 23669
1252, 0.618, 23687
1253, 0.6179, 23707
1254, 0.618, 23726
1255, 0.6179, 23745
1256, 0.6182, 23765
1257, 0.6185, 23784
1258, 0.6183, 23803
1259, 0.6182, 23822
1260, 0.6183, 23841
1261, 0.6186, 23860
1262, 0.6184, 23879
1263, 0.6187, 23898
1264, 0.6188, 23917
1265, 0.6189, 23936
1266, 0.6189, 23956
1267, 0.6191, 23975
1268, 0.6188, 23994
1269, 0.6191, 24013
1270, 0.6194, 24032
1271, 0.6192, 24051
1272, 0.6196, 24070
1273, 0.6198, 24089
1274, 0.6203, 24108
1275, 0.6199, 24128
1276, 0.62, 24146
1277, 0.6198, 24166
1278, 0.6196, 24185
1279, 0.6197, 24204
1280, 0.6198, 24223
1281, 0.6197, 24242
1282, 0.6199, 24261
1283, 0.6201, 24280
1284, 0.62, 24299
1285, 0.6203, 24318
1286, 0.6202, 24337
1287, 0.6209, 24356
1288, 0.6205, 24376
1289, 0.6206, 24395
1290, 0.6203, 24414
1291, 0.6203, 24433
1292, 0.6204, 24453
1293, 0.6206, 24472
1294, 0.6205, 24491
1295, 0.6203, 24510
1296, 0.6204, 24530
1297, 0.6207, 24549
1298, 0.6207, 24569
1299, 0.6208, 24588
1300, 0.6212, 24607
1301, 0.6214, 24627
1302, 0.6213, 24647
1303, 0.6213, 24666
1304, 0.6213, 24686
1305, 0.6215, 24705
1306, 0.6215, 24725
1307, 0.6214, 24744
1308, 0.6214, 24763
1309, 0.6214, 24782
1310, 0.6212, 24801
1311, 0.6216, 24821
1312, 0.6216, 24840
1313, 0.6219, 24859
1314, 0.6219, 24878
1315, 0.6217, 24897
1316, 0.6221, 24916
1317, 0.6223, 24936
1318, 0.6223, 24955
1319, 0.6223, 24974
1320, 0.6223, 24994
1321, 0.622, 25012
1322, 0.6222, 25032
1323, 0.6222, 25051
1324, 0.6224, 25070
1325, 0.6222, 25089
1326, 0.6225, 25108
1327, 0.6223, 25127
1328, 0.6226, 25147
1329, 0.6225, 25166
1330, 0.6228, 25185
1331, 0.6226, 25204
1332, 0.6229, 25223
1333, 0.6229, 25242
1334, 0.6229, 25262
1335, 0.6229, 25281
1336, 0.623, 25300
1337, 0.6228, 25319
1338, 0.6232, 25338
1339, 0.6235, 25357
1340, 0.6233, 25376
1341, 0.6236, 25396
1342, 0.6234, 25414
1343, 0.6232, 25434
1344, 0.6232, 25453
1345, 0.623, 25472
1346, 0.6231, 25491
1347, 0.6232, 25510
1348, 0.6233, 25529
1349, 0.6234, 25548
1350, 0.6237, 25567
1351, 0.6237, 25587
1352, 0.6234, 25605
1353, 0.6233, 25624
1354, 0.6234, 25643
1355, 0.6232, 25662
1356, 0.6234, 25682
1357, 0.6233, 25701
1358, 0.6235, 25720
1359, 0.6234, 25739
1360, 0.6235, 25758
1361, 0.6232, 25777
1362, 0.6235, 25796
1363, 0.6233, 25815
1364, 0.6235, 25834
1365, 0.6231, 25853
1366, 0.6236, 25872
1367, 0.623, 25892
1368, 0.6234, 25911
1369, 0.6235, 25930
1370, 0.6235, 25950
1371, 0.6235, 25969
1372, 0.6236, 25988
1373, 0.6239, 26006
1374, 0.6236, 26025
1375, 0.6237, 26045
1376, 0.6237, 26064
1377, 0.6239, 26083
1378, 0.6237, 26102
1379, 0.6238, 26121
1380, 0.624, 26140
1381, 0.6241, 26160
1382, 0.6241, 26179
1383, 0.6241, 26198
1384, 0.6243, 26217
1385, 0.6242, 26236
1386, 0.6243, 26256
1387, 0.6244, 26275
1388, 0.6247, 26294
1389, 0.6248, 26313
1390, 0.6249, 26333
1391, 0.6255, 26352
1392, 0.6255, 26371
1393, 0.6252, 26390
1394, 0.6258, 26409
1395, 0.6255, 26428
1396, 0.6261, 26447
1397, 0.626, 26466
1398, 0.626, 26485
1399, 0.6261, 26504
1400, 0.6263, 26523
1401, 0.6263, 26542
1402, 0.6264, 26561
1403, 0.6263, 26580
1404, 0.6263, 26599
1405, 0.6267, 26618
1406, 0.6268, 26638
1407, 0.6267, 26656
1408, 0.6268, 26675
1409, 0.6265, 26694
1410, 0.6269, 26714
1411, 0.627, 26733
1412, 0.6271, 26752
1413, 0.6272, 26771
1414, 0.6272, 26790
1415, 0.6268, 26809
1416, 0.6274, 26828
1417, 0.6278, 26848
1418, 0.6281, 26867
1419, 0.628, 26886
1420, 0.6283, 26905
1421, 0.628, 26924
1422, 0.6279, 26943
1423, 0.6279, 26962
1424, 0.628, 26981
1425, 0.6276, 27000
1426, 0.6277, 27020
1427, 0.6277, 27039
1428, 0.6278, 27057
1429, 0.628, 27077
1430, 0.6281, 27096
1431, 0.6284, 27115
1432, 0.6283, 27134
1433, 0.6284, 27153
1434, 0.6284, 27172
1435, 0.6284, 27191
1436, 0.6286, 27209
1437, 0.6288, 27229
1438, 0.6289, 27248
1439, 0.6292, 27267
1440, 0.6288, 27286
1441, 0.6293, 27305
1442, 0.6294, 27324
1443, 0.6295, 27343
1444, 0.6295, 27362
1445, 0.6294, 27382
1446, 0.6297, 27401
1447, 0.6294, 27420
1448, 0.6295, 27439
1449, 0.6295, 27458
1450, 0.6296, 27477
1451, 0.6297, 27496
1452, 0.6295, 27515
1453, 0.6295, 27534
1454, 0.6295, 27553
1455, 0.6294, 27573
1456, 0.6293, 27592
1457, 0.6294, 27611
1458, 0.6293, 27631
1459, 0.6289, 27650
1460, 0.629, 27669
1461, 0.6289, 27688
1462, 0.6294, 27707
1463, 0.6289, 27726
1464, 0.6296, 27745
1465, 0.6295, 27765
1466, 0.6294, 27784
1467, 0.6295, 27803
1468, 0.6297, 27822
1469, 0.6294, 27841
1470, 0.6295, 27860
1471, 0.6296, 27880
1472, 0.6296, 27899
1473, 0.6298, 27918
1474, 0.6298, 27938
1475, 0.6297, 27957
1476, 0.6298, 27976
1477, 0.6297, 27995
1478, 0.6297, 28013
1479, 0.63, 28033
1480, 0.6297, 28052
1481, 0.6299, 28071
1482, 0.63, 28090
1483, 0.6299, 28109
1484, 0.6301, 28128
1485, 0.6302, 28147
1486, 0.6303, 28166
1487, 0.6305, 28185
1488, 0.6305, 28204
1489, 0.6303, 28224
1490, 0.6307, 28243
1491, 0.6306, 28262
1492, 0.6306, 28281
1493, 0.6308, 28300
1494, 0.6308, 28320
1495, 0.6306, 28338
1496, 0.6306, 28358
1497, 0.6309, 28377
1498, 0.6309, 28396
1499, 0.6311, 28415
1500, 0.6314, 28434
1501, 0.6312, 28453
1502, 0.6313, 28472
1503, 0.6315, 28491
1504, 0.6314, 28511
1505, 0.6315, 28530
1506, 0.6315, 28549
1507, 0.6313, 28568
1508, 0.6313, 28587
1509, 0.6312, 28607
1510, 0.6316, 28626
1511, 0.6316, 28645
1512, 0.6315, 28664
1513, 0.6315, 28683
1514, 0.6314, 28702
1515, 0.6314, 28722
1516, 0.6317, 28741
1517, 0.6314, 28760
1518, 0.6316, 28780
1519, 0.6319, 28799
1520, 0.632, 28818
1521, 0.6318, 28837
1522, 0.6317, 28855
1523, 0.6316, 28874
1524, 0.6313, 28893
1525, 0.6314, 28912
1526, 0.6315, 28931
1527, 0.6316, 28951
1528, 0.6314, 28970
1529, 0.632, 28988
1530, 0.6315, 29008
1531, 0.6322, 29027
1532, 0.6317, 29046
1533, 0.632, 29065
1534, 0.632, 29084
1535, 0.6317, 29103
1536, 0.6321, 29123
1537, 0.632, 29142
1538, 0.6321, 29161
1539, 0.632, 29180
1540, 0.6321, 29199
1541, 0.632, 29218
1542, 0.632, 29238
1543, 0.632, 29257
1544, 0.6322, 29276
1545, 0.6319, 29295
1546, 0.6321, 29314
1547, 0.632, 29333
1548, 0.6322, 29351
1549, 0.6319, 29370
1550, 0.6319, 29389
1551, 0.6319, 29409
1552, 0.6319, 29428
1553, 0.6325, 29447
1554, 0.6323, 29466
1555, 0.6321, 29485
1556, 0.6322, 29504
1557, 0.6322, 29523
1558, 0.6322, 29542
1559, 0.6325, 29562
1560, 0.632, 29581
1561, 0.6325, 29599
1562, 0.6325, 29618
1563, 0.6326, 29637
1564, 0.632, 29656
1565, 0.632, 29675
1566, 0.6323, 29695
1567, 0.632, 29714
1568, 0.6321, 29733
1569, 0.6321, 29751
1570, 0.6323, 29770
1571, 0.632, 29789
1572, 0.6318, 29809
1573, 0.6322, 29828
1574, 0.6321, 29847
1575, 0.6321, 29867
1576, 0.6325, 29886
1577, 0.6324, 29905
1578, 0.6325, 29925
1579, 0.6326, 29944
1580, 0.6328, 29964
1581, 0.6324, 29984
1582, 0.6327, 30003
1583, 0.6326, 30022
1584, 0.6326, 30042
1585, 0.6329, 30061
1586, 0.6329, 30081
1587, 0.633, 30100
1588, 0.6329, 30119
1589, 0.6331, 30139
1590, 0.6328, 30158
1591, 0.6331, 30177
1592, 0.6331, 30197
1593, 0.6331, 30216
1594, 0.6331, 30235
1595, 0.6331, 30254
1596, 0.6334, 30274
1597, 0.6334, 30293
1598, 0.6334, 30312
1599, 0.6336, 30331
1600, 0.6338, 30350
1601, 0.6336, 30370
1602, 0.6338, 30389
1603, 0.634, 30408
1604, 0.6337, 30427
1605, 0.634, 30446
1606, 0.634, 30466
1607, 0.634, 30485
1608, 0.6338, 30504
1609, 0.6338, 30524
1610, 0.634, 30542
1611, 0.6334, 30561
1612, 0.6339, 30580
1613, 0.6337, 30599
1614, 0.6341, 30619
1615, 0.634, 30638
1616, 0.6341, 30657
1617, 0.6344, 30676
1618, 0.6338, 30695
1619, 0.6343, 30714
1620, 0.6341, 30733
1621, 0.6338, 30752
1622, 0.6342, 30771
1623, 0.6338, 30790
1624, 0.6339, 30809
1625, 0.6339, 30828
1626, 0.6339, 30847
1627, 0.634, 30866
1628, 0.6342, 30885
1629, 0.634, 30905
1630, 0.6339, 30924
1631, 0.6339, 30943
1632, 0.6343, 30962
1633, 0.6339, 30981
1634, 0.6341, 31000
1635, 0.6342, 31019
1636, 0.6341, 31038
1637, 0.6341, 31057
1638, 0.634, 31076
1639, 0.6341, 31095
1640, 0.6347, 31113
1641, 0.6343, 31133
1642, 0.6345, 31152
1643, 0.6344, 31171
1644, 0.6342, 31191
1645, 0.6343, 31210
1646, 0.6341, 31229
1647, 0.6341, 31249
1648, 0.634, 31268
1649, 0.634, 31287
1650, 0.6342, 31306
1651, 0.6343, 31325
1652, 0.6338, 31344
1653, 0.6341, 31363
1654, 0.634, 31382
1655, 0.6341, 31401
1656, 0.6341, 31421
1657, 0.6343, 31440
1658, 0.6344, 31459
1659, 0.6343, 31478
1660, 0.6341, 31497
1661, 0.6339, 31517
1662, 0.6344, 31536
1663, 0.6344, 31555
1664, 0.6342, 31574
1665, 0.6345, 31593
1666, 0.6344, 31612
1667, 0.6346, 31631
1668, 0.6346, 31651
1669, 0.6346, 31670
1670, 0.635, 31689
1671, 0.6346, 31708
1672, 0.6351, 31727
1673, 0.6348, 31747
1674, 0.635, 31765
1675, 0.6353, 31785
1676, 0.6349, 31804
1677, 0.6351, 31823
1678, 0.6352, 31842
1679, 0.6352, 31861
1680, 0.6352, 31881
1681, 0.6354, 31900
1682, 0.6353, 31919
1683, 0.6354, 31939
1684, 0.635, 31957
1685, 0.635, 31977
1686, 0.6352, 31996
1687, 0.6349, 32015
1688, 0.6352, 32034
1689, 0.6352, 32054
1690, 0.6356, 32073
1691, 0.6355, 32092
1692, 0.6357, 32111
1693, 0.6357, 32130
1694, 0.6356, 32149
1695, 0.6356, 32168
1696, 0.6361, 32187
1697, 0.6362, 32207
1698, 0.6363, 32226
1699, 0.6362, 32246
1700, 0.6361, 32265
1701, 0.6365, 32284
1702, 0.6362, 32303
1703, 0.6364, 32322
1704, 0.6365, 32341
1705, 0.6367, 32360
1706, 0.6368, 32379
1707, 0.6371, 32399
1708, 0.6367, 32418
1709, 0.6368, 32437
1710, 0.6368, 32456
1711, 0.6369, 32475
1712, 0.6368, 32495
1713, 0.637, 32514
1714, 0.6369, 32533
1715, 0.6368, 32552
1716, 0.6371, 32572
1717, 0.6369, 32591
1718, 0.6368, 32610
1719, 0.6368, 32629
1720, 0.637, 32647
1721, 0.6371, 32666
1722, 0.637, 32685
1723, 0.6374, 32705
1724, 0.6373, 32724
1725, 0.6368, 32743
1726, 0.6371, 32762
1727, 0.637, 32781
1728, 0.6369, 32800
1729, 0.6369, 32819
1730, 0.6371, 32839
1731, 0.6374, 32858
1732, 0.6368, 32877
1733, 0.6374, 32896
1734, 0.6374, 32916
1735, 0.637, 32935
1736, 0.6377, 32954
1737, 0.6372, 32973
1738, 0.6371, 32992
1739, 0.6365, 33012
1740, 0.6366, 33031
1741, 0.6365, 33050
1742, 0.6367, 33069
1743, 0.6367, 33089
1744, 0.6366, 33108
1745, 0.6363, 33126
1746, 0.6364, 33145
1747, 0.6364, 33164
1748, 0.6364, 33183
1749, 0.6362, 33202
1750, 0.6363, 33222
1751, 0.6367, 33241
1752, 0.6364, 33260
1753, 0.6364, 33279
1754, 0.6363, 33299
1755, 0.6365, 33318
1756, 0.6365, 33337
1757, 0.6363, 33356
1758, 0.6363, 33375
1759, 0.6364, 33394
1760, 0.636, 33414
1761, 0.6359, 33433
1762, 0.6358, 33453
1763, 0.6358, 33472
1764, 0.6359, 33491
1765, 0.636, 33510
1766, 0.6358, 33530
1767, 0.6361, 33549
1768, 0.6362, 33568
1769, 0.6359, 33587
1770, 0.6365, 33606
1771, 0.6366, 33625
1772, 0.6366, 33644
1773, 0.6368, 33663
1774, 0.6363, 33682
1775, 0.6366, 33702
1776, 0.6369, 33721
1777, 0.6362, 33740
1778, 0.6363, 33759
1779, 0.6365, 33779
1780, 0.6366, 33798
1781, 0.6366, 33817
1782, 0.6366, 33836
1783, 0.6367, 33855
1784, 0.6366, 33875
1785, 0.6367, 33894
1786, 0.6368, 33913
1787, 0.6367, 33932
1788, 0.6367, 33952
1789, 0.6363, 33971
1790, 0.6367, 33990
1791, 0.6365, 34009
1792, 0.6366, 34028
1793, 0.6365, 34048
1794, 0.6365, 34067
1795, 0.6368, 34085
1796, 0.6367, 34105
1797, 0.6367, 34123
1798, 0.6369, 34142
1799, 0.6371, 34162
1800, 0.6369, 34181
1801, 0.6374, 34200
1802, 0.6374, 34219
1803, 0.6375, 34238
1804, 0.6375, 34257
1805, 0.6375, 34277
1806, 0.6379, 34296
1807, 0.6379, 34315
1808, 0.6384, 34335
1809, 0.6384, 34354
1810, 0.6385, 34373
1811, 0.6382, 34392
1812, 0.6381, 34411
1813, 0.6383, 34431
1814, 0.6382, 34450
1815, 0.6382, 34469
1816, 0.6385, 34488
1817, 0.6379, 34507
1818, 0.6382, 34526
1819, 0.6385, 34545
1820, 0.6388, 34564
1821, 0.6385, 34584
1822, 0.6387, 34603
1823, 0.639, 34622
1824, 0.6388, 34641
1825, 0.639, 34660
1826, 0.6388, 34679
1827, 0.6389, 34698
1828, 0.6388, 34717
1829, 0.6392, 34735
1830, 0.6387, 34754
1831, 0.6392, 34773
1832, 0.6389, 34793
1833, 0.6391, 34812
1834, 0.6392, 34831
1835, 0.6391, 34850
1836, 0.6392, 34869
1837, 0.6393, 34888
1838, 0.639, 34907
1839, 0.6391, 34926
1840, 0.6393, 34945
1841, 0.6388, 34964
1842, 0.639, 34984
1843, 0.639, 35003
1844, 0.6391, 35022
1845, 0.6388, 35042
1846, 0.6393, 35061
1847, 0.6389, 35080
1848, 0.639, 35099
1849, 0.639, 35118
1850, 0.6391, 35137
1851, 0.6391, 35157
1852, 0.6393, 35178
1853, 0.6391, 35196
1854, 0.6389, 35216
1855, 0.639, 35235
1856, 0.6389, 35254
1857, 0.6389, 35273
1858, 0.6387, 35292
1859, 0.6387, 35311
1860, 0.6388, 35330
1861, 0.6387, 35349
1862, 0.6387, 35368
1863, 0.6386, 35387
1864, 0.6386, 35406
1865, 0.6391, 35426
1866, 0.6392, 35445
1867, 0.6387, 35464
1868, 0.639, 35483
1869, 0.6388, 35502
1870, 0.6395, 35521
1871, 0.6396, 35540
1872, 0.6394, 35559
1873, 0.6401, 35578
1874, 0.6397, 35597
1875, 0.6397, 35617
1876, 0.6401, 35636
1877, 0.6398, 35655
1878, 0.6399, 35674
1879, 0.6397, 35693
1880, 0.6393, 35712
1881, 0.6397, 35731
1882, 0.6403, 35751
1883, 0.6399, 35770
1884, 0.6399, 35789
1885, 0.6402, 35808
1886, 0.6399, 35828
1887, 0.6403, 35847
1888, 0.6403, 35866
1889, 0.64, 35885
1890, 0.64, 35905
1891, 0.6402, 35924
1892, 0.6402, 35943
1893, 0.6397, 35962
1894, 0.6398, 35981
1895, 0.6397, 36000
1896, 0.6399, 36020
1897, 0.6399, 36039
1898, 0.6397, 36058
1899, 0.64, 36078
1900, 0.64, 36097
1901, 0.6399, 36116
1902, 0.6401, 36135
1903, 0.6401, 36155
1904, 0.6402, 36174
1905, 0.6405, 36192
1906, 0.6408, 36211
1907, 0.6405, 36230
1908, 0.6405, 36250
1909, 0.6407, 36269
1910, 0.6408, 36288
1911, 0.6403, 36307
1912, 0.641, 36326
1913, 0.6407, 36345
1914, 0.6406, 36365
1915, 0.6412, 36384
1916, 0.6411, 36402
1917, 0.6409, 36422
1918, 0.6411, 36441
1919, 0.6409, 36460
1920, 0.6407, 36480
1921, 0.641, 36499
1922, 0.6407, 36518
1923, 0.6411, 36537
1924, 0.6412, 36556
1925, 0.6408, 36576
1926, 0.6405, 36595
1927, 0.6407, 36614
1928, 0.6404, 36633
1929, 0.6405, 36652
1930, 0.6404, 36671
1931, 0.6408, 36690
1932, 0.6406, 36709
1933, 0.6404, 36729
1934, 0.6404, 36748
1935, 0.6404, 36767
1936, 0.6406, 36786
1937, 0.6408, 36806
1938, 0.6408, 36824
1939, 0.6405, 36843
1940, 0.6408, 36862
1941, 0.6403, 36882
1942, 0.6407, 36901
1943, 0.6406, 36920
1944, 0.6408, 36939
1945, 0.6406, 36958
1946, 0.6409, 36978
1947, 0.6406, 36997
1948, 0.6406, 37016
1949, 0.6409, 37035
1950, 0.6406, 37054
1951, 0.6413, 37073
1952, 0.6409, 37093
1953, 0.6408, 37112
1954, 0.6408, 37131
1955, 0.6405, 37150
1956, 0.6405, 37170
1957, 0.6408, 37189
1958, 0.6406, 37208
1959, 0.641, 37227
1960, 0.641, 37246
1961, 0.6408, 37265
1962, 0.6409, 37284
1963, 0.6407, 37303
1964, 0.6407, 37323
1965, 0.6408, 37342
1966, 0.6404, 37361
1967, 0.6406, 37380
1968, 0.6404, 37399
1969, 0.6401, 37418
1970, 0.6403, 37437
1971, 0.64, 37456
1972, 0.6401, 37475
1973, 0.6403, 37494
1974, 0.6401, 37513
1975, 0.6404, 37532
1976, 0.6404, 37552
1977, 0.6407, 37571
1978, 0.6404, 37590
1979, 0.6405, 37609
1980, 0.6407, 37629
1981, 0.6407, 37648
1982, 0.6408, 37667
1983, 0.6407, 37687
1984, 0.6409, 37706
1985, 0.6409, 37725
1986, 0.6407, 37743
1987, 0.6408, 37762
1988, 0.6402, 37781
1989, 0.6407, 37801
1990, 0.6407, 37820
1991, 0.6406, 37839
1992, 0.6405, 37858
1993, 0.6407, 37877
1994, 0.6403, 37896
1995, 0.6406, 37915
1996, 0.6404, 37934
1997, 0.6408, 37952
1998, 0.6405, 37972
1999, 0.6405, 37991
2000, 0.6406, 38010
2001, 0.6406, 38029
2002, 0.6408, 38048
2003, 0.6409, 38067
2004, 0.6405, 38086
2005, 0.6408, 38106
2006, 0.641, 38125
2007, 0.6405, 38144
2008, 0.6404, 38163
2009, 0.6409, 38182
2010, 0.6401, 38201
2011, 0.6406, 38220
2012, 0.6404, 38239
2013, 0.6405, 38258
2014, 0.6404, 38277
2015, 0.64, 38297
2016, 0.6402, 38316
2017, 0.6407, 38335
2018, 0.6402, 38354
2019, 0.6399, 38373
2020, 0.6403, 38393
2021, 0.6402, 38411
2022, 0.6403, 38430
2023, 0.6401, 38450
2024, 0.6402, 38469
2025, 0.6399, 38488
2026, 0.6404, 38507
2027, 0.6402, 38526
2028, 0.6402, 38545
2029, 0.6406, 38564
2030, 0.6404, 38583
2031, 0.6404, 38602
2032, 0.6407, 38621
2033, 0.6405, 38641
2034, 0.6406, 38660
2035, 0.6407, 38679
2036, 0.641, 38699
2037, 0.6406, 38718
2038, 0.6409, 38737
2039, 0.6409, 38756
2040, 0.6409, 38776
2041, 0.6408, 38794
2042, 0.6409, 38813
2043, 0.6408, 38832
2044, 0.6407, 38851
2045, 0.6408, 38870
2046, 0.6409, 38889
2047, 0.6408, 38908
2048, 0.6408, 38927
2049, 0.6406, 38946
2050, 0.6408, 38965
2051, 0.6411, 38984
2052, 0.6409, 39003
2053, 0.6411, 39022
2054, 0.6409, 39041
2055, 0.6409, 39060
2056, 0.6408, 39079
2057, 0.6407, 39098
2058, 0.6414, 39118
2059, 0.641, 39136
2060, 0.6408, 39155
2061, 0.6406, 39174
2062, 0.6406, 39193
2063, 0.6405, 39212
2064, 0.6406, 39231
2065, 0.6403, 39251
2066, 0.6404, 39270
2067, 0.6407, 39290
2068, 0.6403, 39309
2069, 0.6407, 39328
2070, 0.6404, 39347
2071, 0.6403, 39367
2072, 0.6402, 39386
2073, 0.6401, 39405
2074, 0.64, 39424
2075, 0.6404, 39443
2076, 0.6399, 39463
2077, 0.6401, 39482
2078, 0.6399, 39501
2079, 0.64, 39521
2080, 0.6399, 39540
2081, 0.6401, 39559
2082, 0.64, 39578
2083, 0.6396, 39598
2084, 0.6398, 39617
2085, 0.6396, 39636
2086, 0.6398, 39655
2087, 0.6396, 39674
2088, 0.6392, 39694
2089, 0.6395, 39712
2090, 0.6394, 39731
2091, 0.6392, 39750
2092, 0.6393, 39769
2093, 0.6395, 39789
2094, 0.6395, 39808
2095, 0.6391, 39827
2096, 0.6391, 39846
2097, 0.6391, 39864
2098, 0.6392, 39883
2099, 0.6393, 39903
2100, 0.6394, 39922
2101, 0.6389, 39942
2102, 0.6391, 39960
2103, 0.6393, 39980
2104, 0.6399, 39998
2105, 0.6395, 40017
2106, 0.6393, 40036
2107, 0.6394, 40055
2108, 0.6396, 40074
2109, 0.6395, 40093
2110, 0.6394, 40112
2111, 0.6394, 40131
2112, 0.6393, 40150
2113, 0.6391, 40169
2114, 0.6392, 40188
2115, 0.6387, 40207
2116, 0.6388, 40226
2117, 0.6388, 40245
2118, 0.6386, 40264
2119, 0.6386, 40283
2120, 0.6384, 40303
2121, 0.6383, 40323
2122, 0.6382, 40342
2123, 0.6382, 40361
2124, 0.6383, 40380
2125, 0.6381, 40399
2126, 0.6383, 40418
2127, 0.6384, 40438
2128, 0.6384, 40457
2129, 0.6385, 40476
2130, 0.6384, 40495
2131, 0.6385, 40514
2132, 0.6387, 40532
2133, 0.6387, 40551
2134, 0.6383, 40571
2135, 0.6386, 40590
2136, 0.6385, 40609
2137, 0.6385, 40628
2138, 0.6386, 40647
2139, 0.6386, 40666
2140, 0.6385, 40685
2141, 0.6389, 40704
2142, 0.6387, 40723
2143, 0.6382, 40742
2144, 0.6383, 40761
2145, 0.6384, 40780
2146, 0.6387, 40800
2147, 0.6387, 40819
2148, 0.6386, 40837
2149, 0.6384, 40856
2150, 0.6383, 40876
2151, 0.6387, 40895
2152, 0.6386, 40914
2153, 0.6389, 40933
2154, 0.6387, 40952
2155, 0.6387, 40971
2156, 0.6387, 40990
2157, 0.6389, 41010
2158, 0.6383, 41029
2159, 0.6385, 41048
2160, 0.6387, 41067
2161, 0.638, 41086
2162, 0.6382, 41105
2163, 0.6382, 41124
2164, 0.6387, 41143
2165, 0.6382, 41162
2166, 0.6382, 41182
2167, 0.6382, 41201
2168, 0.6381, 41220
2169, 0.6379, 41239
2170, 0.6376, 41258
2171, 0.6383, 41278
2172, 0.6376, 41297
2173, 0.6371, 41316
2174, 0.6378, 41336
2175, 0.638, 41355
2176, 0.6379, 41374
2177, 0.6375, 41393
2178, 0.6376, 41412
2179, 0.6376, 41431
2180, 0.6379, 41450
2181, 0.6374, 41470
2182, 0.6376, 41489
2183, 0.6376, 41508
2184, 0.6376, 41527
2185, 0.6373, 41546
2186, 0.6375, 41565
2187, 0.6378, 41584
2188, 0.6377, 41603
2189, 0.6375, 41623
2190, 0.6376, 41642
2191, 0.6372, 41661
2192, 0.6373, 41679
2193, 0.6375, 41698
2194, 0.6374, 41717
2195, 0.6376, 41737
2196, 0.6378, 41756
2197, 0.6376, 41775
2198, 0.6377, 41794
2199, 0.6381, 41813
2200, 0.638, 41832
2201, 0.6375, 41851
2202, 0.6381, 41871
2203, 0.638, 41890
2204, 0.6378, 41909
2205, 0.6383, 41928
2206, 0.6378, 41947
2207, 0.6378, 41966
2208, 0.6382, 41985
2209, 0.6385, 42004
2210, 0.6379, 42023
2211, 0.6379, 42042
2212, 0.6376, 42061
2213, 0.6375, 42080
2214, 0.6374, 42099
2215, 0.6375, 42118
2216, 0.6375, 42137
2217, 0.6377, 42157
2218, 0.6378, 42175
2219, 0.6377, 42195
2220, 0.6378, 42213
2221, 0.6376, 42232
2222, 0.6379, 42251
2223, 0.6375, 42270
2224, 0.6377, 42289
2225, 0.6379, 42308
2226, 0.6376, 42327
2227, 0.6379, 42346
2228, 0.6374, 42365
2229, 0.6379, 42384
2230, 0.6378, 42403
2231, 0.638, 42423
2232, 0.6374, 42442
2233, 0.6377, 42460
2234, 0.6376, 42479
2235, 0.6377, 42498
2236, 0.638, 42518
2237, 0.6376, 42536
2238, 0.6374, 42555
2239, 0.6371, 42574
2240, 0.6371, 42593
2241, 0.637, 42612
2242, 0.6372, 42631
2243, 0.6368, 42650
2244, 0.6369, 42669
2245, 0.6367, 42689
2246, 0.6364, 42707
2247, 0.6364, 42726
2248, 0.6363, 42745
2249, 0.6368, 42764
2250, 0.6367, 42783
2251, 0.6366, 42802
2252, 0.6367, 42821
2253, 0.6366, 42841
2254, 0.6361, 42860
2255, 0.6363, 42879
2256, 0.6369, 42898
2257, 0.637, 42917
2258, 0.6366, 42936
2259, 0.6365, 42955
2260, 0.6366, 42974
2261, 0.6365, 42994
2262, 0.6369, 43013
2263, 0.637, 43032
2264, 0.6367, 43051
2265, 0.6363, 43070
2266, 0.6361, 43089
2267, 0.6368, 43108
2268, 0.6368, 43127
2269, 0.6366, 43147
2270, 0.6367, 43167
2271, 0.6365, 43186
2272, 0.6365, 43204
2273, 0.6364, 43224
2274, 0.6365, 43243
2275, 0.6363, 43262
2276, 0.6364, 43281
2277, 0.6363, 43300
2278, 0.6365, 43319
2279, 0.6364, 43338
2280, 0.6365, 43357
2281, 0.6367, 43379
2282, 0.6364, 43399
2283, 0.6364, 43418
2284, 0.6364, 43438
2285, 0.6366, 43456
2286, 0.6362, 43476
2287, 0.6364, 43495
2288, 0.6367, 43514
2289, 0.6366, 43533
2290, 0.6368, 43552
2291, 0.637, 43571
2292, 0.6368, 43590
2293, 0.6366, 43609
2294, 0.6364, 43628
2295, 0.6363, 43647
2296, 0.6366, 43667
2297, 0.6364, 43686
2298, 0.6365, 43705
2299, 0.6366, 43725
2300, 0.636, 43744
2301, 0.6365, 43764
2302, 0.6361, 43783
2303, 0.6366, 43801
2304, 0.6363, 43820
2305, 0.6364, 43839
2306, 0.6365, 43859
2307, 0.6364, 43878
2308, 0.6361, 43897
2309, 0.6359, 43916
2310, 0.6361, 43935
2311, 0.636, 43954
2312, 0.6362, 43973
2313, 0.6361, 43993
2314, 0.6362, 44012
2315, 0.6362, 44031
2316, 0.6365, 44050
2317, 0.6365, 44069
2318, 0.636, 44088
2319, 0.6368, 44107
2320, 0.636, 44126
2321, 0.6362, 44145
2322, 0.6364, 44164
2323, 0.6365, 44183
2324, 0.6361, 44202
2325, 0.6361, 44221
2326, 0.6363, 44240
2327, 0.6362, 44258
2328, 0.6358, 44277
2329, 0.6361, 44296
2330, 0.6357, 44315
2331, 0.6357, 44334
2332, 0.636, 44353
2333, 0.6358, 44372
2334, 0.6359, 44391
2335, 0.6355, 44410
2336, 0.636, 44429
2337, 0.636, 44448
2338, 0.6361, 44467
2339, 0.6356, 44486
2340, 0.6359, 44505
2341, 0.6358, 44525
2342, 0.6357, 44544
2343, 0.6357, 44563
2344, 0.6355, 44582
2345, 0.6358, 44601
2346, 0.6355, 44620
2347, 0.6358, 44639
2348, 0.6355, 44658
2349, 0.6354, 44677
2350, 0.6357, 44696
2351, 0.6353, 44715
2352, 0.6353, 44735
2353, 0.6356, 44754
2354, 0.6352, 44773
2355, 0.6356, 44792
2356, 0.6356, 44811
2357, 0.6352, 44831
2358, 0.6356, 44850
2359, 0.6352, 44869
2360, 0.6348, 44888
2361, 0.6352, 44907
2362, 0.6352, 44926
2363, 0.6351, 44945
2364, 0.6355, 44964
2365, 0.6353, 44983
2366, 0.635, 45002
2367, 0.6352, 45021
2368, 0.6352, 45040
2369, 0.6353, 45059
2370, 0.6354, 45078
2371, 0.6354, 45097
2372, 0.6354, 45116
2373, 0.6352, 45135
2374, 0.6354, 45153
2375, 0.6353, 45172
2376, 0.6359, 45191
2377, 0.6357, 45209
2378, 0.6355, 45228
2379, 0.6355, 45247
2380, 0.6356, 45266
2381, 0.6359, 45285
2382, 0.6359, 45305
2383, 0.6358, 45324
2384, 0.6359, 45343
2385, 0.6356, 45362
2386, 0.6358, 45381
2387, 0.6354, 45400
2388, 0.6355, 45419
2389, 0.6359, 45438
2390, 0.6359, 45456
2391, 0.6358, 45476
2392, 0.6359, 45495
2393, 0.6358, 45514
2394, 0.6365, 45532
2395, 0.6366, 45551
2396, 0.6359, 45570
2397, 0.6366, 45589
2398, 0.6363, 45608
2399, 0.6367, 45628
2400, 0.6363, 45647
2401, 0.6367, 45665
2402, 0.6367, 45685
2403, 0.6365, 45703
2404, 0.6366, 45722
2405, 0.6368, 45741
2406, 0.6365, 45760
2407, 0.6363, 45779
2408, 0.6363, 45798
2409, 0.6363, 45817
2410, 0.6364, 45836
2411, 0.6363, 45855
2412, 0.6368, 45874
2413, 0.6364, 45893
2414, 0.6366, 45912
2415, 0.6367, 45931
2416, 0.6367, 45950
2417, 0.6368, 45969
2418, 0.6367, 45988
2419, 0.6368, 46007
2420, 0.637, 46026
2421, 0.6367, 46045
2422, 0.6367, 46064
2423, 0.6367, 46083
2424, 0.6367, 46102
2425, 0.6367, 46122
2426, 0.6364, 46141
2427, 0.6362, 46160
2428, 0.6362, 46179
2429, 0.6362, 46198
2430, 0.6363, 46217
2431, 0.6364, 46236
2432, 0.6368, 46255
2433, 0.6373, 46275
2434, 0.637, 46294
2435, 0.6371, 46313
2436, 0.6369, 46332
2437, 0.637, 46351
2438, 0.6375, 46370
2439, 0.6368, 46389
2440, 0.6373, 46409
2441, 0.6371, 46428
2442, 0.6369, 46447
2443, 0.637, 46466
2444, 0.6374, 46485
2445, 0.6373, 46504
2446, 0.6376, 46523
2447, 0.6374, 46542
2448, 0.6376, 46561
2449, 0.6371, 46580
2450, 0.6374, 46599
2451, 0.637, 46618
2452, 0.6373, 46637
2453, 0.6377, 46656
2454, 0.6372, 46675
2455, 0.6374, 46694
2456, 0.6374, 46713
2457, 0.6374, 46732
2458, 0.6372, 46751
2459, 0.6374, 46770
2460, 0.6379, 46789
2461, 0.6374, 46808
2462, 0.6373, 46827
2463, 0.6373, 46846
2464, 0.6375, 46865
2465, 0.6376, 46885
2466, 0.6376, 46904
2467, 0.6377, 46922
2468, 0.6375, 46941
2469, 0.6374, 46961
2470, 0.6374, 46980
2471, 0.6374, 46999
2472, 0.6378, 47018
2473, 0.6376, 47037
2474, 0.6374, 47056
2475, 0.6375, 47074
2476, 0.6374, 47094
2477, 0.6367, 47112
2478, 0.6367, 47132
2479, 0.6371, 47151
2480, 0.6367, 47170
2481, 0.6367, 47188
2482, 0.6367, 47207
2483, 0.6369, 47226
2484, 0.6369, 47245
2485, 0.6367, 47264
2486, 0.6363, 47283
2487, 0.6369, 47302
2488, 0.6364, 47321
2489, 0.6365, 47340
2490, 0.6363, 47358
2491, 0.6365, 47378
2492, 0.6363, 47397
2493, 0.6367, 47416
2494, 0.6366, 47435
2495, 0.6361, 47454
2496, 0.6359, 47473
2497, 0.636, 47491
2498, 0.636, 47510
2499, 0.636, 47530
2500, 0.6359, 47549
2501, 0.6365, 47568
2502, 0.6355, 47586
2503, 0.6356, 47605
2504, 0.6357, 47624
2505, 0.6359, 47643
2506, 0.6359, 47663
2507, 0.6361, 47682
2508, 0.6359, 47701
2509, 0.6359, 47720
2510, 0.636, 47739
2511, 0.6357, 47758
2512, 0.6362, 47777
2513, 0.6359, 47796
2514, 0.6361, 47815
2515, 0.6362, 47834
2516, 0.6361, 47853
2517, 0.6359, 47872
2518, 0.6359, 47891
2519, 0.6359, 47911
2520, 0.6361, 47929
2521, 0.6354, 47948
2522, 0.6361, 47967
2523, 0.636, 47986
2524, 0.6358, 48005
2525, 0.6359, 48024
2526, 0.6356, 48043
2527, 0.6359, 48063
2528, 0.6358, 48082
2529, 0.6358, 48101
2530, 0.6359, 48120
2531, 0.6357, 48139
2532, 0.636, 48158
2533, 0.6358, 48177
2534, 0.636, 48196
2535, 0.636, 48215
2536, 0.636, 48234
2537, 0.6364, 48252
2538, 0.6362, 48271
2539, 0.6361, 48290
2540, 0.6362, 48309
2541, 0.6362, 48328
2542, 0.6366, 48346
2543, 0.6364, 48365
2544, 0.6367, 48385
2545, 0.6364, 48404
2546, 0.6364, 48423
2547, 0.6363, 48442
2548, 0.6363, 48460
2549, 0.6363, 48479
2550, 0.6363, 48499
2551, 0.6364, 48518
2552, 0.6361, 48537
2553, 0.6362, 48556
2554, 0.6363, 48575
2555, 0.6363, 48595
2556, 0.6362, 48613
2557, 0.6359, 48632
2558, 0.6364, 48651
2559, 0.6363, 48670
2560, 0.636, 48689
2561, 0.636, 48708
2562, 0.636, 48728
2563, 0.6359, 48747
2564, 0.636, 48766
2565, 0.636, 48785
2566, 0.6361, 48804
2567, 0.6364, 48823
2568, 0.636, 48842
2569, 0.6359, 48861
2570, 0.6361, 48880
2571, 0.636, 48899
2572, 0.6357, 48919
2573, 0.6359, 48938
2574, 0.6364, 48957
2575, 0.636, 48976
2576, 0.6364, 48995
2577, 0.6358, 49014
2578, 0.6359, 49034
2579, 0.6358, 49053
2580, 0.636, 49072
2581, 0.6358, 49091
2582, 0.6362, 49109
2583, 0.636, 49128
2584, 0.6361, 49147
2585, 0.6365, 49166
2586, 0.6363, 49185
2587, 0.6363, 49204
2588, 0.6364, 49223
2589, 0.6365, 49242
2590, 0.6364, 49261
2591, 0.6367, 49280
2592, 0.6361, 49299
2593, 0.6367, 49317
2594, 0.6362, 49337
2595, 0.6362, 49356
2596, 0.6364, 49375
2597, 0.6362, 49394
2598, 0.6361, 49413
2599, 0.6359, 49432
2600, 0.636, 49451
2601, 0.636, 49471
2602, 0.6358, 49490
2603, 0.6356, 49509
2604, 0.636, 49528
2605, 0.6362, 49546
2606, 0.636, 49565
2607, 0.636, 49584
2608, 0.6358, 49604
2609, 0.6358, 49623
2610, 0.6357, 49642
2611, 0.6359, 49661
2612, 0.6355, 49680
2613, 0.6354, 49699
2614, 0.6355, 49718
2615, 0.6355, 49737
2616, 0.6351, 49756
2617, 0.6354, 49775
2618, 0.635, 49794
2619, 0.6353, 49813
2620, 0.6352, 49832
2621, 0.6351, 49851
2622, 0.6352, 49870
2623, 0.6354, 49889
2624, 0.6356, 49908
2625, 0.6352, 49927
2626, 0.6353, 49946
2627, 0.6352, 49965
2628, 0.6352, 49983
2629, 0.6352, 50003
2630, 0.6351, 50021
2631, 0.6354, 50041
2632, 0.6349, 50060
2633, 0.635, 50078
2634, 0.6352, 50097
2635, 0.635, 50116
2636, 0.6354, 50135
2637, 0.6351, 50154
2638, 0.635, 50173
2639, 0.6355, 50191
2640, 0.635, 50210
2641, 0.6348, 50229
2642, 0.6352, 50248
2643, 0.6351, 50267
2644, 0.635, 50286
2645, 0.635, 50305
2646, 0.6347, 50325
2647, 0.6346, 50344
2648, 0.6344, 50363
2649, 0.6341, 50383
2650, 0.6344, 50401
2651, 0.6343, 50421
2652, 0.6343, 50440
2653, 0.6345, 50459
2654, 0.6343, 50479
2655, 0.6342, 50498
2656, 0.6339, 50517
2657, 0.6335, 50536
2658, 0.6336, 50555
2659, 0.6336, 50574
2660, 0.6334, 50593
2661, 0.6335, 50612
2662, 0.6333, 50631
2663, 0.6334, 50650
2664, 0.6336, 50669
2665, 0.6335, 50688
2666, 0.6335, 50707
2667, 0.6332, 50726
2668, 0.6336, 50745
2669, 0.6333, 50763
2670, 0.6334, 50782
2671, 0.6334, 50801
2672, 0.6334, 50821
2673, 0.634, 50839
2674, 0.6337, 50858
2675, 0.6334, 50877
2676, 0.6337, 50897
2677, 0.6333, 50916
2678, 0.633, 50935
2679, 0.6333, 50954
2680, 0.6331, 50973
2681, 0.6331, 50991
2682, 0.6331, 51010
2683, 0.6333, 51029
2684, 0.6329, 51048
2685, 0.633, 51067
2686, 0.6329, 51086
2687, 0.6329, 51105
2688, 0.6329, 51124
2689, 0.6331, 51143
2690, 0.6331, 51162
2691, 0.6329, 51181
2692, 0.6331, 51200
2693, 0.6333, 51219
2694, 0.6329, 51238
2695, 0.6333, 51257
2696, 0.6333, 51276
2697, 0.633, 51295
2698, 0.6331, 51314
2699, 0.6328, 51333
2700, 0.6333, 51353
2701, 0.6331, 51372
2702, 0.6332, 51391
2703, 0.6331, 51410
2704, 0.6329, 51429
2705, 0.6328, 51448
2706, 0.6326, 51467
2707, 0.6331, 51486
2708, 0.6331, 51505
2709, 0.633, 51525
2710, 0.6327, 51543
2711, 0.633, 51562
2712, 0.6327, 51582
2713, 0.6327, 51601
2714, 0.6329, 51620
2715, 0.6327, 51639
2716, 0.6331, 51658
2717, 0.6329, 51677
2718, 0.6326, 51696
2719, 0.6327, 51715
2720, 0.6324, 51734
2721, 0.6325, 51753
2722, 0.6328, 51772
2723, 0.6327, 51791
2724, 0.6326, 51810
2725, 0.6329, 51829
2726, 0.6325, 51848
2727, 0.6324, 51867
2728, 0.6332, 51886
2729, 0.6329, 51905
2730, 0.633, 51924
2731, 0.6332, 51943
2732, 0.6331, 51962
2733, 0.6325, 51981
2734, 0.6329, 52000
2735, 0.6331, 52019
2736, 0.6327, 52038
2737, 0.6323, 52057
2738, 0.6329, 52076
2739, 0.6329, 52095
2740, 0.6326, 52115
2741, 0.6329, 52133
2742, 0.6328, 52152
2743, 0.633, 52171
2744, 0.6333, 52191
2745, 0.6327, 52210
2746, 0.6326, 52229
2747, 0.633, 52248
2748, 0.633, 52267
2749, 0.633, 52286
2750, 0.6328, 52305
2751, 0.633, 52324
2752, 0.6327, 52343
2753, 0.6329, 52362
2754, 0.6328, 52381
2755, 0.6322, 52400
2756, 0.6331, 52419
2757, 0.6324, 52439
2758, 0.6321, 52458
2759, 0.6317, 52477
2760, 0.6321, 52496
2761, 0.6316, 52515
2762, 0.6321, 52534
2763, 0.6317, 52553
2764, 0.6317, 52572
2765, 0.6319, 52591
2766, 0.6313, 52610
2767, 0.6315, 52629
2768, 0.6318, 52649
2769, 0.6318, 52668
2770, 0.6319, 52687
2771, 0.6322, 52706
2772, 0.6312, 52725
2773, 0.6313, 52744
2774, 0.6316, 52763
2775, 0.6314, 52782
2776, 0.6319, 52801
2777, 0.6314, 52820
2778, 0.6317, 52839
2779, 0.6312, 52859
2780, 0.6314, 52878
2781, 0.6313, 52896
2782, 0.6314, 52916
2783, 0.6314, 52935
2784, 0.6313, 52954
2785, 0.6314, 52973
2786, 0.6312, 52992
2787, 0.6313, 53011
2788, 0.6312, 53030
2789, 0.6311, 53049
2790, 0.6314, 53068
2791, 0.6313, 53088
2792, 0.6311, 53107
2793, 0.6309, 53126
2794, 0.6312, 53145
2795, 0.6311, 53164
2796, 0.6318, 53183
2797, 0.6309, 53203
2798, 0.6312, 53222
2799, 0.6311, 53241
2800, 0.631, 53260
2801, 0.6311, 53280
2802, 0.6312, 53299
2803, 0.6309, 53318
2804, 0.631, 53337
2805, 0.6308, 53356
2806, 0.6307, 53375
2807, 0.6307, 53395
2808, 0.631, 53414
2809, 0.6307, 53433
2810, 0.6309, 53452
2811, 0.6308, 53472
2812, 0.6306, 53491
2813, 0.6307, 53510
2814, 0.6307, 53529
2815, 0.6305, 53548
2816, 0.6305, 53567
2817, 0.6307, 53586
2818, 0.6305, 53605
2819, 0.6306, 53624
2820, 0.6309, 53643
2821, 0.631, 53663
2822, 0.6309, 53682
2823, 0.6307, 53701
2824, 0.6313, 53720
2825, 0.6307, 53739
2826, 0.6312, 53758
2827, 0.6309, 53778
2828, 0.6309, 53797
2829, 0.6312, 53816
2830, 0.6314, 53836
2831, 0.6314, 53855
2832, 0.6317, 53874
2833, 0.6306, 53894
2834, 0.6317, 53913
2835, 0.6313, 53932
2836, 0.6311, 53951
2837, 0.6313, 53970
2838, 0.6313, 53989
2839, 0.6314, 54008
2840, 0.6315, 54028
2841, 0.6318, 54047
2842, 0.6315, 54066
2843, 0.6317, 54085
2844, 0.6319, 54104
2845, 0.6313, 54123
2846, 0.6317, 54142
2847, 0.6316, 54161
2848, 0.6316, 54180
2849, 0.6316, 54199
2850, 0.6314, 54218
2851, 0.6318, 54237
2852, 0.6319, 54256
2853, 0.6314, 54275
2854, 0.6314, 54294
2855, 0.6314, 54313
2856, 0.6314, 54332
2857, 0.6317, 54351
2858, 0.6312, 54370
2859, 0.6313, 54389
2860, 0.6307, 54408
2861, 0.631, 54427
2862, 0.6315, 54446
2863, 0.6312, 54465
2864, 0.6306, 54485
2865, 0.6313, 54504
2866, 0.6312, 54522
2867, 0.6312, 54541
2868, 0.631, 54560
2869, 0.6313, 54580
2870, 0.6309, 54599
2871, 0.6312, 54619
2872, 0.6305, 54637
2873, 0.6309, 54657
2874, 0.6309, 54676
2875, 0.6308, 54696
2876, 0.6307, 54716
2877, 0.6309, 54735
2878, 0.6307, 54754
2879, 0.6308, 54773
2880, 0.6307, 54792
2881, 0.6309, 54812
2882, 0.6309, 54831
2883, 0.6307, 54850
2884, 0.6305, 54869
2885, 0.6308, 54888
2886, 0.6306, 54907
2887, 0.6306, 54926
2888, 0.6303, 54945
2889, 0.6305, 54964
2890, 0.6303, 54984
2891, 0.6304, 55003
2892, 0.6304, 55022
2893, 0.6305, 55042
2894, 0.6303, 55062
2895, 0.6306, 55081
2896, 0.6304, 55099
2897, 0.6304, 55118
2898, 0.6303, 55137
2899, 0.63, 55156
2900, 0.6305, 55174
2901, 0.6301, 55193
2902, 0.6305, 55212
2903, 0.6301, 55231
2904, 0.6299, 55250
2905, 0.6296, 55269
2906, 0.6301, 55288
2907, 0.63, 55308
2908, 0.63, 55327
2909, 0.6299, 55346
2910, 0.6298, 55365
2911, 0.6301, 55384
2912, 0.6297, 55402
2913, 0.63, 55421
2914, 0.6297, 55441
2915, 0.6296, 55460
2916, 0.6291, 55479
2917, 0.6296, 55498
2918, 0.6295, 55517
2919, 0.6296, 55536
2920, 0.6294, 55555
2921, 0.6293, 55574
2922, 0.6292, 55593
2923, 0.6292, 55612
2924, 0.6295, 55631
2925, 0.6293, 55650
2926, 0.6295, 55669
2927, 0.6291, 55688
2928, 0.6294, 55707
2929, 0.6301, 55726
2930, 0.6297, 55745
2931, 0.6298, 55764
2932, 0.6292, 55783
2933, 0.6297, 55803
2934, 0.6298, 55821
2935, 0.6296, 55840
2936, 0.6291, 55859
2937, 0.6295, 55879
2938, 0.6296, 55898
2939, 0.629, 55917
2940, 0.6295, 55935
2941, 0.6292, 55955
2942, 0.6292, 55974
2943, 0.6295, 55993
2944, 0.6293, 56012
2945, 0.6294, 56031
2946, 0.6289, 56050
2947, 0.6292, 56069
2948, 0.6288, 56089
2949, 0.6292, 56112
2950, 0.6283, 56131
2951, 0.6292, 56153
2952, 0.6289, 56174
2953, 0.6291, 56193
2954, 0.6285, 56212
2955, 0.6292, 56231
2956, 0.6291, 56251
2957, 0.629, 56269
2958, 0.6296, 56289
2959, 0.6289, 56308
2960, 0.629, 56327
2961, 0.6295, 56346
2962, 0.629, 56365
2963, 0.6292, 56384
2964, 0.6298, 56404
2965, 0.6299, 56423
2966, 0.6295, 56442
2967, 0.6296, 56461
2968, 0.6297, 56480
2969, 0.6299, 56499
2970, 0.6296, 56518
2971, 0.6298, 56538
2972, 0.6298, 56557
2973, 0.6298, 56577
2974, 0.6297, 56596
2975, 0.6296, 56615
2976, 0.6301, 56634
2977, 0.6296, 56653
2978, 0.6295, 56672
2979, 0.6295, 56690
2980, 0.6297, 56710
2981, 0.63, 56729
2982, 0.6299, 56748
2983, 0.6299, 56767
2984, 0.6299, 56786
2985, 0.6296, 56805
2986, 0.6294, 56824
2987, 0.6291, 56844
2988, 0.6298, 56863
2989, 0.6295, 56882
2990, 0.6296, 56901
2991, 0.6292, 56920
2992, 0.629, 56939
2993, 0.6296, 56958
2994, 0.6293, 56977
2995, 0.6293, 56996
2996, 0.6291, 57015
2997, 0.6293, 57035
2998, 0.6293, 57054
2999, 0.6289, 57073
3000, 0.6286, 57092
3001, 0.6288, 57112
3002, 0.6288, 57131
3003, 0.6289, 57150
3004, 0.6289, 57169
3005, 0.6288, 57189
3006, 0.6288, 57208
3007, 0.6285, 57227
3008, 0.6288, 57246
3009, 0.6287, 57265
3010, 0.6287, 57284
3011, 0.6284, 57303
3012, 0.6286, 57323
3013, 0.6288, 57342
3014, 0.6289, 57361
3015, 0.6291, 57380
3016, 0.6287, 57399
3017, 0.6289, 57418
3018, 0.6289, 57436
3019, 0.6286, 57456
3020, 0.6287, 57475
3021, 0.6286, 57494
3022, 0.6288, 57514
3023, 0.629, 57532
3024, 0.629, 57552
3025, 0.6291, 57571
3026, 0.6291, 57590
3027, 0.6291, 57609
3028, 0.6286, 57629
3029, 0.6291, 57648
3030, 0.629, 57667
3031, 0.6289, 57687
3032, 0.6286, 57706
3033, 0.6288, 57724
3034, 0.6288, 57743
3035, 0.6285, 57763
3036, 0.6285, 57782
3037, 0.6284, 57801
3038, 0.6285, 57820
3039, 0.6285, 57838
3040, 0.6283, 57858
3041, 0.6282, 57876
3042, 0.6285, 57896
3043, 0.6279, 57915
3044, 0.6278, 57934
3045, 0.6279, 57953
3046, 0.6283, 57972
3047, 0.6284, 57991
3048, 0.6279, 58011
3049, 0.6283, 58030
3050, 0.6281, 58049
3051, 0.6281, 58068
3052, 0.6279, 58087
3053, 0.6284, 58106
3054, 0.628, 58125
3055, 0.6277, 58144
3056, 0.6286, 58163
3057, 0.6284, 58182
3058, 0.6283, 58201
3059, 0.6281, 58220
3060, 0.6281, 58239
3061, 0.628, 58259
3062, 0.6279, 58278
3063, 0.6281, 58297
3064, 0.6279, 58316
3065, 0.6278, 58335
3066, 0.628, 58354
3067, 0.6279, 58373
3068, 0.6279, 58392
3069, 0.6278, 58411
3070, 0.628, 58430
3071, 0.6278, 58449
3072, 0.6277, 58468
3073, 0.6278, 58487
3074, 0.6281, 58506
3075, 0.628, 58525
3076, 0.6281, 58545
3077, 0.6283, 58563
3078, 0.6281, 58583
3079, 0.6278, 58602
3080, 0.6282, 58621
3081, 0.6283, 58640
3082, 0.6282, 58659
3083, 0.6283, 58678
3084, 0.6281, 58697
3085, 0.6286, 58716
3086, 0.6278, 58736
3087, 0.628, 58755
3088, 0.6281, 58773
3089, 0.6281, 58793
3090, 0.6283, 58812
3091, 0.6279, 58831
3092, 0.6277, 58851
3093, 0.6279, 58870
3094, 0.6276, 58889
3095, 0.6279, 58908
3096, 0.628, 58927
3097, 0.6281, 58946
3098, 0.6278, 58965
3099, 0.6279, 58984
3100, 0.6277, 59003
3101, 0.6278, 59022
3102, 0.6276, 59041
3103, 0.6278, 59061
3104, 0.6277, 59080
3105, 0.6279, 59099
3106, 0.6279, 59118
3107, 0.6279, 59138
3108, 0.6277, 59157
3109, 0.6278, 59176
3110, 0.6277, 59195
3111, 0.6279, 59214
3112, 0.6282, 59233
3113, 0.6281, 59252
3114, 0.6277, 59272
3115, 0.6278, 59291
3116, 0.6278, 59310
3117, 0.628, 59329
3118, 0.628, 59349
3119, 0.6279, 59368
3120, 0.6281, 59387
3121, 0.6275, 59406
3122, 0.628, 59425
3123, 0.628, 59444
3124, 0.6282, 59463
3125, 0.6278, 59482
3126, 0.6283, 59501
3127, 0.6282, 59520
3128, 0.6276, 59539
3129, 0.6277, 59558
3130, 0.6276, 59577
3131, 0.6275, 59596
3132, 0.6276, 59615
3133, 0.6271, 59635
3134, 0.6274, 59654
3135, 0.6273, 59673
3136, 0.6271, 59692
3137, 0.6271, 59711
3138, 0.6276, 59731
3139, 0.6274, 59750
3140, 0.6271, 59768
3141, 0.6272, 59787
3142, 0.6278, 59807
3143, 0.6272, 59826
3144, 0.6279, 59845
3145, 0.6272, 59864
3146, 0.6281, 59883
3147, 0.6275, 59902
3148, 0.6279, 59921
3149, 0.6279, 59940
3150, 0.6277, 59959
3151, 0.6277, 59978
3152, 0.6278, 59997
3153, 0.628, 60016
3154, 0.628, 60035
3155, 0.6281, 60053
3156, 0.6282, 60072
3157, 0.6282, 60091
3158, 0.6281, 60110
3159, 0.6279, 60129
3160, 0.6279, 60148
3161, 0.6281, 60167
3162, 0.6285, 60186
3163, 0.6279, 60205
3164, 0.6284, 60224
3165, 0.6276, 60243
3166, 0.628, 60262
3167, 0.6278, 60281
3168, 0.6278, 60300
3169, 0.6277, 60320
3170, 0.6281, 60339
3171, 0.6281, 60358
3172, 0.6281, 60376
3173, 0.6281, 60396
3174, 0.6283, 60415
3175, 0.6276, 60434
3176, 0.628, 60453
3177, 0.6273, 60473
3178, 0.6276, 60492
3179, 0.6279, 60511
3180, 0.6276, 60530
3181, 0.6281, 60549
3182, 0.6277, 60568
3183, 0.6279, 60587
3184, 0.6273, 60606
3185, 0.6272, 60626
3186, 0.6275, 60645
3187, 0.6277, 60664
3188, 0.6277, 60683
3189, 0.6273, 60702
3190, 0.6278, 60721
3191, 0.6272, 60740
3192, 0.6273, 60760
3193, 0.6277, 60778
3194, 0.6272, 60797
3195, 0.627, 60817
3196, 0.6273, 60835
3197, 0.627, 60855
3198, 0.6272, 60874
3199, 0.6271, 60893
3200, 0.6272, 60912
3201, 0.6272, 60931
3202, 0.6271, 60950
3203, 0.6272, 60969
3204, 0.6268, 60988
3205, 0.6268, 61007
3206, 0.6267, 61026
3207, 0.6268, 61045
3208, 0.6269, 61064
3209, 0.6262, 61083
3210, 0.6263, 61102
3211, 0.6262, 61121
3212, 0.6266, 61141
3213, 0.6261, 61160
3214, 0.6266, 61179
3215, 0.6264, 61198
3216, 0.6263, 61217
3217, 0.6267, 61236
3218, 0.6257, 61256
3219, 0.6266, 61275
3220, 0.6263, 61294
3221, 0.6263, 61313
3222, 0.6262, 61332
3223, 0.6265, 61352
3224, 0.6259, 61371
3225, 0.6265, 61390
3226, 0.626, 61409
3227, 0.6264, 61428
3228, 0.6264, 61447
3229, 0.6264, 61466
3230, 0.6266, 61485
3231, 0.6265, 61504
3232, 0.6268, 61523
3233, 0.6266, 61542
3234, 0.6265, 61561
3235, 0.6266, 61581
3236, 0.6265, 61600
3237, 0.6261, 61619
3238, 0.6264, 61638
3239, 0.6265, 61657
3240, 0.6268, 61676
3241, 0.6264, 61695
3242, 0.6264, 61715
3243, 0.6262, 61734
3244, 0.6266, 61753
3245, 0.6263, 61772
3246, 0.6259, 61791
3247, 0.6265, 61810
3248, 0.6257, 61829
3249, 0.6262, 61848
3250, 0.6264, 61867
3251, 0.6263, 61886
3252, 0.6259, 61906
3253, 0.6257, 61925
3254, 0.6262, 61944
3255, 0.6261, 61963
3256, 0.6261, 61982
3257, 0.6264, 62001
3258, 0.6264, 62021
3259, 0.6261, 62040
3260, 0.626, 62059
3261, 0.6259, 62077
3262, 0.6262, 62097
3263, 0.6257, 62116
3264, 0.6259, 62135
3265, 0.6255, 62154
3266, 0.6259, 62173
3267, 0.6262, 62192
3268, 0.6261, 62211
3269, 0.626, 62230
3270, 0.626, 62249
3271, 0.6253, 62268
3272, 0.6259, 62287
3273, 0.6257, 62307
3274, 0.6257, 62326
3275, 0.6254, 62346
3276, 0.6258, 62365
3277, 0.6257, 62384
3278, 0.6254, 62403
3279, 0.6255, 62422
3280, 0.6255, 62441
3281, 0.626, 62461
3282, 0.626, 62480
3283, 0.6254, 62499
3284, 0.6253, 62518
3285, 0.6254, 62537
3286, 0.6257, 62556
3287, 0.6262, 62575
3288, 0.6256, 62594
3289, 0.626, 62613
3290, 0.626, 62633
3291, 0.6257, 62652
3292, 0.626, 62671
3293, 0.6255, 62690
3294, 0.6258, 62709
3295, 0.6259, 62728
3296, 0.6255, 62747
3297, 0.6255, 62766
3298, 0.6254, 62785
3299, 0.6258, 62804
3300, 0.6257, 62823
3301, 0.626, 62842
3302, 0.6256, 62861
3303, 0.6257, 62880
3304, 0.6257, 62899
3305, 0.6257, 62919
3306, 0.6255, 62938
3307, 0.6256, 62957
3308, 0.6255, 62976
3309, 0.6258, 62995
3310, 0.6251, 63014
3311, 0.6263, 63033
3312, 0.6255, 63052
3313, 0.6256, 63072
3314, 0.6255, 63091
3315, 0.6255, 63111
3316, 0.6256, 63130
3317, 0.6255, 63149
3318, 0.6258, 63168
3319, 0.6258, 63187
3320, 0.6258, 63206
3321, 0.6251, 63225
3322, 0.6257, 63244
3323, 0.6259, 63263
3324, 0.6256, 63282
3325, 0.6255, 63301
3326, 0.6259, 63320
3327, 0.626, 63339
3328, 0.6261, 63358
3329, 0.6252, 63377
3330, 0.6258, 63397
3331, 0.6251, 63416
3332, 0.6257, 63435
3333, 0.6253, 63454
3334, 0.6256, 63474
3335, 0.6256, 63492
3336, 0.6253, 63512
3337, 0.6253, 63531
3338, 0.6248, 63550
3339, 0.6249, 63570
3340, 0.6254, 63589
3341, 0.6254, 63608
3342, 0.6249, 63627
3343, 0.6252, 63646
3344, 0.6253, 63666
3345, 0.6251, 63685
3346, 0.6252, 63704
3347, 0.6244, 63723
3348, 0.6251, 63742
3349, 0.6246, 63762
3350, 0.6245, 63781
3351, 0.6249, 63800
3352, 0.6247, 63819
3353, 0.6245, 63838
3354, 0.6243, 63857
3355, 0.6243, 63877
3356, 0.6246, 63896
3357, 0.6246, 63915
3358, 0.6247, 63934
3359, 0.6248, 63953
3360, 0.6244, 63972
3361, 0.6247, 63992
3362, 0.6242, 64011
3363, 0.6242, 64030
3364, 0.6243, 64049
3365, 0.6239, 64068
3366, 0.624, 64087
3367, 0.6241, 64107
3368, 0.6244, 64126
3369, 0.6241, 64145
3370, 0.6241, 64164
3371, 0.6242, 64183
3372, 0.6242, 64202
3373, 0.624, 64221
3374, 0.6239, 64240
3375, 0.6243, 64259
3376, 0.6243, 64278
3377, 0.624, 64297
3378, 0.6243, 64320
3379, 0.6242, 64340
3380, 0.6241, 64359
3381, 0.6245, 64381
3382, 0.6242, 64401
3383, 0.6248, 64420
3384, 0.6237, 64442
3385, 0.6242, 64462
3386, 0.6239, 64481
3387, 0.6242, 64502
3388, 0.6243, 64522
3389, 0.6235, 64541
3390, 0.6243, 64561
3391, 0.6241, 64580
3392, 0.6245, 64599
3393, 0.6245, 64619
3394, 0.6244, 64638
3395, 0.6239, 64657
3396, 0.6242, 64677
3397, 0.6247, 64696
3398, 0.6241, 64717
3399, 0.6241, 64737
3400, 0.6235, 64756
3401, 0.6239, 64776
3402, 0.6245, 64795
3403, 0.6242, 64815
3404, 0.6243, 64834
3405, 0.6245, 64854
3406, 0.6241, 64874
3407, 0.6243, 64893
3408, 0.6243, 64912
3409, 0.6245, 64932
3410, 0.6242, 64951
3411, 0.6239, 64970
3412, 0.6243, 64989
3413, 0.6238, 65008
3414, 0.6238, 65028
3415, 0.6239, 65047
3416, 0.624, 65066
3417, 0.6237, 65085
3418, 0.6243, 65104
3419, 0.6242, 65124
3420, 0.6238, 65142
3421, 0.6238, 65161
3422, 0.6235, 65181
3423, 0.624, 65200
3424, 0.6234, 65219
3425, 0.6238, 65238
3426, 0.6237, 65257
3427, 0.6236, 65277
3428, 0.6235, 65296
3429, 0.6233, 65315
3430, 0.6237, 65335
3431, 0.6235, 65354
3432, 0.6237, 65374
3433, 0.6234, 65393
3434, 0.6238, 65412
3435, 0.6239, 65431
3436, 0.6241, 65451
3437, 0.6235, 65470
3438, 0.6232, 65490
3439, 0.6235, 65509
3440, 0.6235, 65530
3441, 0.6236, 65551
3442, 0.6235, 65571
3443, 0.624, 65591
3444, 0.6235, 65611
3445, 0.6232, 65630
3446, 0.6234, 65650
3447, 0.6237, 65669
3448, 0.6231, 65689
3449, 0.6228, 65709
3450, 0.6233, 65728
3451, 0.6235, 65748
3452, 0.6234, 65767
3453, 0.6232, 65788
3454, 0.6228, 65807
3455, 0.6234, 65827
3456, 0.6231, 65847
3457, 0.623, 65867
3458, 0.6233, 65886
3459, 0.6226, 65907
3460, 0.6231, 65927
3461, 0.6227, 65947
3462, 0.6232, 65966
3463, 0.6231, 65987
3464, 0.6233, 66006
3465, 0.6229, 66025
3466, 0.6231, 66045
3467, 0.6227, 66064
3468, 0.6233, 66083
3469, 0.6226, 66102
3470, 0.6226, 66121
3471, 0.6225, 66140
3472, 0.6228, 66160
3473, 0.6226, 66179
3474, 0.6227, 66198
3475, 0.6225, 66217
3476, 0.6225, 66236
3477, 0.6221, 66255
3478, 0.6224, 66274
3479, 0.6225, 66293
3480, 0.6215, 66312
3481, 0.6221, 66331
3482, 0.6224, 66350
3483, 0.6223, 66369
3484, 0.622, 66388
3485, 0.6223, 66407
3486, 0.6218, 66426
3487, 0.6222, 66446
3488, 0.6217, 66465
3489, 0.6223, 66485
3490, 0.6212, 66504
3491, 0.6218, 66523
3492, 0.622, 66542
3493, 0.6215, 66562
3494, 0.6219, 66581
3495, 0.6218, 66600
3496, 0.6217, 66619
3497, 0.6218, 66638
3498, 0.6214, 66658
3499, 0.622, 66677
3500, 0.6222, 66696
3501, 0.622, 66715
3502, 0.6216, 66734
3503, 0.6219, 66753
3504, 0.622, 66773
3505, 0.6216, 66792
3506, 0.622, 66811
3507, 0.6211, 66829
3508, 0.6217, 66849
3509, 0.6217, 66868
3510, 0.6212, 66887
3511, 0.6217, 66906
3512, 0.6212, 66925
3513, 0.6215, 66944
3514, 0.6214, 66964
3515, 0.6209, 66983
3516, 0.6213, 67002
3517, 0.621, 67021
3518, 0.6212, 67040
3519, 0.6205, 67060
3520, 0.6212, 67079
3521, 0.6207, 67098
3522, 0.6213, 67117
3523, 0.6204, 67136
3524, 0.6209, 67156
3525, 0.6209, 67174
3526, 0.6206, 67194
3527, 0.6205, 67212
3528, 0.62, 67232
3529, 0.6205, 67250
3530, 0.6202, 67269
3531, 0.6205, 67289
3532, 0.6209, 67308
3533, 0.6203, 67327
3534, 0.6202, 67346
3535, 0.6202, 67365
3536, 0.6202, 67385
3537, 0.6201, 67404
3538, 0.62, 67423
3539, 0.6197, 67442
3540, 0.6206, 67461
3541, 0.6198, 67480
3542, 0.6205, 67499
3543, 0.6208, 67518
3544, 0.62, 67538
3545, 0.6201, 67557
3546, 0.6202, 67576
3547, 0.6204, 67596
3548, 0.6202, 67615
3549, 0.6199, 67634
3550, 0.6205, 67653
3551, 0.62, 67672
3552, 0.6202, 67691
3553, 0.6199, 67710
3554, 0.6198, 67730
3555, 0.6195, 67749
3556, 0.6195, 67768
3557, 0.6195, 67787
3558, 0.6193, 67806
3559, 0.6192, 67826
3560, 0.6193, 67845
3561, 0.6193, 67864
3562, 0.6192, 67883
3563, 0.619, 67902
3564, 0.6192, 67921
3565, 0.6188, 67940
3566, 0.6193, 67959
3567, 0.6188, 67979
3568, 0.6191, 67998
3569, 0.6191, 68017
3570, 0.619, 68037
3571, 0.6192, 68056
3572, 0.619, 68075
3573, 0.6191, 68095
3574, 0.6189, 68114
3575, 0.6188, 68133
3576, 0.6191, 68152
3577, 0.6186, 68171
3578, 0.6188, 68190
3579, 0.6187, 68209
3580, 0.6189, 68228
3581, 0.6183, 68247
3582, 0.6189, 68266
3583, 0.6191, 68285
3584, 0.619, 68305
3585, 0.6188, 68324
3586, 0.6189, 68343
3587, 0.6189, 68362
3588, 0.6184, 68381
3589, 0.6188, 68400
3590, 0.6186, 68419
3591, 0.6188, 68438
3592, 0.6188, 68457
3593, 0.6186, 68476
3594, 0.6185, 68496
3595, 0.6183, 68515
3596, 0.6184, 68534
3597, 0.6184, 68553
3598, 0.618, 68571
3599, 0.618, 68591
3600, 0.6184, 68610
3601, 0.6183, 68629
3602, 0.6184, 68648
3603, 0.6183, 68667
3604, 0.6183, 68686
3605, 0.6182, 68705
3606, 0.6183, 68724
3607, 0.618, 68743
3608, 0.6184, 68762
3609, 0.6182, 68781
3610, 0.6185, 68800
3611, 0.618, 68819
3612, 0.6181, 68839
3613, 0.6179, 68858
3614, 0.6184, 68877
3615, 0.6177, 68896
3616, 0.6178, 68915
3617, 0.6179, 68934
3618, 0.6175, 68953
3619, 0.6183, 68972
3620, 0.618, 68992
3621, 0.6179, 69011
3622, 0.618, 69030
3623, 0.6177, 69049
3624, 0.6178, 69069
3625, 0.6175, 69088
3626, 0.6174, 69107
3627, 0.6178, 69126
3628, 0.6174, 69146
3629, 0.6178, 69165
3630, 0.6181, 69183
3631, 0.6174, 69202
3632, 0.6176, 69221
3633, 0.6174, 69240
3634, 0.6177, 69259
3635, 0.6179, 69279
3636, 0.6172, 69298
3637, 0.6173, 69317
3638, 0.6174, 69335
3639, 0.6179, 69354
3640, 0.6172, 69374
3641, 0.6175, 69393
3642, 0.6174, 69412
3643, 0.6171, 69431
3644, 0.6174, 69450
3645, 0.6178, 69469
3646, 0.6176, 69488
3647, 0.6174, 69507
3648, 0.6171, 69526
3649, 0.6172, 69545
3650, 0.6172, 69565
3651, 0.6177, 69584
3652, 0.6178, 69603
3653, 0.6172, 69622
3654, 0.6175, 69641
3655, 0.6175, 69660
3656, 0.6179, 69680
3657, 0.6172, 69699
3658, 0.6177, 69718
3659, 0.6175, 69737
3660, 0.6176, 69757
3661, 0.6173, 69776
3662, 0.6175, 69795
3663, 0.6176, 69814
3664, 0.6177, 69834
3665, 0.6175, 69853
3666, 0.6175, 69872
3667, 0.617, 69891
3668, 0.6176, 69910
3669, 0.6171, 69930
3670, 0.6175, 69949
3671, 0.6176, 69969
3672, 0.6172, 69988
3673, 0.6169, 70007
3674, 0.6177, 70026
3675, 0.6177, 70045
3676, 0.6178, 70064
3677, 0.6177, 70084
3678, 0.6172, 70103
3679, 0.6172, 70122
3680, 0.6171, 70141
3681, 0.6175, 70160
3682, 0.6176, 70179
3683, 0.6177, 70198
3684, 0.6173, 70217
3685, 0.6176, 70236
3686, 0.6173, 70255
3687, 0.6169, 70274
3688, 0.6167, 70293
3689, 0.6173, 70312
3690, 0.6168, 70331
3691, 0.6177, 70350
3692, 0.6167, 70370
3693, 0.617, 70389
3694, 0.6165, 70408
3695, 0.6166, 70427
3696, 0.6168, 70447
3697, 0.6171, 70466
3698, 0.6169, 70485
3699, 0.6165, 70504
3700, 0.6169, 70523
3701, 0.6167, 70543
3702, 0.6167, 70562
3703, 0.6166, 70581
3704, 0.6164, 70600
3705, 0.6171, 70619
3706, 0.6166, 70639
3707, 0.6162, 70658
3708, 0.6173, 70677
3709, 0.6168, 70696
3710, 0.617, 70715
3711, 0.6164, 70735
3712, 0.6166, 70754
3713, 0.6174, 70774
3714, 0.6168, 70793
3715, 0.6173, 70813
3716, 0.6168, 70832
3717, 0.6174, 70851
3718, 0.6168, 70870
3719, 0.6168, 70889
3720, 0.6172, 70907
3721, 0.617, 70926
3722, 0.6168, 70946
3723, 0.6168, 70965
3724, 0.6173, 70984
3725, 0.6174, 71003
3726, 0.6172, 71022
3727, 0.617, 71042
3728, 0.6172, 71061
3729, 0.617, 71080
3730, 0.6173, 71099
3731, 0.6168, 71119
3732, 0.6169, 71138
3733, 0.6171, 71157
3734, 0.6169, 71176
3735, 0.6168, 71195
3736, 0.6171, 71214
3737, 0.6171, 71233
3738, 0.6168, 71252
3739, 0.6165, 71272
3740, 0.6167, 71291
3741, 0.6174, 71310
3742, 0.6168, 71329
3743, 0.6168, 71347
3744, 0.6171, 71366
3745, 0.6166, 71385
3746, 0.6167, 71404
3747, 0.6172, 71423
3748, 0.617, 71442
3749, 0.6173, 71461
3750, 0.6167, 71480
3751, 0.617, 71499
3752, 0.6166, 71519
3753, 0.6168, 71538
3754, 0.6164, 71557
3755, 0.6167, 71576
3756, 0.6169, 71596
3757, 0.6168, 71615
3758, 0.6165, 71634
3759, 0.6171, 71653
3760, 0.6168, 71673
3761, 0.6167, 71692
3762, 0.6168, 71712
3763, 0.6169, 71730
3764, 0.6164, 71749
3765, 0.6165, 71769
3766, 0.6169, 71789
3767, 0.6162, 71808
3768, 0.6165, 71827
3769, 0.6164, 71846
3770, 0.6165, 71865
3771, 0.6161, 71884
3772, 0.6158, 71903
3773, 0.6162, 71922
3774, 0.6161, 71941
3775, 0.6165, 71960
3776, 0.6162, 71979
3777, 0.6164, 71999
3778, 0.6161, 72018
3779, 0.6164, 72037
3780, 0.6161, 72056
3781, 0.6158, 72075
3782, 0.6157, 72095
3783, 0.6163, 72114
3784, 0.6158, 72133
3785, 0.6157, 72152
3786, 0.6159, 72171
3787, 0.6162, 72190
3788, 0.6162, 72209
3789, 0.616, 72228
3790, 0.6164, 72247
3791, 0.6168, 72266
3792, 0.6168, 72285
3793, 0.6165, 72304
3794, 0.6164, 72323
3795, 0.6162, 72341
3796, 0.617, 72360
3797, 0.6166, 72380
3798, 0.6166, 72399
3799, 0.6168, 72418
3800, 0.6169, 72437
3801, 0.6167, 72456
3802, 0.6167, 72475
3803, 0.6167, 72494
3804, 0.6174, 72514
3805, 0.6161, 72532
3806, 0.6165, 72552
3807, 0.6165, 72571
3808, 0.6167, 72589
3809, 0.6168, 72608
3810, 0.6165, 72628
3811, 0.6165, 72647
3812, 0.6167, 72666
3813, 0.6173, 72685
3814, 0.6165, 72704
3815, 0.6162, 72723
3816, 0.6164, 72742
3817, 0.6166, 72761
3818, 0.6169, 72780
3819, 0.6163, 72799
3820, 0.6162, 72819
3821, 0.6162, 72838
3822, 0.6167, 72857
3823, 0.616, 72876
3824, 0.6164, 72895
3825, 0.616, 72914
3826, 0.6158, 72933
3827, 0.6162, 72953
3828, 0.6161, 72972
3829, 0.6162, 72991
3830, 0.6163, 73011
3831, 0.6161, 73030
3832, 0.6163, 73049
3833, 0.6161, 73068
3834, 0.6156, 73087
3835, 0.6156, 73106
3836, 0.6162, 73125
3837, 0.6156, 73144
3838, 0.6161, 73163
3839, 0.6158, 73183
3840, 0.6164, 73202
3841, 0.6158, 73221
3842, 0.6162, 73240
3843, 0.6158, 73260
3844, 0.6162, 73279
3845, 0.6162, 73298
3846, 0.6159, 73317
3847, 0.6159, 73337
3848, 0.6157, 73356
3849, 0.6155, 73375
3850, 0.6157, 73394
3851, 0.6154, 73413
3852, 0.6152, 73432
3853, 0.6155, 73452
3854, 0.6147, 73471
3855, 0.6156, 73491
3856, 0.6149, 73510
3857, 0.6151, 73529
3858, 0.615, 73548
3859, 0.6151, 73568
3860, 0.6147, 73587
3861, 0.6147, 73606
3862, 0.6146, 73626
3863, 0.6151, 73645
3864, 0.6145, 73664
3865, 0.6148, 73683
3866, 0.6143, 73702
3867, 0.6148, 73721
3868, 0.614, 73740
3869, 0.6143, 73760
3870, 0.6145, 73779
3871, 0.6141, 73798
3872, 0.6145, 73817
3873, 0.6147, 73836
3874, 0.6142, 73855
3875, 0.6143, 73874
3876, 0.6143, 73893
3877, 0.6142, 73913
3878, 0.6145, 73932
3879, 0.6142, 73951
3880, 0.6143, 73970
3881, 0.6142, 73989
3882, 0.6149, 74008
3883, 0.6144, 74027
3884, 0.6143, 74046
3885, 0.6142, 74065
3886, 0.6145, 74084
3887, 0.6147, 74104
3888, 0.6142, 74124
3889, 0.6146, 74143
3890, 0.6143, 74162
3891, 0.6145, 74181
3892, 0.6144, 74200
3893, 0.6146, 74219
3894, 0.6145, 74239
3895, 0.6153, 74258
3896, 0.6146, 74277
3897, 0.6148, 74296
3898, 0.6147, 74315
3899, 0.6147, 74334
3900, 0.6147, 74353
3901, 0.6145, 74372
3902, 0.6145, 74391
3903, 0.6143, 74411
3904, 0.6148, 74430
3905, 0.6139, 74449
3906, 0.6143, 74468
3907, 0.6148, 74487
3908, 0.6149, 74508
3909, 0.6146, 74529
3910, 0.6147, 74549
3911, 0.6149, 74569
3912, 0.6147, 74590
