1, 0.0781, 27
2, 0.0805, 46
3, 0.0811, 64
4, 0.0814, 83
5, 0.0832, 103
6, 0.0859, 122
7, 0.0891, 142
8, 0.0921, 160
9, 0.0949, 178
10, 0.0974, 195
11, 0.0995, 214
12, 0.1031, 231
13, 0.1084, 249
14, 0.1124, 266
15, 0.1158, 285
16, 0.1202, 302
17, 0.1223, 319
18, 0.1239, 337
19, 0.1266, 354
20, 0.1288, 371
21, 0.1313, 389
22, 0.1331, 406
23, 0.1342, 424
24, 0.1358, 442
25, 0.1359, 459
26, 0.1366, 477
27, 0.1379, 494
28, 0.1377, 512
29, 0.14, 530
30, 0.1397, 548
31, 0.1406, 566
32, 0.1411, 583
33, 0.1423, 601
34, 0.1433, 619
35, 0.1446, 636
36, 0.1453, 654
37, 0.1461, 671
38, 0.1483, 689
39, 0.15, 707
40, 0.1516, 724
41, 0.1532, 742
42, 0.1532, 759
43, 0.1556, 777
44, 0.1579, 794
45, 0.1609, 812
46, 0.1622, 830
47, 0.1638, 847
48, 0.1652, 865
49, 0.1676, 882
50, 0.1704, 899
51, 0.1706, 917
52, 0.1699, 934
53, 0.1708, 952
54, 0.1715, 969
55, 0.1723, 987
56, 0.1726, 1004
57, 0.1728, 1022
58, 0.1723, 1039
59, 0.1731, 1057
60, 0.1736, 1074
61, 0.1738, 1092
62, 0.1747, 1109
63, 0.1747, 1127
64, 0.1754, 1145
65, 0.1761, 1162
66, 0.1766, 1179
67, 0.1796, 1197
68, 0.1808, 1214
69, 0.182, 1232
70, 0.1834, 1250
71, 0.1849, 1268
72, 0.1866, 1285
73, 0.1881, 1303
74, 0.1892, 1321
75, 0.1911, 1338
76, 0.1915, 1356
77, 0.1938, 1373
78, 0.1972, 1391
79, 0.2016, 1408
80, 0.2062, 1425
81, 0.2083, 1443
82, 0.2126, 1460
83, 0.216, 1477
84, 0.2186, 1495
85, 0.2219, 1513
86, 0.2242, 1530
87, 0.2253, 1548
88, 0.2278, 1565
89, 0.2297, 1582
90, 0.2304, 1600
91, 0.2337, 1618
92, 0.2369, 1635
93, 0.2386, 1653
94, 0.2404, 1670
95, 0.242, 1688
96, 0.2436, 1705
97, 0.2445, 1723
98, 0.2467, 1740
99, 0.2487, 1758
100, 0.2512, 1775
101, 0.2539, 1793
102, 0.2564, 1811
103, 0.2583, 1828
104, 0.2608, 1846
105, 0.2633, 1863
106, 0.2669, 1881
107, 0.2692, 1898
108, 0.2705, 1915
109, 0.274, 1932
110, 0.2777, 1950
111, 0.2797, 1967
112, 0.2804, 1985
113, 0.2828, 2002
114, 0.2854, 2020
115, 0.2889, 2037
116, 0.2907, 2055
117, 0.293, 2072
118, 0.2935, 2090
119, 0.2958, 2111
120, 0.2972, 2130
121, 0.2977, 2148
122, 0.2983, 2167
123, 0.2994, 2185
124, 0.2994, 2206
125, 0.3015, 2224
126, 0.3019, 2242
127, 0.3026, 2261
128, 0.3025, 2279
129, 0.304, 2297
130, 0.305, 2315
131, 0.3062, 2333
132, 0.3066, 2351
133, 0.3084, 2368
134, 0.3098, 2386
135, 0.3115, 2404
136, 0.3126, 2421
137, 0.3142, 2439
138, 0.3155, 2456
139, 0.3158, 2474
140, 0.3163, 2491
141, 0.3174, 2509
142, 0.3181, 2527
143, 0.3185, 2545
144, 0.3189, 2563
145, 0.3194, 2580
146, 0.321, 2598
147, 0.3225, 2616
148, 0.3229, 2633
149, 0.3231, 2651
150, 0.3242, 2669
151, 0.3249, 2686
152, 0.3259, 2704
153, 0.3266, 2721
154, 0.3278, 2738
155, 0.3287, 2757
156, 0.3293, 2774
157, 0.3301, 2792
158, 0.3305, 2809
159, 0.3318, 2827
160, 0.3319, 2845
161, 0.3327, 2862
162, 0.3342, 2880
163, 0.3342, 2897
164, 0.3352, 2915
165, 0.3359, 2933
166, 0.3371, 2950
167, 0.3381, 2968
168, 0.3385, 2986
169, 0.339, 3004
170, 0.3405, 3021
171, 0.3414, 3039
172, 0.3426, 3056
173, 0.3442, 3073
174, 0.3445, 3091
175, 0.3448, 3108
176, 0.3461, 3126
177, 0.3465, 3144
178, 0.3471, 3161
179, 0.348, 3179
180, 0.3498, 3196
181, 0.3509, 3214
182, 0.3513, 3231
183, 0.3525, 3249
184, 0.3534, 3266
185, 0.3544, 3284
186, 0.3551, 3301
187, 0.3561, 3318
188, 0.3565, 3336
189, 0.3573, 3354
190, 0.3584, 3371
191, 0.3589, 3388
192, 0.3594, 3406
193, 0.3605, 3424
194, 0.3606, 3441
195, 0.3617, 3459
196, 0.3625, 3476
197, 0.363, 3495
198, 0.3634, 3512
199, 0.3644, 3529
200, 0.3654, 3547
201, 0.366, 3564
202, 0.3658, 3582
203, 0.3659, 3600
204, 0.3664, 3618
205, 0.3668, 3636
206, 0.3677, 3654
207, 0.3688, 3671
208, 0.3694, 3689
209, 0.3704, 3706
210, 0.3712, 3724
211, 0.372, 3741
212, 0.3733, 3758
213, 0.3738, 3776
214, 0.3758, 3794
215, 0.3779, 3812
216, 0.3782, 3829
217, 0.3787, 3847
218, 0.3799, 3864
219, 0.3807, 3881
220, 0.3814, 3898
221, 0.3822, 3916
222, 0.3828, 3933
223, 0.3827, 3951
224, 0.3831, 3968
225, 0.3836, 3986
226, 0.3838, 4004
227, 0.3844, 4021
228, 0.3855, 4039
229, 0.3869, 4057
230, 0.3872, 4075
231, 0.3874, 4092
232, 0.3886, 4109
233, 0.3889, 4127
234, 0.3896, 4144
235, 0.3906, 4161
236, 0.3914, 4178
237, 0.3918, 4196
238, 0.3929, 4213
239, 0.3933, 4231
240, 0.3944, 4249
241, 0.3945, 4266
242, 0.3957, 4284
243, 0.3958, 4302
244, 0.3953, 4320
245, 0.3952, 4337
246, 0.3961, 4355
247, 0.3968, 4372
248, 0.3972, 4390
249, 0.3982, 4407
250, 0.3988, 4425
251, 0.3986, 4442
252, 0.3982, 4460
253, 0.3982, 4477
254, 0.3989, 4495
255, 0.3991, 4512
256, 0.3991, 4530
257, 0.3995, 4547
258, 0.401, 4565
259, 0.4009, 4583
260, 0.4012, 4600
261, 0.4022, 4618
262, 0.4029, 4635
263, 0.4027, 4653
264, 0.4037, 4670
265, 0.4053, 4688
266, 0.4057, 4705
267, 0.4063, 4723
268, 0.4064, 4740
269, 0.407, 4758
270, 0.4072, 4775
271, 0.408, 4793
272, 0.4089, 4810
273, 0.4095, 4828
274, 0.4098, 4845
275, 0.4105, 4863
276, 0.4111, 4880
277, 0.4123, 4898
278, 0.4128, 4915
279, 0.4134, 4933
280, 0.4142, 4950
281, 0.4143, 4968
282, 0.4152, 4986
283, 0.416, 5004
284, 0.4163, 5021
285, 0.4166, 5038
286, 0.4165, 5056
287, 0.4171, 5074
288, 0.4178, 5091
289, 0.4175, 5108
290, 0.4177, 5126
291, 0.4184, 5143
292, 0.4184, 5161
293, 0.4191, 5178
294, 0.4191, 5196
295, 0.4197, 5214
296, 0.4201, 5231
297, 0.4204, 5249
298, 0.4213, 5267
299, 0.4218, 5284
300, 0.4222, 5302
301, 0.4224, 5320
302, 0.4224, 5338
303, 0.4225, 5356
304, 0.423, 5373
305, 0.4234, 5391
306, 0.4234, 5409
307, 0.4246, 5427
308, 0.4255, 5445
309, 0.4262, 5463
310, 0.4264, 5480
311, 0.4272, 5497
312, 0.4281, 5515
313, 0.4283, 5533
314, 0.4296, 5550
315, 0.4295, 5568
316, 0.4295, 5585
317, 0.4297, 5603
318, 0.4299, 5621
319, 0.431, 5638
320, 0.431, 5656
321, 0.4314, 5673
322, 0.4317, 5691
323, 0.432, 5709
324, 0.4321, 5726
325, 0.4322, 5743
326, 0.4327, 5761
327, 0.433, 5778
328, 0.4328, 5796
329, 0.4327, 5813
330, 0.4332, 5831
331, 0.4334, 5849
332, 0.4336, 5866
333, 0.4341, 5883
334, 0.4343, 5901
335, 0.4346, 5918
336, 0.4353, 5936
337, 0.4354, 5953
338, 0.4357, 5971
339, 0.436, 5989
340, 0.4367, 6006
341, 0.4372, 6023
342, 0.4378, 6041
343, 0.4383, 6058
344, 0.439, 6075
345, 0.4394, 6093
346, 0.4393, 6110
347, 0.4393, 6128
348, 0.4399, 6146
349, 0.4406, 6163
350, 0.4413, 6181
351, 0.4414, 6198
352, 0.4414, 6216
353, 0.4421, 6233
354, 0.4428, 6251
355, 0.4434, 6268
356, 0.4432, 6286
357, 0.4434, 6304
358, 0.4441, 6321
359, 0.4441, 6339
360, 0.4448, 6356
361, 0.4449, 6374
362, 0.4453, 6391
363, 0.4463, 6409
364, 0.447, 6427
365, 0.4468, 6444
366, 0.4472, 6462
367, 0.4475, 6479
368, 0.4473, 6497
369, 0.4476, 6514
370, 0.4483, 6532
371, 0.4491, 6549
372, 0.4496, 6567
373, 0.4499, 6589
374, 0.4511, 6607
375, 0.4518, 6629
376, 0.4525, 6646
377, 0.4532, 6665
378, 0.454, 6682
379, 0.4546, 6700
380, 0.4555, 6717
381, 0.4557, 6735
382, 0.4562, 6752
383, 0.4568, 6770
384, 0.4569, 6788
385, 0.457, 6806
386, 0.4576, 6824
387, 0.4577, 6841
388, 0.4581, 6859
389, 0.4589, 6876
390, 0.4598, 6894
391, 0.4599, 6911
392, 0.4602, 6929
393, 0.4609, 6946
394, 0.4609, 6964
395, 0.4613, 6982
396, 0.4613, 7000
397, 0.4616, 7018
398, 0.4625, 7035
399, 0.4627, 7053
400, 0.4635, 7070
401, 0.464, 7088
402, 0.4646, 7105
403, 0.4651, 7122
404, 0.4656, 7140
405, 0.4661, 7158
406, 0.4663, 7176
407, 0.4666, 7193
408, 0.467, 7211
409, 0.4673, 7228
410, 0.4676, 7245
411, 0.4683, 7263
412, 0.4679, 7281
413, 0.4685, 7298
414, 0.4687, 7316
415, 0.4687, 7333
416, 0.4695, 7350
417, 0.4699, 7368
418, 0.4705, 7385
419, 0.4708, 7403
420, 0.4708, 7420
421, 0.4713, 7438
422, 0.4715, 7456
423, 0.4715, 7473
424, 0.4719, 7490
425, 0.4711, 7508
426, 0.472, 7525
427, 0.4724, 7543
428, 0.4727, 7560
429, 0.4726, 7577
430, 0.473, 7594
431, 0.4736, 7612
432, 0.4738, 7629
433, 0.4741, 7647
434, 0.474, 7665
435, 0.474, 7683
436, 0.4739, 7701
437, 0.4737, 7718
438, 0.4737, 7736
439, 0.4736, 7753
440, 0.474, 7771
441, 0.4744, 7789
442, 0.4741, 7806
443, 0.4743, 7824
444, 0.4741, 7842
445, 0.4748, 7859
446, 0.4744, 7876
447, 0.4749, 7894
448, 0.4751, 7912
449, 0.4752, 7929
450, 0.4756, 7947
451, 0.4758, 7964
452, 0.4765, 7982
453, 0.4767, 7999
454, 0.4772, 8017
455, 0.4769, 8035
456, 0.4775, 8052
457, 0.4772, 8070
458, 0.4784, 8087
459, 0.4788, 8105
460, 0.4787, 8122
461, 0.4783, 8141
462, 0.4787, 8158
463, 0.4789, 8176
464, 0.4793, 8194
465, 0.4794, 8211
466, 0.4795, 8229
467, 0.4801, 8247
468, 0.4798, 8264
469, 0.4802, 8282
470, 0.4808, 8299
471, 0.4813, 8317
472, 0.4814, 8335
473, 0.4812, 8352
474, 0.4815, 8370
475, 0.4813, 8388
476, 0.4819, 8405
477, 0.4823, 8423
478, 0.4827, 8440
479, 0.4829, 8457
480, 0.4829, 8475
481, 0.4829, 8493
482, 0.483, 8510
483, 0.4831, 8528
484, 0.4832, 8546
485, 0.4832, 8563
486, 0.484, 8581
487, 0.4842, 8598
488, 0.4842, 8616
489, 0.4848, 8633
490, 0.485, 8650
491, 0.4852, 8668
492, 0.4852, 8686
493, 0.4861, 8703
494, 0.4862, 8721
495, 0.4867, 8739
496, 0.4869, 8757
497, 0.488, 8775
498, 0.4882, 8792
499, 0.4886, 8809
500, 0.4893, 8827
501, 0.4897, 8845
502, 0.4902, 8862
503, 0.4898, 8880
504, 0.4905, 8898
505, 0.4911, 8916
506, 0.4912, 8933
507, 0.4914, 8951
508, 0.4924, 8969
509, 0.4926, 8986
510, 0.4928, 9004
511, 0.4929, 9021
512, 0.4934, 9039
513, 0.4935, 9056
514, 0.4937, 9074
515, 0.4935, 9092
516, 0.4938, 9109
517, 0.4942, 9127
518, 0.4944, 9145
519, 0.4948, 9162
520, 0.4948, 9179
521, 0.4949, 9197
522, 0.4952, 9215
523, 0.4951, 9232
524, 0.4949, 9249
525, 0.4955, 9267
526, 0.4951, 9285
527, 0.495, 9303
528, 0.4949, 9321
529, 0.4952, 9339
530, 0.4949, 9356
531, 0.4953, 9374
532, 0.4955, 9392
533, 0.496, 9409
534, 0.4961, 9427
535, 0.4964, 9445
536, 0.4964, 9462
537, 0.4963, 9480
538, 0.4965, 9498
539, 0.4967, 9515
540, 0.4966, 9533
541, 0.4968, 9550
542, 0.4972, 9568
543, 0.4973, 9585
544, 0.4975, 9602
545, 0.4982, 9620
546, 0.4986, 9638
547, 0.4989, 9656
548, 0.4992, 9674
549, 0.4995, 9691
550, 0.4998, 9709
551, 0.5001, 9727
552, 0.5006, 9744
553, 0.5009, 9761
554, 0.5012, 9779
555, 0.5011, 9796
556, 0.5009, 9814
557, 0.5015, 9831
558, 0.5014, 9848
559, 0.5017, 9866
560, 0.5023, 9883
561, 0.5023, 9901
562, 0.5026, 9919
563, 0.5029, 9936
564, 0.503, 9954
565, 0.5031, 9971
566, 0.5033, 9989
567, 0.5033, 10006
568, 0.5036, 10024
569, 0.5038, 10041
570, 0.5043, 10059
571, 0.5044, 10076
572, 0.5047, 10094
573, 0.5048, 10111
574, 0.5053, 10129
575, 0.5055, 10147
576, 0.5061, 10164
577, 0.5067, 10182
578, 0.5066, 10200
579, 0.5068, 10217
580, 0.5073, 10235
581, 0.5073, 10253
582, 0.5078, 10270
583, 0.5079, 10287
584, 0.5084, 10305
585, 0.5083, 10323
586, 0.5084, 10340
587, 0.5084, 10358
588, 0.509, 10375
589, 0.5093, 10393
590, 0.5094, 10410
591, 0.5096, 10428
592, 0.5096, 10446
593, 0.5095, 10463
594, 0.5104, 10481
595, 0.5112, 10499
596, 0.5115, 10516
597, 0.5117, 10534
598, 0.512, 10551
599, 0.5124, 10568
600, 0.5122, 10586
601, 0.5123, 10604
602, 0.5129, 10621
603, 0.5129, 10639
604, 0.5136, 10657
605, 0.5137, 10674
606, 0.5141, 10692
607, 0.514, 10709
608, 0.5142, 10726
609, 0.5144, 10744
610, 0.5149, 10762
611, 0.5148, 10779
612, 0.5152, 10796
613, 0.5151, 10814
614, 0.5152, 10831
615, 0.5154, 10849
616, 0.5155, 10867
617, 0.5159, 10884
618, 0.5162, 10902
619, 0.5163, 10919
620, 0.517, 10937
621, 0.5172, 10955
622, 0.5176, 10973
623, 0.518, 10990
624, 0.5182, 11008
625, 0.519, 11026
626, 0.5195, 11043
627, 0.52, 11061
628, 0.52, 11079
629, 0.5202, 11097
630, 0.5202, 11115
631, 0.52, 11133
632, 0.5201, 11150
633, 0.52, 11168
634, 0.5201, 11186
635, 0.5202, 11203
636, 0.5203, 11221
637, 0.5203, 11238
638, 0.5206, 11256
639, 0.5207, 11274
640, 0.5211, 11291
641, 0.5214, 11309
642, 0.5217, 11326
643, 0.5222, 11344
644, 0.5221, 11362
645, 0.5219, 11379
646, 0.5222, 11397
647, 0.5222, 11415
648, 0.5219, 11433
649, 0.5223, 11450
650, 0.5223, 11468
651, 0.5225, 11485
652, 0.5228, 11503
653, 0.5231, 11520
654, 0.5232, 11538
655, 0.5235, 11556
656, 0.5235, 11573
657, 0.5236, 11591
658, 0.5239, 11608
659, 0.5242, 11626
660, 0.5245, 11644
661, 0.5251, 11662
662, 0.5253, 11680
663, 0.525, 11697
664, 0.5254, 11715
665, 0.526, 11732
666, 0.5261, 11750
667, 0.5264, 11768
668, 0.5268, 11786
669, 0.5271, 11804
670, 0.5276, 11821
671, 0.5278, 11839
672, 0.5274, 11857
673, 0.5282, 11874
674, 0.5279, 11892
675, 0.5283, 11910
676, 0.5283, 11928
677, 0.5287, 11945
678, 0.5288, 11962
679, 0.5289, 11980
680, 0.5291, 11998
681, 0.5297, 12016
682, 0.5294, 12033
683, 0.53, 12051
684, 0.5304, 12069
685, 0.5307, 12086
686, 0.5313, 12103
687, 0.5316, 12121
688, 0.5314, 12138
689, 0.5318, 12156
690, 0.5318, 12173
691, 0.5325, 12191
692, 0.532, 12208
693, 0.5323, 12226
694, 0.5326, 12244
695, 0.5328, 12261
696, 0.5329, 12279
697, 0.533, 12296
698, 0.5325, 12314
699, 0.5325, 12332
700, 0.5327, 12350
701, 0.533, 12367
702, 0.533, 12384
703, 0.533, 12402
704, 0.533, 12420
705, 0.5331, 12437
706, 0.5336, 12455
707, 0.5338, 12473
708, 0.5338, 12491
709, 0.5342, 12508
710, 0.5342, 12526
711, 0.5341, 12543
712, 0.5342, 12561
713, 0.5344, 12578
714, 0.5344, 12595
715, 0.5345, 12613
716, 0.5349, 12630
717, 0.5353, 12648
718, 0.5354, 12666
719, 0.5354, 12683
720, 0.5358, 12701
721, 0.5355, 12718
722, 0.5359, 12736
723, 0.536, 12753
724, 0.5363, 12771
725, 0.5363, 12788
726, 0.5362, 12806
727, 0.5364, 12823
728, 0.5369, 12841
729, 0.5375, 12859
730, 0.5376, 12877
731, 0.5379, 12894
732, 0.5382, 12912
733, 0.5382, 12929
734, 0.5386, 12947
735, 0.5388, 12964
736, 0.5393, 12982
737, 0.5399, 12999
738, 0.5396, 13018
739, 0.5398, 13035
740, 0.5403, 13053
741, 0.54, 13071
742, 0.5402, 13089
743, 0.5405, 13106
744, 0.5401, 13124
745, 0.5407, 13141
746, 0.5407, 13159
747, 0.5406, 13176
748, 0.5405, 13194
749, 0.5408, 13212
750, 0.54, 13229
751, 0.5398, 13247
752, 0.5399, 13264
753, 0.5397, 13282
754, 0.5401, 13300
755, 0.54, 13318
756, 0.5405, 13335
757, 0.5405, 13353
758, 0.5404, 13370
759, 0.5407, 13388
760, 0.5408, 13405
761, 0.5411, 13423
762, 0.5413, 13441
763, 0.5414, 13458
764, 0.5417, 13476
765, 0.542, 13493
766, 0.5424, 13511
767, 0.5424, 13529
768, 0.5422, 13546
769, 0.5428, 13564
770, 0.5428, 13582
771, 0.5434, 13599
772, 0.5438, 13617
773, 0.5441, 13634
774, 0.5443, 13652
775, 0.5439, 13670
776, 0.5441, 13688
777, 0.544, 13705
778, 0.5443, 13723
779, 0.5442, 13741
780, 0.5446, 13758
781, 0.5448, 13776
782, 0.5449, 13793
783, 0.5455, 13810
784, 0.5455, 13828
785, 0.5458, 13846
786, 0.5461, 13864
787, 0.5465, 13881
788, 0.5467, 13899
789, 0.5471, 13917
790, 0.5474, 13934
791, 0.5476, 13951
792, 0.5474, 13969
793, 0.548, 13986
794, 0.5482, 14004
795, 0.5483, 14022
796, 0.5483, 14039
797, 0.5482, 14056
798, 0.5483, 14073
799, 0.5484, 14091
800, 0.5488, 14108
801, 0.5492, 14125
802, 0.5494, 14143
803, 0.5495, 14161
804, 0.5498, 14178
805, 0.5499, 14196
806, 0.5505, 14214
807, 0.5508, 14231
808, 0.551, 14249
809, 0.5508, 14266
810, 0.5507, 14284
811, 0.5511, 14302
812, 0.5507, 14319
813, 0.5511, 14337
814, 0.5508, 14355
815, 0.5512, 14372
816, 0.5515, 14390
817, 0.5516, 14407
818, 0.5514, 14425
819, 0.5515, 14443
820, 0.5517, 14460
821, 0.5519, 14477
822, 0.5522, 14495
823, 0.5527, 14513
824, 0.5528, 14531
825, 0.5529, 14548
826, 0.5536, 14566
827, 0.5535, 14584
828, 0.5538, 14602
829, 0.554, 14619
830, 0.5546, 14637
831, 0.5544, 14654
832, 0.5549, 14672
833, 0.5549, 14690
834, 0.5552, 14707
835, 0.5556, 14725
836, 0.5559, 14742
837, 0.5563, 14760
838, 0.5565, 14777
839, 0.5564, 14795
840, 0.5566, 14812
841, 0.5568, 14830
842, 0.5567, 14848
843, 0.5567, 14865
844, 0.5568, 14883
845, 0.5569, 14900
846, 0.5569, 14918
847, 0.5571, 14936
848, 0.5571, 14954
849, 0.5577, 14971
850, 0.5572, 14989
851, 0.5576, 15007
852, 0.5578, 15024
853, 0.5576, 15042
854, 0.5577, 15060
855, 0.5581, 15077
856, 0.5584, 15095
857, 0.5586, 15113
858, 0.5589, 15131
859, 0.5592, 15149
860, 0.5594, 15166
861, 0.5598, 15184
862, 0.5597, 15201
863, 0.5597, 15219
864, 0.5598, 15236
865, 0.5598, 15254
866, 0.5604, 15271
867, 0.5606, 15289
868, 0.5606, 15306
869, 0.5604, 15324
870, 0.5605, 15341
871, 0.5603, 15358
872, 0.5602, 15376
873, 0.5605, 15394
874, 0.5611, 15412
875, 0.5613, 15429
876, 0.5616, 15447
877, 0.5616, 15464
878, 0.5618, 15482
879, 0.5623, 15500
880, 0.5623, 15517
881, 0.5624, 15535
882, 0.5626, 15553
883, 0.5628, 15570
884, 0.5628, 15588
885, 0.5624, 15605
886, 0.5629, 15623
887, 0.563, 15640
888, 0.5632, 15658
889, 0.5633, 15675
890, 0.5633, 15693
891, 0.5634, 15710
892, 0.5634, 15728
893, 0.5635, 15745
894, 0.564, 15762
895, 0.5641, 15780
896, 0.5642, 15797
897, 0.5642, 15814
898, 0.5646, 15832
899, 0.5646, 15849
900, 0.5646, 15867
901, 0.5648, 15884
902, 0.5645, 15902
903, 0.5646, 15919
904, 0.5642, 15937
905, 0.5645, 15954
906, 0.5643, 15972
907, 0.5645, 15990
908, 0.5644, 16007
909, 0.5645, 16025
910, 0.5644, 16042
911, 0.5644, 16060
912, 0.5647, 16077
913, 0.5647, 16094
914, 0.5652, 16112
915, 0.5653, 16129
916, 0.5655, 16147
917, 0.5658, 16165
918, 0.5659, 16182
919, 0.566, 16200
920, 0.5659, 16217
921, 0.5658, 16235
922, 0.5658, 16253
923, 0.5661, 16270
924, 0.5665, 16288
925, 0.5668, 16306
926, 0.5668, 16323
927, 0.5671, 16340
928, 0.567, 16358
929, 0.5674, 16376
930, 0.5673, 16394
931, 0.5676, 16412
932, 0.5674, 16433
933, 0.5677, 16451
934, 0.568, 16472
935, 0.5681, 16489
936, 0.5684, 16508
937, 0.569, 16525
938, 0.5694, 16543
939, 0.5692, 16560
940, 0.5693, 16578
941, 0.5694, 16595
942, 0.5695, 16612
943, 0.5699, 16630
944, 0.5705, 16648
945, 0.5707, 16665
946, 0.5708, 16683
947, 0.5708, 16701
948, 0.5706, 16718
949, 0.5709, 16736
950, 0.5707, 16754
951, 0.5708, 16771
952, 0.5711, 16789
953, 0.5712, 16806
954, 0.5708, 16824
955, 0.5707, 16841
956, 0.5708, 16859
957, 0.5707, 16877
958, 0.5707, 16894
959, 0.5708, 16912
960, 0.571, 16929
961, 0.5713, 16947
962, 0.5713, 16965
963, 0.5718, 16983
964, 0.5721, 17001
965, 0.5721, 17019
966, 0.5718, 17037
967, 0.5719, 17054
968, 0.5721, 17072
969, 0.5726, 17089
970, 0.5727, 17106
971, 0.5731, 17123
972, 0.5733, 17141
973, 0.5732, 17158
974, 0.5731, 17176
975, 0.573, 17193
976, 0.5731, 17211
977, 0.5732, 17228
978, 0.5735, 17245
979, 0.5736, 17263
980, 0.5736, 17281
981, 0.5739, 17298
982, 0.574, 17316
983, 0.5743, 17334
984, 0.5745, 17351
985, 0.5747, 17369
986, 0.575, 17387
987, 0.5751, 17405
988, 0.5754, 17422
989, 0.5754, 17440
990, 0.5757, 17458
991, 0.5759, 17475
992, 0.5763, 17493
993, 0.5764, 17511
994, 0.5762, 17529
995, 0.5762, 17546
996, 0.576, 17564
997, 0.5763, 17581
998, 0.5765, 17599
999, 0.577, 17616
1000, 0.5772, 17634
1001, 0.5774, 17651
1002, 0.5773, 17669
1003, 0.5776, 17687
1004, 0.5777, 17704
1005, 0.5779, 17722
1006, 0.5781, 17740
1007, 0.5784, 17757
1008, 0.5785, 17774
1009, 0.5788, 17792
1010, 0.579, 17809
1011, 0.5788, 17827
1012, 0.579, 17845
1013, 0.5795, 17863
1014, 0.5792, 17881
1015, 0.5791, 17898
1016, 0.5793, 17916
1017, 0.5796, 17933
1018, 0.5802, 17950
1019, 0.5804, 17968
1020, 0.5803, 17986
1021, 0.5807, 18004
1022, 0.581, 18021
1023, 0.5808, 18039
1024, 0.581, 18057
1025, 0.5814, 18074
1026, 0.5813, 18091
1027, 0.5816, 18109
1028, 0.5815, 18127
1029, 0.5814, 18144
1030, 0.5816, 18162
1031, 0.582, 18179
1032, 0.582, 18197
1033, 0.5819, 18215
1034, 0.5818, 18232
1035, 0.5818, 18250
1036, 0.5821, 18267
1037, 0.5821, 18285
1038, 0.582, 18302
1039, 0.5824, 18320
1040, 0.5823, 18337
1041, 0.5828, 18355
1042, 0.5831, 18372
1043, 0.5831, 18389
1044, 0.583, 18407
1045, 0.5833, 18424
1046, 0.5833, 18442
1047, 0.583, 18459
1048, 0.5832, 18476
1049, 0.5833, 18494
1050, 0.5834, 18511
1051, 0.5833, 18529
1052, 0.5833, 18546
1053, 0.5833, 18564
1054, 0.5834, 18582
1055, 0.5833, 18599
1056, 0.5833, 18617
1057, 0.5831, 18635
1058, 0.5832, 18653
1059, 0.5827, 18670
1060, 0.5832, 18688
1061, 0.583, 18705
1062, 0.5831, 18723
1063, 0.5833, 18740
1064, 0.5831, 18758
1065, 0.5831, 18776
1066, 0.5831, 18793
1067, 0.5835, 18811
1068, 0.584, 18829
1069, 0.5841, 18846
1070, 0.584, 18864
1071, 0.5841, 18881
1072, 0.5843, 18899
1073, 0.5844, 18916
1074, 0.5851, 18934
1075, 0.5848, 18952
1076, 0.5852, 18969
1077, 0.585, 18987
1078, 0.5853, 19005
1079, 0.5847, 19023
1080, 0.5849, 19040
1081, 0.585, 19058
1082, 0.585, 19076
1083, 0.5851, 19093
1084, 0.5855, 19111
1085, 0.5857, 19129
1086, 0.5859, 19147
1087, 0.5864, 19165
1088, 0.5866, 19182
1089, 0.5871, 19199
1090, 0.5878, 19217
1091, 0.5881, 19235
1092, 0.5881, 19252
1093, 0.5879, 19270
1094, 0.5878, 19288
1095, 0.588, 19305
1096, 0.5881, 19323
1097, 0.5882, 19341
1098, 0.5885, 19359
1099, 0.5887, 19376
1100, 0.5889, 19394
1101, 0.5888, 19411
1102, 0.589, 19429
1103, 0.5887, 19446
1104, 0.5889, 19464
1105, 0.5888, 19481
1106, 0.5889, 19499
1107, 0.5893, 19516
1108, 0.5892, 19534
1109, 0.5896, 19551
1110, 0.5897, 19569
1111, 0.5894, 19587
1112, 0.5891, 19604
1113, 0.589, 19622
1114, 0.5892, 19639
1115, 0.5891, 19657
1116, 0.5893, 19675
1117, 0.5895, 19693
1118, 0.59, 19710
1119, 0.5901, 19728
1120, 0.59, 19745
1121, 0.5905, 19763
1122, 0.5906, 19780
1123, 0.5909, 19797
1124, 0.5908, 19815
1125, 0.591, 19832
1126, 0.5911, 19849
1127, 0.5907, 19867
1128, 0.5908, 19884
1129, 0.5909, 19901
1130, 0.5917, 19919
1131, 0.592, 19937
1132, 0.5921, 19955
1133, 0.592, 19972
1134, 0.592, 19990
1135, 0.5918, 20007
1136, 0.5916, 20024
1137, 0.5913, 20042
1138, 0.5915, 20059
1139, 0.591, 20077
1140, 0.5915, 20095
1141, 0.5915, 20113
1142, 0.5918, 20130
1143, 0.5914, 20148
1144, 0.5916, 20165
1145, 0.5915, 20183
1146, 0.5916, 20201
1147, 0.5917, 20218
1148, 0.5917, 20236
1149, 0.5918, 20254
1150, 0.592, 20271
1151, 0.5922, 20288
1152, 0.5922, 20306
1153, 0.5926, 20324
1154, 0.5924, 20341
1155, 0.5924, 20358
1156, 0.5924, 20376
1157, 0.5925, 20393
1158, 0.5926, 20411
1159, 0.5925, 20428
1160, 0.5925, 20446
1161, 0.5922, 20464
1162, 0.5925, 20481
1163, 0.5928, 20499
1164, 0.5929, 20516
1165, 0.5931, 20534
1166, 0.5934, 20551
1167, 0.5932, 20569
1168, 0.5932, 20586
1169, 0.5933, 20604
1170, 0.5932, 20622
1171, 0.5932, 20639
1172, 0.5931, 20657
1173, 0.5936, 20675
1174, 0.5938, 20692
1175, 0.5938, 20710
1176, 0.5939, 20728
1177, 0.5937, 20745
1178, 0.5939, 20763
1179, 0.5938, 20780
1180, 0.594, 20798
1181, 0.5941, 20816
1182, 0.594, 20834
1183, 0.5943, 20852
1184, 0.5942, 20869
1185, 0.5942, 20887
1186, 0.5943, 20904
1187, 0.5948, 20922
1188, 0.595, 20940
1189, 0.5955, 20957
1190, 0.5955, 20975
1191, 0.5955, 20992
1192, 0.5956, 21010
1193, 0.596, 21027
1194, 0.5959, 21045
1195, 0.5959, 21063
1196, 0.5961, 21081
1197, 0.5959, 21098
1198, 0.5961, 21116
1199, 0.5964, 21133
1200, 0.5968, 21151
1201, 0.597, 21168
1202, 0.597, 21186
1203, 0.5972, 21204
1204, 0.5975, 21222
1205, 0.5973, 21239
1206, 0.5975, 21257
1207, 0.5974, 21274
1208, 0.5973, 21292
1209, 0.5974, 21309
1210, 0.5974, 21327
1211, 0.5971, 21344
1212, 0.5971, 21362
1213, 0.5968, 21379
1214, 0.597, 21397
1215, 0.597, 21415
1216, 0.597, 21433
1217, 0.5969, 21450
1218, 0.5974, 21468
1219, 0.5974, 21485
1220, 0.5975, 21503
1221, 0.5978, 21521
1222, 0.5977, 21538
1223, 0.5981, 21556
1224, 0.5987, 21574
1225, 0.5983, 21592
1226, 0.5986, 21610
1227, 0.5983, 21628
1228, 0.5985, 21646
1229, 0.5985, 21663
1230, 0.5989, 21681
1231, 0.5987, 21699
1232, 0.5988, 21717
1233, 0.5989, 21734
1234, 0.5993, 21752
1235, 0.5989, 21769
1236, 0.5992, 21787
1237, 0.5991, 21804
1238, 0.5995, 21822
1239, 0.5996, 21840
1240, 0.5994, 21857
1241, 0.5995, 21875
1242, 0.5997, 21893
1243, 0.5999, 21910
1244, 0.6001, 21928
1245, 0.6002, 21945
1246, 0.6001, 21963
1247, 0.6001, 21980
1248, 0.6002, 21998
1249, 0.6003, 22016
1250, 0.6003, 22033
1251, 0.6004, 22051
1252, 0.6006, 22069
1253, 0.6006, 22087
1254, 0.6009, 22104
1255, 0.6009, 22122
1256, 0.6011, 22139
1257, 0.6013, 22157
1258, 0.6015, 22175
1259, 0.6015, 22192
1260, 0.6017, 22210
1261, 0.6019, 22228
1262, 0.602, 22245
1263, 0.6018, 22263
1264, 0.6019, 22280
1265, 0.6021, 22298
1266, 0.6024, 22316
1267, 0.602, 22333
1268, 0.602, 22350
1269, 0.6022, 22369
1270, 0.6022, 22386
1271, 0.6024, 22404
1272, 0.6023, 22421
1273, 0.6026, 22439
1274, 0.6028, 22457
1275, 0.6029, 22475
1276, 0.6031, 22493
1277, 0.6034, 22510
1278, 0.6032, 22528
1279, 0.6031, 22545
1280, 0.6031, 22563
1281, 0.603, 22580
1282, 0.6035, 22598
1283, 0.6035, 22616
1284, 0.6034, 22633
1285, 0.6039, 22651
1286, 0.6042, 22669
1287, 0.6047, 22686
1288, 0.6045, 22704
1289, 0.6049, 22721
1290, 0.6049, 22739
1291, 0.605, 22756
1292, 0.6048, 22774
1293, 0.6051, 22792
1294, 0.6051, 22809
1295, 0.6057, 22827
1296, 0.6058, 22844
1297, 0.6058, 22862
1298, 0.6058, 22879
1299, 0.6058, 22897
1300, 0.6056, 22915
1301, 0.606, 22932
1302, 0.6062, 22950
1303, 0.6062, 22967
1304, 0.6059, 22985
1305, 0.6059, 23003
1306, 0.6062, 23020
1307, 0.6063, 23038
1308, 0.6064, 23056
1309, 0.6064, 23073
1310, 0.6067, 23091
1311, 0.6065, 23109
1312, 0.6062, 23126
1313, 0.6064, 23144
1314, 0.6065, 23162
1315, 0.6063, 23180
1316, 0.6062, 23197
1317, 0.6061, 23215
1318, 0.6062, 23233
1319, 0.6062, 23251
1320, 0.6066, 23269
1321, 0.6067, 23286
1322, 0.6066, 23304
1323, 0.6069, 23322
1324, 0.6068, 23340
1325, 0.6065, 23357
1326, 0.6064, 23375
1327, 0.6062, 23393
1328, 0.6065, 23411
1329, 0.6064, 23428
1330, 0.6065, 23446
1331, 0.6065, 23464
1332, 0.6065, 23481
1333, 0.6069, 23499
1334, 0.6068, 23516
1335, 0.6068, 23534
1336, 0.6069, 23551
1337, 0.6065, 23569
1338, 0.6068, 23586
1339, 0.6071, 23604
1340, 0.6068, 23621
1341, 0.607, 23639
1342, 0.6072, 23656
1343, 0.6072, 23674
1344, 0.6071, 23691
1345, 0.6074, 23709
1346, 0.6073, 23727
1347, 0.6075, 23744
1348, 0.6074, 23762
1349, 0.6076, 23779
1350, 0.6078, 23797
1351, 0.608, 23814
1352, 0.6079, 23832
1353, 0.6081, 23849
1354, 0.6079, 23867
1355, 0.608, 23884
1356, 0.6079, 23902
1357, 0.6082, 23920
1358, 0.6078, 23937
1359, 0.6082, 23954
1360, 0.6083, 23972
1361, 0.6084, 23989
1362, 0.6091, 24007
1363, 0.6092, 24024
1364, 0.6094, 24041
1365, 0.6095, 24059
1366, 0.6098, 24076
1367, 0.6101, 24094
1368, 0.6098, 24112
1369, 0.6101, 24129
1370, 0.6098, 24146
1371, 0.6095, 24164
1372, 0.6098, 24181
1373, 0.6099, 24199
1374, 0.61, 24217
1375, 0.6104, 24234
1376, 0.6102, 24252
1377, 0.61, 24269
1378, 0.6099, 24287
1379, 0.6098, 24304
1380, 0.6098, 24322
1381, 0.61, 24339
1382, 0.61, 24356
1383, 0.61, 24374
1384, 0.61, 24392
1385, 0.6099, 24410
1386, 0.6103, 24427
1387, 0.6104, 24445
1388, 0.6103, 24463
1389, 0.6104, 24480
1390, 0.6105, 24497
1391, 0.6102, 24515
1392, 0.6103, 24532
1393, 0.6102, 24550
1394, 0.6104, 24567
1395, 0.6106, 24585
1396, 0.6108, 24602
1397, 0.6106, 24620
1398, 0.6107, 24637
1399, 0.6106, 24655
1400, 0.6107, 24673
1401, 0.6107, 24690
1402, 0.6105, 24708
1403, 0.6106, 24725
1404, 0.6106, 24743
1405, 0.6105, 24760
1406, 0.6104, 24778
1407, 0.6103, 24796
1408, 0.6104, 24813
1409, 0.6104, 24831
1410, 0.6104, 24849
1411, 0.6104, 24867
1412, 0.6102, 24885
1413, 0.6106, 24902
1414, 0.6105, 24920
1415, 0.6106, 24938
1416, 0.6105, 24955
1417, 0.6107, 24973
1418, 0.6109, 24990
1419, 0.6109, 25008
1420, 0.611, 25025
1421, 0.6111, 25043
1422, 0.6111, 25060
1423, 0.6114, 25077
1424, 0.6112, 25095
1425, 0.6113, 25112
1426, 0.6117, 25130
1427, 0.6117, 25148
1428, 0.6119, 25165
1429, 0.6119, 25183
1430, 0.612, 25200
1431, 0.6118, 25218
1432, 0.612, 25236
1433, 0.6118, 25254
1434, 0.6118, 25271
1435, 0.6116, 25289
1436, 0.6118, 25307
1437, 0.6115, 25324
1438, 0.612, 25342
1439, 0.6118, 25359
1440, 0.6117, 25377
1441, 0.6121, 25394
1442, 0.612, 25412
1443, 0.6117, 25429
1444, 0.6117, 25447
1445, 0.6117, 25465
1446, 0.6116, 25482
1447, 0.6116, 25500
1448, 0.6117, 25518
1449, 0.6118, 25535
1450, 0.612, 25553
1451, 0.6123, 25571
1452, 0.6127, 25588
1453, 0.613, 25606
1454, 0.6132, 25624
1455, 0.6133, 25642
1456, 0.6131, 25659
1457, 0.6133, 25677
1458, 0.6131, 25694
1459, 0.6132, 25712
1460, 0.613, 25729
1461, 0.6133, 25747
1462, 0.6131, 25765
1463, 0.6134, 25783
1464, 0.613, 25800
1465, 0.6133, 25818
1466, 0.6133, 25835
1467, 0.6133, 25853
1468, 0.6134, 25870
1469, 0.6135, 25888
1470, 0.6135, 25905
1471, 0.6132, 25923
1472, 0.6132, 25940
1473, 0.6131, 25958
1474, 0.6131, 25975
1475, 0.6132, 25993
1476, 0.6134, 26010
1477, 0.6132, 26028
1478, 0.6134, 26045
1479, 0.6134, 26063
1480, 0.6138, 26081
1481, 0.6137, 26098
1482, 0.6137, 26115
1483, 0.6138, 26133
1484, 0.614, 26151
1485, 0.6141, 26168
1486, 0.6142, 26186
1487, 0.6142, 26204
1488, 0.6143, 26221
1489, 0.6141, 26238
1490, 0.6145, 26256
1491, 0.6143, 26274
1492, 0.6147, 26292
1493, 0.6148, 26309
1494, 0.6147, 26326
1495, 0.6149, 26344
1496, 0.6148, 26361
1497, 0.6149, 26379
1498, 0.6146, 26397
1499, 0.615, 26414
1500, 0.6149, 26431
1501, 0.615, 26449
1502, 0.6149, 26466
1503, 0.6146, 26484
1504, 0.6149, 26501
1505, 0.6148, 26518
1506, 0.6149, 26536
1507, 0.6147, 26554
1508, 0.6146, 26571
1509, 0.6147, 26589
1510, 0.6147, 26606
1511, 0.6149, 26623
1512, 0.6148, 26641
1513, 0.6148, 26658
1514, 0.6151, 26676
1515, 0.6155, 26694
1516, 0.6156, 26712
1517, 0.6158, 26729
1518, 0.6159, 26747
1519, 0.6159, 26764
1520, 0.6159, 26782
1521, 0.6156, 26799
1522, 0.6159, 26817
1523, 0.6162, 26835
1524, 0.6163, 26853
1525, 0.6162, 26870
1526, 0.6164, 26888
1527, 0.6163, 26905
1528, 0.6161, 26923
1529, 0.6165, 26940
1530, 0.6163, 26958
1531, 0.6163, 26976
1532, 0.6165, 26994
1533, 0.616, 27012
1534, 0.6162, 27030
1535, 0.6163, 27047
1536, 0.6163, 27065
1537, 0.6162, 27083
1538, 0.6164, 27100
1539, 0.6163, 27118
1540, 0.6166, 27136
1541, 0.617, 27154
1542, 0.6167, 27171
1543, 0.6171, 27189
1544, 0.6172, 27206
1545, 0.6172, 27224
1546, 0.617, 27241
1547, 0.6169, 27259
1548, 0.617, 27277
1549, 0.6165, 27294
1550, 0.6169, 27312
1551, 0.6168, 27330
1552, 0.6176, 27347
1553, 0.6177, 27365
1554, 0.6175, 27382
1555, 0.6173, 27399
1556, 0.6176, 27417
1557, 0.6176, 27435
1558, 0.618, 27452
1559, 0.6176, 27470
1560, 0.6177, 27488
1561, 0.6177, 27505
1562, 0.6178, 27522
1563, 0.618, 27540
1564, 0.618, 27558
1565, 0.6178, 27575
1566, 0.618, 27593
1567, 0.6185, 27611
1568, 0.6185, 27628
1569, 0.6181, 27647
1570, 0.6182, 27664
1571, 0.6183, 27682
1572, 0.6183, 27700
1573, 0.6186, 27718
1574, 0.6183, 27735
1575, 0.6188, 27752
1576, 0.6186, 27770
1577, 0.6186, 27788
1578, 0.6184, 27806
1579, 0.6185, 27823
1580, 0.6186, 27840
1581, 0.6188, 27858
1582, 0.6187, 27875
1583, 0.6189, 27893
1584, 0.6189, 27911
1585, 0.6186, 27929
1586, 0.6188, 27946
1587, 0.6185, 27964
1588, 0.619, 27982
1589, 0.6191, 28000
1590, 0.6189, 28017
1591, 0.6189, 28035
1592, 0.6187, 28053
1593, 0.6187, 28071
1594, 0.6191, 28089
1595, 0.6188, 28107
1596, 0.6188, 28124
1597, 0.6193, 28142
1598, 0.6191, 28159
1599, 0.619, 28177
1600, 0.6193, 28195
1601, 0.6192, 28212
1602, 0.6193, 28230
1603, 0.6194, 28248
1604, 0.6191, 28266
1605, 0.6193, 28284
1606, 0.6193, 28301
1607, 0.6193, 28319
1608, 0.6193, 28336
1609, 0.6194, 28354
1610, 0.6195, 28372
1611, 0.6195, 28389
1612, 0.6194, 28407
1613, 0.6197, 28425
1614, 0.6196, 28442
1615, 0.6198, 28460
1616, 0.6196, 28478
1617, 0.6195, 28495
1618, 0.6197, 28512
1619, 0.6195, 28530
1620, 0.6198, 28549
1621, 0.6195, 28566
1622, 0.6199, 28584
1623, 0.6196, 28601
1624, 0.6195, 28619
1625, 0.6196, 28636
1626, 0.6194, 28654
1627, 0.6193, 28672
1628, 0.6195, 28689
1629, 0.6194, 28707
1630, 0.6196, 28724
1631, 0.6196, 28742
1632, 0.6195, 28759
1633, 0.6198, 28777
1634, 0.6198, 28794
1635, 0.6196, 28812
1636, 0.6198, 28830
1637, 0.6196, 28847
1638, 0.6198, 28865
1639, 0.6195, 28882
1640, 0.6199, 28900
1641, 0.6198, 28917
1642, 0.6199, 28935
1643, 0.62, 28952
1644, 0.62, 28970
1645, 0.6201, 28987
1646, 0.62, 29005
1647, 0.6203, 29022
1648, 0.6201, 29040
1649, 0.6207, 29057
1650, 0.6207, 29075
1651, 0.6207, 29092
1652, 0.6204, 29110
1653, 0.6208, 29127
1654, 0.6207, 29145
1655, 0.6208, 29162
1656, 0.6205, 29180
1657, 0.6206, 29198
1658, 0.6206, 29215
1659, 0.6204, 29233
1660, 0.6205, 29251
1661, 0.6206, 29268
1662, 0.6207, 29286
1663, 0.621, 29303
1664, 0.6211, 29321
1665, 0.6207, 29338
1666, 0.6208, 29356
1667, 0.6208, 29373
1668, 0.6211, 29391
1669, 0.6208, 29408
1670, 0.6212, 29426
1671, 0.6211, 29444
1672, 0.6211, 29461
1673, 0.6213, 29479
1674, 0.6214, 29496
1675, 0.6217, 29514
1676, 0.6215, 29531
1677, 0.6214, 29549
1678, 0.6214, 29567
1679, 0.6214, 29585
1680, 0.6211, 29602
1681, 0.6215, 29620
1682, 0.6213, 29637
1683, 0.6214, 29655
1684, 0.6216, 29672
1685, 0.6217, 29690
1686, 0.6216, 29707
1687, 0.6219, 29725
1688, 0.6215, 29742
1689, 0.6215, 29760
1690, 0.6218, 29778
1691, 0.6217, 29795
1692, 0.6221, 29813
1693, 0.6219, 29830
1694, 0.622, 29848
1695, 0.6219, 29865
1696, 0.6222, 29883
1697, 0.6219, 29900
1698, 0.6223, 29918
1699, 0.6222, 29935
1700, 0.6221, 29953
1701, 0.6223, 29970
1702, 0.6223, 29988
1703, 0.6223, 30006
1704, 0.6226, 30023
1705, 0.6225, 30041
1706, 0.6223, 30059
1707, 0.6225, 30077
1708, 0.6226, 30094
1709, 0.6227, 30112
1710, 0.6233, 30130
1711, 0.623, 30147
1712, 0.6229, 30165
1713, 0.6227, 30182
1714, 0.6229, 30200
1715, 0.6226, 30217
1716, 0.6227, 30235
1717, 0.6232, 30253
1718, 0.6234, 30270
1719, 0.6234, 30288
1720, 0.6232, 30306
1721, 0.6231, 30323
1722, 0.6232, 30341
1723, 0.6233, 30358
1724, 0.6232, 30376
1725, 0.6234, 30393
1726, 0.6231, 30411
1727, 0.6233, 30429
1728, 0.6233, 30447
1729, 0.6234, 30464
1730, 0.6232, 30482
1731, 0.6234, 30499
1732, 0.6231, 30517
1733, 0.6233, 30534
1734, 0.6233, 30552
1735, 0.6231, 30569
1736, 0.6233, 30587
1737, 0.6232, 30604
1738, 0.6231, 30622
1739, 0.6231, 30640
1740, 0.6232, 30657
1741, 0.6228, 30675
1742, 0.6226, 30692
1743, 0.6229, 30710
1744, 0.6227, 30728
1745, 0.6229, 30745
1746, 0.623, 30763
1747, 0.623, 30780
1748, 0.6229, 30798
1749, 0.6231, 30815
1750, 0.623, 30833
1751, 0.6232, 30850
1752, 0.623, 30868
1753, 0.6231, 30885
1754, 0.6231, 30903
1755, 0.6232, 30920
1756, 0.623, 30938
1757, 0.6231, 30955
1758, 0.6229, 30972
1759, 0.6232, 30990
1760, 0.6232, 31008
1761, 0.6232, 31025
1762, 0.623, 31043
1763, 0.6227, 31061
1764, 0.6229, 31078
1765, 0.623, 31096
1766, 0.6232, 31114
1767, 0.6231, 31131
1768, 0.6229, 31149
1769, 0.6233, 31167
1770, 0.6235, 31184
1771, 0.6236, 31202
1772, 0.6239, 31219
1773, 0.6237, 31237
1774, 0.6237, 31254
1775, 0.6239, 31272
1776, 0.624, 31290
1777, 0.6238, 31307
1778, 0.6238, 31325
1779, 0.624, 31343
1780, 0.6242, 31360
1781, 0.6242, 31378
1782, 0.624, 31395
1783, 0.6239, 31413
1784, 0.6241, 31431
1785, 0.624, 31448
1786, 0.6237, 31465
1787, 0.6241, 31483
1788, 0.6239, 31500
1789, 0.6238, 31518
1790, 0.6239, 31536
1791, 0.6237, 31553
1792, 0.6239, 31571
1793, 0.624, 31589
1794, 0.624, 31607
1795, 0.6239, 31625
1796, 0.6239, 31642
1797, 0.6242, 31660
1798, 0.624, 31677
1799, 0.6238, 31695
1800, 0.6239, 31712
1801, 0.6238, 31730
1802, 0.6238, 31747
1803, 0.624, 31765
1804, 0.6239, 31783
1805, 0.6241, 31800
1806, 0.6239, 31818
1807, 0.6242, 31835
1808, 0.6242, 31853
1809, 0.6246, 31870
1810, 0.6246, 31888
1811, 0.6246, 31905
1812, 0.6246, 31922
1813, 0.6244, 31940
1814, 0.6245, 31957
1815, 0.6248, 31975
1816, 0.6249, 31993
1817, 0.6251, 32010
1818, 0.6253, 32028
1819, 0.6252, 32045
1820, 0.6251, 32063
1821, 0.6255, 32081
1822, 0.6259, 32098
1823, 0.6258, 32115
1824, 0.6255, 32133
1825, 0.6254, 32150
1826, 0.6257, 32168
1827, 0.6256, 32186
1828, 0.6259, 32204
1829, 0.6258, 32222
1830, 0.6257, 32240
1831, 0.6258, 32257
1832, 0.6258, 32275
1833, 0.6257, 32293
1834, 0.6256, 32311
1835, 0.6255, 32328
1836, 0.6255, 32346
1837, 0.6256, 32363
1838, 0.6259, 32381
1839, 0.6257, 32398
1840, 0.6258, 32416
1841, 0.6258, 32433
1842, 0.6263, 32451
1843, 0.626, 32468
1844, 0.6261, 32486
1845, 0.6259, 32503
1846, 0.6259, 32521
1847, 0.626, 32539
1848, 0.6257, 32556
1849, 0.6259, 32574
1850, 0.6257, 32592
1851, 0.626, 32609
1852, 0.626, 32627
1853, 0.6257, 32644
1854, 0.626, 32661
1855, 0.6261, 32679
1856, 0.6258, 32697
1857, 0.626, 32714
1858, 0.6262, 32731
1859, 0.6261, 32749
1860, 0.6261, 32766
1861, 0.626, 32784
1862, 0.6261, 32801
1863, 0.6261, 32819
1864, 0.6263, 32837
1865, 0.6261, 32854
1866, 0.626, 32872
1867, 0.6262, 32889
1868, 0.626, 32907
1869, 0.6261, 32925
1870, 0.6261, 32943
1871, 0.626, 32960
1872, 0.6264, 32978
1873, 0.6259, 32995
1874, 0.6261, 33013
1875, 0.6262, 33030
1876, 0.6265, 33048
1877, 0.6265, 33066
1878, 0.6265, 33083
1879, 0.6264, 33101
1880, 0.6265, 33119
1881, 0.6266, 33136
1882, 0.6264, 33153
1883, 0.626, 33171
1884, 0.6261, 33189
1885, 0.6263, 33206
1886, 0.6264, 33223
1887, 0.6267, 33241
1888, 0.6268, 33258
1889, 0.6263, 33276
1890, 0.626, 33293
1891, 0.6267, 33310
1892, 0.6261, 33327
1893, 0.6266, 33345
1894, 0.6266, 33363
1895, 0.6271, 33380
1896, 0.6269, 33398
1897, 0.627, 33415
1898, 0.6268, 33433
1899, 0.6269, 33450
1900, 0.6267, 33468
1901, 0.627, 33485
1902, 0.6269, 33503
1903, 0.6271, 33521
1904, 0.6269, 33538
1905, 0.6269, 33556
1906, 0.6269, 33573
1907, 0.6265, 33591
1908, 0.6264, 33609
1909, 0.6262, 33627
1910, 0.6263, 33645
1911, 0.6262, 33662
1912, 0.6263, 33680
1913, 0.626, 33697
1914, 0.6264, 33715
1915, 0.626, 33732
1916, 0.6259, 33750
1917, 0.6255, 33768
1918, 0.6258, 33785
1919, 0.626, 33803
1920, 0.6252, 33821
1921, 0.6255, 33838
1922, 0.6254, 33856
1923, 0.6254, 33874
1924, 0.6254, 33892
1925, 0.6252, 33909
1926, 0.6254, 33927
1927, 0.6254, 33945
1928, 0.6253, 33963
1929, 0.6254, 33980
1930, 0.6254, 33998
1931, 0.6256, 34016
1932, 0.6255, 34034
1933, 0.6257, 34052
1934, 0.6254, 34069
1935, 0.6254, 34087
1936, 0.6252, 34105
1937, 0.6255, 34123
1938, 0.6255, 34140
1939, 0.6255, 34158
1940, 0.6253, 34175
1941, 0.6254, 34193
1942, 0.6252, 34211
1943, 0.6253, 34229
1944, 0.6254, 34246
1945, 0.6254, 34264
1946, 0.6251, 34282
1947, 0.6253, 34300
1948, 0.6257, 34318
1949, 0.6252, 34335
1950, 0.6254, 34353
1951, 0.6258, 34370
1952, 0.6256, 34388
1953, 0.6255, 34405
1954, 0.6256, 34423
1955, 0.626, 34440
1956, 0.6256, 34458
1957, 0.6252, 34476
1958, 0.6251, 34493
1959, 0.6251, 34510
1960, 0.625, 34528
1961, 0.6253, 34545
1962, 0.6253, 34562
1963, 0.6252, 34580
1964, 0.6255, 34598
1965, 0.6253, 34616
1966, 0.6257, 34633
1967, 0.6255, 34651
1968, 0.6255, 34669
1969, 0.6258, 34686
1970, 0.6261, 34704
1971, 0.6259, 34721
1972, 0.6258, 34739
1973, 0.6259, 34756
1974, 0.626, 34774
1975, 0.626, 34791
1976, 0.6257, 34809
1977, 0.6257, 34826
1978, 0.6257, 34844
1979, 0.6258, 34861
1980, 0.6259, 34879
1981, 0.626, 34896
1982, 0.6259, 34914
1983, 0.6261, 34931
1984, 0.6259, 34948
1985, 0.6259, 34966
1986, 0.6261, 34983
1987, 0.6257, 35001
1988, 0.6257, 35018
1989, 0.626, 35035
1990, 0.6257, 35053
1991, 0.6258, 35071
1992, 0.6259, 35088
1993, 0.6256, 35106
1994, 0.6254, 35124
1995, 0.6256, 35141
1996, 0.6255, 35159
1997, 0.6255, 35176
1998, 0.6255, 35193
1999, 0.6253, 35211
2000, 0.6255, 35229
2001, 0.6253, 35246
2002, 0.6258, 35264
2003, 0.6257, 35282
2004, 0.6256, 35299
2005, 0.6258, 35317
2006, 0.6259, 35334
2007, 0.6259, 35351
2008, 0.6261, 35369
2009, 0.6257, 35387
2010, 0.6255, 35405
2011, 0.6253, 35423
2012, 0.6257, 35440
2013, 0.6258, 35458
2014, 0.6257, 35476
2015, 0.6259, 35493
2016, 0.626, 35511
2017, 0.6257, 35528
2018, 0.626, 35546
2019, 0.6258, 35563
2020, 0.626, 35581
2021, 0.6263, 35598
2022, 0.6261, 35616
2023, 0.6261, 35633
2024, 0.6259, 35651
2025, 0.6263, 35668
2026, 0.6263, 35685
2027, 0.6263, 35703
2028, 0.6268, 35720
2029, 0.6267, 35738
2030, 0.6269, 35756
2031, 0.6266, 35773
2032, 0.6271, 35791
2033, 0.6265, 35808
2034, 0.6267, 35826
2035, 0.6265, 35843
2036, 0.6268, 35860
2037, 0.6265, 35878
2038, 0.6267, 35896
2039, 0.6264, 35913
2040, 0.6267, 35930
2041, 0.6267, 35948
2042, 0.6266, 35966
2043, 0.6266, 35983
2044, 0.627, 36001
2045, 0.6269, 36018
2046, 0.6268, 36035
2047, 0.6266, 36053
2048, 0.6267, 36071
2049, 0.6268, 36089
2050, 0.6268, 36106
2051, 0.6269, 36123
2052, 0.6268, 36141
2053, 0.627, 36158
2054, 0.6271, 36175
2055, 0.6271, 36193
2056, 0.6268, 36211
2057, 0.6269, 36228
2058, 0.627, 36245
2059, 0.6268, 36263
2060, 0.6268, 36281
2061, 0.6263, 36298
2062, 0.6266, 36316
2063, 0.6265, 36334
2064, 0.6262, 36351
2065, 0.6264, 36369
2066, 0.6263, 36387
2067, 0.6264, 36404
2068, 0.6265, 36422
2069, 0.6264, 36440
2070, 0.6263, 36457
2071, 0.6264, 36475
2072, 0.6263, 36493
2073, 0.6266, 36511
2074, 0.627, 36528
2075, 0.6265, 36546
2076, 0.6264, 36563
2077, 0.6262, 36581
2078, 0.6262, 36599
2079, 0.6262, 36616
2080, 0.6261, 36633
2081, 0.6265, 36651
2082, 0.6265, 36669
2083, 0.6266, 36686
2084, 0.627, 36704
2085, 0.6266, 36721
2086, 0.6267, 36739
2087, 0.6263, 36756
2088, 0.6267, 36774
2089, 0.6265, 36791
2090, 0.6263, 36808
2091, 0.6265, 36826
2092, 0.6264, 36844
2093, 0.626, 36861
2094, 0.6261, 36878
2095, 0.6262, 36896
2096, 0.6264, 36913
2097, 0.626, 36931
2098, 0.6262, 36949
2099, 0.6262, 36966
2100, 0.6262, 36983
2101, 0.6262, 37001
2102, 0.626, 37018
2103, 0.6264, 37036
2104, 0.6262, 37053
2105, 0.6261, 37071
2106, 0.6262, 37088
2107, 0.6262, 37105
2108, 0.6261, 37123
2109, 0.6258, 37140
2110, 0.626, 37158
2111, 0.6258, 37175
2112, 0.6259, 37193
2113, 0.6257, 37210
2114, 0.6256, 37228
2115, 0.6254, 37246
2116, 0.6256, 37263
2117, 0.6254, 37281
2118, 0.6254, 37298
2119, 0.6251, 37316
2120, 0.6253, 37333
2121, 0.6255, 37351
2122, 0.6253, 37369
2123, 0.6258, 37387
2124, 0.6258, 37404
2125, 0.626, 37421
2126, 0.6259, 37439
2127, 0.6257, 37457
2128, 0.6258, 37475
2129, 0.6257, 37492
2130, 0.6255, 37510
2131, 0.6258, 37527
2132, 0.6257, 37545
2133, 0.6255, 37562
2134, 0.6255, 37580
2135, 0.6255, 37598
2136, 0.6258, 37615
2137, 0.6257, 37633
2138, 0.6258, 37650
2139, 0.6258, 37668
2140, 0.6257, 37685
2141, 0.6255, 37703
2142, 0.6259, 37721
2143, 0.6255, 37738
2144, 0.6253, 37756
2145, 0.6252, 37773
2146, 0.6257, 37791
2147, 0.6255, 37809
2148, 0.6256, 37826
2149, 0.6256, 37844
2150, 0.6259, 37862
2151, 0.6259, 37880
2152, 0.6254, 37897
2153, 0.6256, 37915
2154, 0.6257, 37933
2155, 0.6257, 37950
2156, 0.6259, 37967
2157, 0.6259, 37985
2158, 0.6259, 38002
2159, 0.626, 38020
2160, 0.6257, 38037
2161, 0.6257, 38055
2162, 0.6257, 38072
2163, 0.6258, 38090
2164, 0.6255, 38107
2165, 0.6254, 38124
2166, 0.6253, 38142
2167, 0.6257, 38159
2168, 0.6257, 38177
2169, 0.6257, 38194
2170, 0.6259, 38212
2171, 0.6257, 38229
2172, 0.626, 38247
2173, 0.6257, 38265
2174, 0.6259, 38283
2175, 0.6258, 38300
2176, 0.6262, 38318
2177, 0.6263, 38335
2178, 0.6262, 38353
2179, 0.626, 38370
2180, 0.626, 38388
2181, 0.6261, 38406
2182, 0.6262, 38423
2183, 0.6263, 38441
2184, 0.6264, 38458
2185, 0.6266, 38476
2186, 0.6267, 38494
2187, 0.6266, 38511
2188, 0.6264, 38529
2189, 0.6264, 38547
2190, 0.6266, 38565
2191, 0.6267, 38582
2192, 0.6267, 38600
2193, 0.6263, 38617
2194, 0.6266, 38635
2195, 0.6266, 38653
2196, 0.6266, 38670
2197, 0.627, 38688
2198, 0.6269, 38705
2199, 0.6271, 38722
2200, 0.6272, 38740
2201, 0.627, 38757
2202, 0.627, 38775
2203, 0.6268, 38792
2204, 0.6271, 38809
2205, 0.627, 38827
2206, 0.6273, 38845
2207, 0.6272, 38862
2208, 0.6273, 38880
2209, 0.6274, 38898
2210, 0.6277, 38915
2211, 0.6271, 38933
2212, 0.6273, 38950
2213, 0.6272, 38967
2214, 0.6272, 38985
2215, 0.6271, 39002
2216, 0.6268, 39019
2217, 0.6264, 39037
2218, 0.6266, 39054
2219, 0.6266, 39072
2220, 0.6266, 39089
2221, 0.6264, 39107
2222, 0.6265, 39125
2223, 0.6264, 39142
2224, 0.6264, 39160
2225, 0.6261, 39178
2226, 0.6264, 39195
2227, 0.6263, 39213
2228, 0.6262, 39230
2229, 0.626, 39248
2230, 0.6258, 39265
2231, 0.626, 39282
2232, 0.6262, 39300
2233, 0.6263, 39318
2234, 0.6265, 39335
2235, 0.6264, 39352
2236, 0.6264, 39370
2237, 0.6265, 39388
2238, 0.6265, 39405
2239, 0.6264, 39423
2240, 0.6264, 39440
2241, 0.6265, 39458
2242, 0.6264, 39475
2243, 0.6264, 39493
2244, 0.6262, 39511
2245, 0.6263, 39528
2246, 0.6262, 39546
2247, 0.6265, 39563
2248, 0.6266, 39581
2249, 0.6266, 39598
2250, 0.6265, 39616
2251, 0.6264, 39634
2252, 0.6261, 39652
2253, 0.6267, 39670
2254, 0.6265, 39687
2255, 0.6267, 39704
2256, 0.6264, 39722
2257, 0.6262, 39739
2258, 0.6263, 39756
2259, 0.6263, 39774
2260, 0.6263, 39792
2261, 0.6265, 39809
2262, 0.6263, 39827
2263, 0.6266, 39844
2264, 0.6266, 39862
2265, 0.6268, 39879
2266, 0.6267, 39897
2267, 0.6268, 39914
2268, 0.6269, 39932
2269, 0.627, 39950
2270, 0.6268, 39967
2271, 0.627, 39985
2272, 0.627, 40003
2273, 0.6268, 40020
2274, 0.6272, 40038
2275, 0.6273, 40056
2276, 0.627, 40073
2277, 0.6269, 40091
2278, 0.627, 40109
2279, 0.6269, 40126
2280, 0.6267, 40144
2281, 0.6269, 40162
2282, 0.6265, 40180
2283, 0.6267, 40197
2284, 0.6269, 40214
2285, 0.6269, 40232
2286, 0.6267, 40250
2287, 0.6268, 40267
2288, 0.6267, 40285
2289, 0.6263, 40303
2290, 0.6265, 40320
2291, 0.6268, 40337
2292, 0.6266, 40355
2293, 0.6267, 40372
2294, 0.6269, 40393
2295, 0.627, 40412
2296, 0.6271, 40429
2297, 0.6271, 40447
2298, 0.627, 40464
2299, 0.6269, 40482
2300, 0.6271, 40500
2301, 0.6271, 40517
2302, 0.6273, 40535
2303, 0.6272, 40552
2304, 0.6273, 40570
2305, 0.6273, 40588
2306, 0.6273, 40605
2307, 0.6274, 40623
2308, 0.6272, 40640
2309, 0.6274, 40658
2310, 0.6274, 40676
2311, 0.6275, 40693
2312, 0.6274, 40711
2313, 0.6274, 40728
2314, 0.6274, 40746
2315, 0.6274, 40764
2316, 0.6275, 40781
2317, 0.6275, 40798
2318, 0.6274, 40816
2319, 0.6275, 40833
2320, 0.6274, 40850
2321, 0.6272, 40868
2322, 0.6274, 40885
2323, 0.6275, 40902
2324, 0.6276, 40920
2325, 0.6273, 40938
2326, 0.6276, 40955
2327, 0.6277, 40973
2328, 0.6277, 40990
2329, 0.6275, 41008
2330, 0.6273, 41025
2331, 0.6273, 41043
2332, 0.6275, 41060
2333, 0.6275, 41078
2334, 0.6275, 41096
2335, 0.6272, 41113
2336, 0.6272, 41131
2337, 0.6274, 41148
2338, 0.6278, 41166
2339, 0.6279, 41183
2340, 0.628, 41201
2341, 0.6278, 41218
2342, 0.6274, 41236
2343, 0.6274, 41253
2344, 0.6273, 41270
2345, 0.6276, 41288
2346, 0.6274, 41305
2347, 0.6274, 41323
2348, 0.6272, 41340
2349, 0.6274, 41357
2350, 0.6272, 41375
2351, 0.6274, 41392
2352, 0.6275, 41410
2353, 0.6273, 41427
2354, 0.6275, 41444
2355, 0.6273, 41462
2356, 0.6272, 41479
2357, 0.6273, 41497
2358, 0.6275, 41514
2359, 0.6275, 41531
2360, 0.6278, 41548
2361, 0.628, 41566
2362, 0.6277, 41584
2363, 0.6276, 41601
2364, 0.6278, 41619
2365, 0.6279, 41636
2366, 0.6277, 41653
2367, 0.6276, 41671
2368, 0.6276, 41688
2369, 0.6277, 41706
2370, 0.6277, 41724
2371, 0.6275, 41742
2372, 0.6276, 41759
2373, 0.6272, 41776
2374, 0.6276, 41794
2375, 0.6276, 41812
2376, 0.6274, 41830
2377, 0.6272, 41847
2378, 0.6271, 41865
2379, 0.627, 41882
2380, 0.627, 41900
2381, 0.6273, 41917
2382, 0.6268, 41935
2383, 0.6266, 41952
2384, 0.6268, 41970
2385, 0.6268, 41987
2386, 0.6266, 42005
2387, 0.6266, 42022
2388, 0.6262, 42040
2389, 0.6264, 42057
2390, 0.626, 42074
2391, 0.6262, 42092
2392, 0.6261, 42110
2393, 0.626, 42127
2394, 0.6259, 42145
2395, 0.6257, 42162
2396, 0.626, 42179
2397, 0.6259, 42196
2398, 0.6259, 42214
2399, 0.6262, 42232
2400, 0.6259, 42249
2401, 0.6259, 42267
2402, 0.6257, 42284
2403, 0.6259, 42302
2404, 0.6259, 42319
2405, 0.6258, 42336
2406, 0.6258, 42354
2407, 0.6256, 42371
2408, 0.6254, 42388
2409, 0.6257, 42406
2410, 0.6257, 42423
2411, 0.6257, 42441
2412, 0.6256, 42458
2413, 0.6257, 42475
2414, 0.6255, 42493
2415, 0.6255, 42511
2416, 0.6255, 42529
2417, 0.6255, 42546
2418, 0.6256, 42563
2419, 0.6255, 42581
2420, 0.6257, 42599
2421, 0.6257, 42616
2422, 0.6258, 42634
2423, 0.626, 42652
2424, 0.6257, 42669
2425, 0.6255, 42687
2426, 0.6253, 42704
2427, 0.6253, 42721
2428, 0.6255, 42739
2429, 0.6254, 42756
2430, 0.6257, 42774
2431, 0.6254, 42791
2432, 0.6254, 42809
2433, 0.6258, 42826
2434, 0.6258, 42844
2435, 0.6255, 42861
2436, 0.6254, 42878
2437, 0.6257, 42896
2438, 0.6256, 42913
2439, 0.6255, 42931
2440, 0.6255, 42948
2441, 0.6254, 42965
2442, 0.6258, 42983
2443, 0.6257, 43000
2444, 0.6258, 43018
2445, 0.6255, 43035
2446, 0.6254, 43053
2447, 0.6255, 43071
2448, 0.6254, 43088
2449, 0.6256, 43105
2450, 0.6258, 43123
2451, 0.6256, 43141
2452, 0.6254, 43158
2453, 0.6256, 43175
2454, 0.6254, 43193
2455, 0.6259, 43211
2456, 0.6259, 43229
2457, 0.6258, 43246
2458, 0.6258, 43264
2459, 0.6255, 43282
2460, 0.6259, 43299
2461, 0.6257, 43317
2462, 0.6257, 43334
2463, 0.6255, 43352
2464, 0.6254, 43370
2465, 0.6254, 43388
2466, 0.6254, 43405
2467, 0.6254, 43423
2468, 0.6255, 43440
2469, 0.6254, 43458
2470, 0.6253, 43476
2471, 0.6256, 43493
2472, 0.6256, 43511
2473, 0.6251, 43528
2474, 0.6254, 43546
2475, 0.6255, 43563
2476, 0.6254, 43580
2477, 0.6256, 43598
2478, 0.6253, 43615
2479, 0.6252, 43633
2480, 0.6251, 43650
2481, 0.6255, 43668
2482, 0.6257, 43685
2483, 0.6257, 43703
2484, 0.6258, 43720
2485, 0.6255, 43738
2486, 0.6257, 43755
2487, 0.6257, 43772
2488, 0.6259, 43790
2489, 0.6258, 43807
2490, 0.6257, 43825
2491, 0.6258, 43843
2492, 0.6255, 43860
2493, 0.626, 43877
2494, 0.6258, 43895
2495, 0.6261, 43913
2496, 0.6261, 43930
2497, 0.6259, 43948
2498, 0.626, 43965
2499, 0.6257, 43983
2500, 0.6258, 44000
2501, 0.6258, 44018
2502, 0.6255, 44035
2503, 0.6257, 44053
2504, 0.6256, 44070
2505, 0.6257, 44088
2506, 0.6255, 44105
2507, 0.6262, 44123
2508, 0.6258, 44140
2509, 0.6259, 44158
2510, 0.6254, 44175
2511, 0.6256, 44193
2512, 0.6255, 44210
2513, 0.6254, 44228
2514, 0.6256, 44245
2515, 0.6251, 44263
2516, 0.6254, 44280
2517, 0.6254, 44297
2518, 0.6253, 44315
2519, 0.6254, 44332
2520, 0.6253, 44350
2521, 0.6252, 44367
2522, 0.6252, 44385
2523, 0.6253, 44402
2524, 0.625, 44419
2525, 0.6253, 44437
2526, 0.6253, 44454
2527, 0.6251, 44472
2528, 0.625, 44490
2529, 0.6251, 44507
2530, 0.6249, 44524
2531, 0.625, 44542
2532, 0.625, 44560
2533, 0.6251, 44577
2534, 0.625, 44595
2535, 0.625, 44612
2536, 0.6253, 44630
2537, 0.6254, 44648
2538, 0.6253, 44666
2539, 0.6253, 44683
2540, 0.6253, 44700
2541, 0.6251, 44718
2542, 0.6251, 44736
2543, 0.6255, 44753
2544, 0.6254, 44770
2545, 0.6253, 44788
2546, 0.625, 44806
2547, 0.625, 44823
2548, 0.6253, 44840
2549, 0.6253, 44858
2550, 0.6255, 44875
2551, 0.6252, 44893
2552, 0.6253, 44910
2553, 0.6252, 44928
2554, 0.6255, 44946
2555, 0.6256, 44963
2556, 0.6255, 44980
2557, 0.6257, 44998
2558, 0.6255, 45015
2559, 0.6254, 45033
2560, 0.6254, 45051
2561, 0.6253, 45068
2562, 0.6254, 45086
2563, 0.6251, 45103
2564, 0.6248, 45121
2565, 0.625, 45138
2566, 0.6249, 45156
2567, 0.6251, 45173
2568, 0.625, 45191
2569, 0.6249, 45208
2570, 0.6251, 45226
2571, 0.6251, 45244
2572, 0.6256, 45261
2573, 0.6255, 45279
2574, 0.6255, 45296
2575, 0.6251, 45314
2576, 0.6249, 45331
2577, 0.6251, 45348
2578, 0.6256, 45366
2579, 0.6254, 45384
2580, 0.6254, 45401
2581, 0.6257, 45418
2582, 0.6256, 45436
2583, 0.6256, 45454
2584, 0.6255, 45471
2585, 0.6256, 45488
2586, 0.6258, 45506
2587, 0.626, 45523
2588, 0.6261, 45540
2589, 0.6261, 45558
2590, 0.6262, 45576
2591, 0.6263, 45593
2592, 0.6263, 45610
2593, 0.6261, 45628
2594, 0.6262, 45645
2595, 0.626, 45663
2596, 0.6263, 45681
2597, 0.6259, 45698
2598, 0.626, 45716
2599, 0.6261, 45734
2600, 0.6262, 45751
2601, 0.6266, 45769
2602, 0.6264, 45786
2603, 0.6261, 45804
2604, 0.6263, 45822
2605, 0.6261, 45839
2606, 0.6262, 45856
2607, 0.6259, 45874
2608, 0.6262, 45891
2609, 0.6262, 45909
2610, 0.6262, 45926
2611, 0.6259, 45944
2612, 0.626, 45962
2613, 0.626, 45979
2614, 0.6257, 45997
2615, 0.6256, 46014
2616, 0.6258, 46032
2617, 0.6256, 46049
2618, 0.6256, 46067
2619, 0.6255, 46085
2620, 0.6258, 46102
2621, 0.6256, 46119
2622, 0.6259, 46137
2623, 0.6258, 46154
2624, 0.6256, 46172
2625, 0.6262, 46189
2626, 0.6258, 46207
2627, 0.6257, 46225
2628, 0.6261, 46242
2629, 0.626, 46259
2630, 0.6259, 46276
2631, 0.6257, 46293
2632, 0.626, 46311
2633, 0.6258, 46328
2634, 0.6256, 46346
2635, 0.6254, 46363
2636, 0.6252, 46381
2637, 0.6253, 46398
2638, 0.6254, 46416
2639, 0.6253, 46433
2640, 0.6256, 46451
2641, 0.6253, 46468
2642, 0.6255, 46486
2643, 0.6256, 46503
2644, 0.626, 46521
2645, 0.6256, 46538
2646, 0.6255, 46555
2647, 0.6258, 46573
2648, 0.6259, 46590
2649, 0.6256, 46607
2650, 0.6255, 46625
2651, 0.6254, 46643
2652, 0.6251, 46660
2653, 0.6255, 46678
2654, 0.625, 46696
2655, 0.6255, 46713
2656, 0.6248, 46731
2657, 0.6249, 46749
2658, 0.625, 46766
2659, 0.6249, 46784
2660, 0.625, 46802
2661, 0.6251, 46819
2662, 0.6251, 46836
2663, 0.625, 46854
2664, 0.6249, 46871
2665, 0.6249, 46889
2666, 0.6247, 46906
2667, 0.6246, 46924
2668, 0.6249, 46941
2669, 0.6247, 46959
2670, 0.6248, 46977
2671, 0.6244, 46994
2672, 0.6249, 47012
2673, 0.6246, 47029
2674, 0.6249, 47047
2675, 0.6249, 47064
2676, 0.6252, 47082
2677, 0.625, 47099
2678, 0.6254, 47117
2679, 0.6252, 47135
2680, 0.6256, 47152
2681, 0.6256, 47169
2682, 0.6254, 47187
2683, 0.6255, 47205
2684, 0.6258, 47222
2685, 0.6258, 47239
2686, 0.626, 47257
2687, 0.626, 47275
2688, 0.626, 47292
2689, 0.6259, 47310
2690, 0.6259, 47327
2691, 0.6254, 47345
2692, 0.6256, 47363
2693, 0.626, 47380
2694, 0.6262, 47397
2695, 0.6264, 47415
2696, 0.6262, 47433
2697, 0.6261, 47450
2698, 0.6263, 47467
2699, 0.6262, 47485
2700, 0.6261, 47503
2701, 0.6261, 47520
2702, 0.6258, 47538
2703, 0.6253, 47556
2704, 0.626, 47573
2705, 0.6255, 47591
2706, 0.6257, 47608
2707, 0.6259, 47626
2708, 0.6256, 47643
2709, 0.6257, 47661
2710, 0.6255, 47679
2711, 0.6252, 47696
2712, 0.6252, 47714
2713, 0.6253, 47731
2714, 0.6254, 47749
2715, 0.6256, 47766
2716, 0.6252, 47783
2717, 0.6251, 47801
2718, 0.6252, 47818
2719, 0.6249, 47835
2720, 0.6251, 47853
2721, 0.6253, 47870
2722, 0.6251, 47888
2723, 0.625, 47905
2724, 0.6253, 47923
2725, 0.6251, 47940
2726, 0.625, 47957
2727, 0.6255, 47975
2728, 0.6249, 47992
2729, 0.6253, 48010
2730, 0.6253, 48028
2731, 0.6252, 48045
2732, 0.6253, 48062
2733, 0.6252, 48080
2734, 0.6257, 48098
2735, 0.6258, 48115
2736, 0.6253, 48133
2737, 0.6253, 48150
2738, 0.6251, 48168
2739, 0.6247, 48185
2740, 0.6251, 48203
2741, 0.6248, 48220
2742, 0.6247, 48237
2743, 0.6249, 48255
2744, 0.6252, 48272
2745, 0.6253, 48290
2746, 0.6249, 48307
2747, 0.6246, 48324
2748, 0.6245, 48342
2749, 0.6248, 48360
2750, 0.6247, 48378
2751, 0.6245, 48395
2752, 0.6245, 48413
2753, 0.6242, 48430
2754, 0.6242, 48447
2755, 0.6244, 48465
2756, 0.6239, 48482
2757, 0.6239, 48500
2758, 0.6243, 48518
2759, 0.6239, 48535
2760, 0.6244, 48553
2761, 0.6243, 48570
2762, 0.6245, 48588
2763, 0.6245, 48606
2764, 0.6241, 48623
2765, 0.6242, 48641
2766, 0.6238, 48658
2767, 0.624, 48676
2768, 0.6241, 48693
2769, 0.6247, 48711
2770, 0.6245, 48729
2771, 0.6248, 48746
2772, 0.6242, 48764
2773, 0.6246, 48782
2774, 0.6243, 48799
2775, 0.6244, 48817
2776, 0.6243, 48834
2777, 0.6245, 48851
2778, 0.6243, 48869
2779, 0.6242, 48886
2780, 0.6247, 48904
2781, 0.6247, 48922
2782, 0.6244, 48939
2783, 0.6246, 48957
2784, 0.6245, 48974
2785, 0.6245, 48992
2786, 0.6248, 49009
2787, 0.6245, 49027
2788, 0.6243, 49044
2789, 0.6246, 49062
2790, 0.6245, 49079
2791, 0.6249, 49097
2792, 0.6246, 49114
2793, 0.6246, 49131
2794, 0.6249, 49148
2795, 0.6246, 49166
2796, 0.6249, 49184
2797, 0.6246, 49201
2798, 0.6249, 49219
2799, 0.6251, 49236
2800, 0.6248, 49254
2801, 0.6252, 49271
2802, 0.625, 49288
2803, 0.6253, 49306
2804, 0.6253, 49323
2805, 0.6252, 49340
2806, 0.6254, 49358
2807, 0.6251, 49376
2808, 0.6256, 49393
2809, 0.625, 49410
2810, 0.6251, 49428
2811, 0.625, 49445
2812, 0.6252, 49463
2813, 0.6251, 49480
2814, 0.6253, 49498
2815, 0.6252, 49515
2816, 0.6254, 49533
2817, 0.6255, 49550
2818, 0.6255, 49568
2819, 0.6255, 49585
2820, 0.6259, 49603
2821, 0.6261, 49621
2822, 0.626, 49638
2823, 0.626, 49655
2824, 0.6259, 49673
2825, 0.6257, 49691
2826, 0.6258, 49708
2827, 0.6255, 49725
2828, 0.6255, 49743
2829, 0.6254, 49761
2830, 0.6255, 49779
2831, 0.6253, 49796
2832, 0.6254, 49813
2833, 0.6255, 49831
2834, 0.6255, 49849
2835, 0.6251, 49867
2836, 0.6256, 49884
2837, 0.6249, 49902
2838, 0.625, 49919
2839, 0.6251, 49936
2840, 0.6253, 49954
2841, 0.625, 49971
2842, 0.6258, 49989
2843, 0.6257, 50006
2844, 0.6258, 50024
2845, 0.6257, 50041
2846, 0.6259, 50059
2847, 0.626, 50077
2848, 0.6261, 50095
2849, 0.6264, 50112
2850, 0.6262, 50130
2851, 0.6262, 50147
2852, 0.6266, 50165
2853, 0.6266, 50182
2854, 0.6266, 50200
2855, 0.6266, 50217
2856, 0.6266, 50235
2857, 0.6263, 50253
2858, 0.6266, 50271
2859, 0.6263, 50289
2860, 0.6265, 50307
2861, 0.6266, 50324
2862, 0.6267, 50342
2863, 0.6265, 50359
2864, 0.6266, 50377
2865, 0.6265, 50395
2866, 0.6266, 50412
2867, 0.6268, 50430
2868, 0.6265, 50447
2869, 0.6268, 50465
2870, 0.6269, 50482
2871, 0.6266, 50500
2872, 0.6268, 50518
2873, 0.6267, 50536
2874, 0.6271, 50553
2875, 0.6273, 50571
2876, 0.627, 50588
2877, 0.6273, 50606
2878, 0.6272, 50623
2879, 0.6272, 50641
2880, 0.6271, 50658
2881, 0.6274, 50676
2882, 0.6267, 50694
2883, 0.6269, 50711
2884, 0.6268, 50729
2885, 0.6271, 50747
2886, 0.627, 50764
2887, 0.6273, 50782
2888, 0.627, 50800
2889, 0.6273, 50817
2890, 0.6272, 50834
2891, 0.6274, 50852
2892, 0.6272, 50869
2893, 0.6274, 50887
2894, 0.6272, 50904
2895, 0.6277, 50922
2896, 0.6267, 50940
2897, 0.627, 50957
2898, 0.6274, 50975
2899, 0.6273, 50992
2900, 0.6272, 51010
2901, 0.6274, 51027
2902, 0.6276, 51045
2903, 0.6276, 51063
2904, 0.6273, 51081
2905, 0.6274, 51099
2906, 0.6272, 51116
2907, 0.6271, 51134
2908, 0.6272, 51151
2909, 0.6275, 51169
2910, 0.6277, 51187
2911, 0.6276, 51204
2912, 0.6276, 51222
2913, 0.6271, 51239
2914, 0.6274, 51257
2915, 0.6277, 51274
2916, 0.6272, 51291
2917, 0.6273, 51309
2918, 0.6274, 51327
2919, 0.6272, 51344
2920, 0.6265, 51362
2921, 0.627, 51379
2922, 0.6266, 51397
2923, 0.6268, 51415
2924, 0.627, 51432
2925, 0.627, 51450
2926, 0.6269, 51467
2927, 0.6271, 51485
2928, 0.6268, 51503
2929, 0.6267, 51520
2930, 0.6266, 51537
2931, 0.6267, 51555
2932, 0.6264, 51572
2933, 0.6268, 51590
2934, 0.6266, 51608
2935, 0.6265, 51625
2936, 0.6263, 51643
2937, 0.6267, 51660
2938, 0.6262, 51678
2939, 0.6266, 51696
2940, 0.6265, 51714
2941, 0.6262, 51731
2942, 0.6265, 51749
2943, 0.6261, 51766
2944, 0.6264, 51784
2945, 0.6261, 51802
2946, 0.6259, 51819
2947, 0.6261, 51836
2948, 0.6262, 51854
2949, 0.6262, 51872
2950, 0.626, 51889
2951, 0.6261, 51907
2952, 0.6262, 51924
2953, 0.6261, 51942
2954, 0.6261, 51960
2955, 0.6264, 51977
2956, 0.6261, 51995
2957, 0.6262, 52013
2958, 0.6264, 52030
2959, 0.6263, 52048
2960, 0.6265, 52066
2961, 0.6262, 52083
2962, 0.6263, 52101
2963, 0.626, 52118
2964, 0.6262, 52135
2965, 0.6259, 52153
2966, 0.6259, 52171
2967, 0.6262, 52188
2968, 0.6263, 52206
2969, 0.6261, 52223
2970, 0.6263, 52241
2971, 0.6261, 52259
2972, 0.6264, 52276
2973, 0.6263, 52293
2974, 0.6262, 52311
2975, 0.6263, 52328
2976, 0.6265, 52346
2977, 0.6261, 52363
2978, 0.6261, 52381
2979, 0.6263, 52399
2980, 0.6263, 52416
2981, 0.6263, 52434
2982, 0.6261, 52452
2983, 0.6267, 52469
2984, 0.6263, 52487
2985, 0.6264, 52504
2986, 0.6266, 52522
2987, 0.6264, 52540
2988, 0.6264, 52557
2989, 0.6266, 52575
2990, 0.6268, 52592
2991, 0.6269, 52610
2992, 0.6273, 52628
2993, 0.6269, 52645
2994, 0.6267, 52663
2995, 0.6273, 52680
2996, 0.6268, 52697
2997, 0.6268, 52715
2998, 0.6268, 52732
2999, 0.627, 52750
3000, 0.6268, 52767
3001, 0.6274, 52784
3002, 0.6267, 52801
3003, 0.6267, 52819
3004, 0.6266, 52837
3005, 0.6269, 52854
3006, 0.6271, 52871
3007, 0.627, 52889
3008, 0.6268, 52906
3009, 0.627, 52924
3010, 0.6267, 52941
3011, 0.6272, 52959
3012, 0.627, 52976
3013, 0.627, 52993
3014, 0.6272, 53011
3015, 0.627, 53028
3016, 0.6272, 53046
3017, 0.6273, 53063
3018, 0.6271, 53081
3019, 0.6273, 53099
3020, 0.6272, 53120
3021, 0.6272, 53138
3022, 0.6271, 53157
3023, 0.6272, 53178
3024, 0.627, 53196
3025, 0.6272, 53213
3026, 0.6272, 53231
3027, 0.6274, 53248
3028, 0.6273, 53266
3029, 0.6272, 53283
3030, 0.6272, 53301
3031, 0.6275, 53319
3032, 0.6272, 53336
3033, 0.6273, 53354
3034, 0.6275, 53371
3035, 0.6272, 53389
3036, 0.627, 53407
3037, 0.6272, 53425
3038, 0.6272, 53442
3039, 0.6275, 53460
3040, 0.6272, 53477
3041, 0.6272, 53495
3042, 0.6274, 53513
3043, 0.6273, 53530
3044, 0.6275, 53548
3045, 0.6275, 53566
3046, 0.6278, 53583
3047, 0.6277, 53601
3048, 0.6277, 53618
3049, 0.6277, 53636
3050, 0.6276, 53653
3051, 0.6279, 53671
3052, 0.6276, 53689
3053, 0.6275, 53706
3054, 0.6276, 53724
3055, 0.6278, 53742
3056, 0.6277, 53760
3057, 0.6277, 53777
3058, 0.6273, 53795
3059, 0.6276, 53813
3060, 0.6279, 53830
3061, 0.628, 53848
3062, 0.628, 53866
3063, 0.6277, 53883
3064, 0.6276, 53901
3065, 0.6275, 53919
3066, 0.6277, 53936
3067, 0.6274, 53953
3068, 0.6275, 53971
3069, 0.6279, 53988
3070, 0.6276, 54006
3071, 0.628, 54023
3072, 0.6277, 54041
3073, 0.6276, 54058
3074, 0.6279, 54076
3075, 0.6277, 54093
3076, 0.6277, 54111
3077, 0.6279, 54128
3078, 0.628, 54146
3079, 0.628, 54163
3080, 0.628, 54181
3081, 0.6285, 54199
3082, 0.6279, 54216
3083, 0.6282, 54234
3084, 0.628, 54252
3085, 0.6279, 54269
3086, 0.6281, 54287
3087, 0.6282, 54305
3088, 0.6282, 54322
3089, 0.6281, 54340
3090, 0.6281, 54357
3091, 0.628, 54374
3092, 0.6279, 54392
3093, 0.6281, 54410
3094, 0.6279, 54427
3095, 0.6279, 54444
3096, 0.6281, 54462
3097, 0.6279, 54479
3098, 0.6285, 54497
3099, 0.6284, 54514
3100, 0.6284, 54532
3101, 0.6282, 54549
3102, 0.6282, 54567
3103, 0.6285, 54584
3104, 0.6283, 54601
3105, 0.6284, 54620
3106, 0.6286, 54637
3107, 0.6288, 54655
3108, 0.6288, 54672
3109, 0.6287, 54690
3110, 0.6285, 54708
3111, 0.6285, 54726
3112, 0.6288, 54743
3113, 0.6285, 54761
3114, 0.6289, 54779
3115, 0.6288, 54796
3116, 0.6289, 54814
3117, 0.6283, 54832
3118, 0.6287, 54850
3119, 0.6289, 54867
3120, 0.6287, 54884
3121, 0.6286, 54902
3122, 0.6289, 54919
3123, 0.6288, 54937
3124, 0.6287, 54955
3125, 0.6287, 54973
3126, 0.6288, 54990
3127, 0.6287, 55008
3128, 0.6288, 55026
3129, 0.6288, 55043
3130, 0.6285, 55061
3131, 0.6286, 55078
3132, 0.6285, 55096
3133, 0.6286, 55114
3134, 0.6285, 55131
3135, 0.6283, 55149
3136, 0.6285, 55166
3137, 0.6283, 55184
3138, 0.6281, 55201
3139, 0.6282, 55219
3140, 0.6281, 55236
3141, 0.6276, 55254
3142, 0.628, 55271
3143, 0.6275, 55289
3144, 0.6277, 55306
3145, 0.6275, 55324
3146, 0.6277, 55342
3147, 0.6274, 55359
3148, 0.6275, 55377
3149, 0.6273, 55395
3150, 0.6273, 55412
3151, 0.6275, 55430
3152, 0.6274, 55448
3153, 0.6274, 55466
3154, 0.6273, 55483
3155, 0.6274, 55500
3156, 0.6274, 55518
3157, 0.6274, 55536
3158, 0.6272, 55553
3159, 0.6272, 55571
3160, 0.6274, 55588
3161, 0.6274, 55606
3162, 0.6276, 55623
3163, 0.627, 55641
3164, 0.6267, 55658
3165, 0.6268, 55676
3166, 0.6268, 55693
3167, 0.627, 55711
3168, 0.6269, 55729
3169, 0.6269, 55746
3170, 0.6268, 55764
3171, 0.6272, 55781
3172, 0.6269, 55799
3173, 0.6271, 55816
3174, 0.6269, 55834
3175, 0.6271, 55851
3176, 0.6269, 55869
3177, 0.6264, 55886
3178, 0.6269, 55904
3179, 0.627, 55922
3180, 0.6268, 55939
3181, 0.6267, 55957
3182, 0.6267, 55975
3183, 0.6267, 55992
3184, 0.627, 56010
3185, 0.6267, 56028
3186, 0.6269, 56046
3187, 0.6267, 56063
3188, 0.6269, 56081
3189, 0.6267, 56098
3190, 0.6265, 56116
3191, 0.6264, 56134
3192, 0.6262, 56151
3193, 0.6265, 56169
3194, 0.6265, 56186
3195, 0.6264, 56204
3196, 0.6265, 56222
3197, 0.6264, 56239
3198, 0.6261, 56256
3199, 0.6258, 56274
3200, 0.626, 56291
3201, 0.6262, 56308
3202, 0.6262, 56326
3203, 0.626, 56343
3204, 0.6261, 56361
3205, 0.6262, 56379
3206, 0.6258, 56396
3207, 0.6262, 56414
3208, 0.6262, 56431
3209, 0.6263, 56449
3210, 0.6262, 56466
3211, 0.6262, 56484
3212, 0.6262, 56502
3213, 0.6261, 56519
3214, 0.6261, 56537
3215, 0.6262, 56554
3216, 0.6261, 56572
3217, 0.626, 56590
3218, 0.6262, 56607
3219, 0.6257, 56625
3220, 0.6258, 56643
3221, 0.6257, 56660
3222, 0.6257, 56677
3223, 0.6259, 56695
3224, 0.6256, 56712
3225, 0.6259, 56730
3226, 0.6264, 56747
3227, 0.6263, 56765
3228, 0.626, 56782
3229, 0.626, 56800
3230, 0.6259, 56818
3231, 0.626, 56835
3232, 0.6261, 56853
3233, 0.6259, 56870
3234, 0.6262, 56888
3235, 0.6262, 56906
3236, 0.6264, 56923
3237, 0.6263, 56941
3238, 0.6264, 56958
3239, 0.6265, 56976
3240, 0.6266, 56993
3241, 0.6267, 57011
3242, 0.6264, 57028
3243, 0.6261, 57046
3244, 0.6264, 57063
3245, 0.6262, 57081
3246, 0.6264, 57098
3247, 0.6264, 57116
3248, 0.6267, 57133
3249, 0.6265, 57151
3250, 0.6264, 57168
3251, 0.6264, 57186
3252, 0.6263, 57203
3253, 0.6263, 57221
3254, 0.6262, 57238
3255, 0.6261, 57256
3256, 0.6263, 57273
3257, 0.6261, 57291
3258, 0.6263, 57309
3259, 0.6263, 57326
3260, 0.6262, 57343
3261, 0.6262, 57361
3262, 0.6262, 57379
3263, 0.6261, 57396
3264, 0.6263, 57413
3265, 0.6264, 57431
3266, 0.626, 57448
3267, 0.6259, 57466
3268, 0.6263, 57483
3269, 0.6262, 57501
3270, 0.6261, 57518
3271, 0.6261, 57536
3272, 0.6263, 57554
3273, 0.6261, 57572
3274, 0.6264, 57589
3275, 0.626, 57607
3276, 0.6261, 57625
3277, 0.6254, 57642
3278, 0.6256, 57660
3279, 0.6257, 57677
3280, 0.6255, 57695
3281, 0.6257, 57713
3282, 0.6258, 57730
3283, 0.626, 57748
3284, 0.6258, 57766
3285, 0.6259, 57783
3286, 0.6263, 57801
3287, 0.6262, 57818
3288, 0.6261, 57836
3289, 0.6261, 57853
3290, 0.6265, 57871
3291, 0.6261, 57888
3292, 0.6263, 57906
3293, 0.6264, 57923
3294, 0.6263, 57941
3295, 0.626, 57958
3296, 0.6257, 57975
3297, 0.6257, 57993
3298, 0.6258, 58010
3299, 0.6261, 58028
3300, 0.6254, 58046
3301, 0.6259, 58063
3302, 0.6255, 58080
3303, 0.6256, 58098
3304, 0.6256, 58115
3305, 0.6255, 58133
3306, 0.6254, 58151
3307, 0.6257, 58168
3308, 0.6255, 58185
3309, 0.626, 58203
3310, 0.626, 58221
3311, 0.6256, 58238
3312, 0.6255, 58256
3313, 0.6256, 58274
3314, 0.6258, 58291
3315, 0.6256, 58309
3316, 0.6253, 58327
3317, 0.6256, 58344
3318, 0.6256, 58362
3319, 0.626, 58379
3320, 0.6261, 58397
3321, 0.626, 58415
3322, 0.6262, 58433
3323, 0.626, 58450
3324, 0.626, 58467
3325, 0.626, 58485
3326, 0.6262, 58502
3327, 0.626, 58520
3328, 0.6258, 58537
3329, 0.6257, 58555
3330, 0.6259, 58572
3331, 0.6252, 58590
3332, 0.6255, 58608
3333, 0.6255, 58625
3334, 0.6259, 58642
3335, 0.6256, 58660
3336, 0.6254, 58677
3337, 0.6257, 58695
3338, 0.6253, 58712
3339, 0.6249, 58730
3340, 0.625, 58747
3341, 0.6251, 58765
3342, 0.6254, 58783
3343, 0.6251, 58800
3344, 0.6248, 58818
3345, 0.6248, 58835
3346, 0.6252, 58853
3347, 0.6252, 58870
3348, 0.6252, 58887
3349, 0.6249, 58905
3350, 0.625, 58923
3351, 0.6251, 58940
3352, 0.6252, 58958
3353, 0.625, 58976
3354, 0.625, 58993
3355, 0.625, 59011
3356, 0.6248, 59028
3357, 0.6253, 59046
3358, 0.6253, 59063
3359, 0.6248, 59081
3360, 0.6253, 59098
3361, 0.6248, 59116
3362, 0.6245, 59134
3363, 0.6247, 59151
3364, 0.6245, 59169
3365, 0.6248, 59186
3366, 0.6243, 59203
3367, 0.6243, 59221
3368, 0.6245, 59238
3369, 0.6245, 59256
3370, 0.6244, 59273
3371, 0.6247, 59291
3372, 0.6247, 59309
3373, 0.6244, 59327
3374, 0.6244, 59344
3375, 0.6241, 59362
3376, 0.6243, 59380
3377, 0.624, 59398
3378, 0.6239, 59415
3379, 0.6239, 59433
3380, 0.6238, 59451
3381, 0.624, 59468
3382, 0.6238, 59486
3383, 0.6241, 59503
3384, 0.6241, 59521
3385, 0.624, 59539
3386, 0.6245, 59556
3387, 0.6238, 59574
3388, 0.6242, 59591
3389, 0.6239, 59609
3390, 0.6242, 59626
3391, 0.6239, 59644
3392, 0.6242, 59662
3393, 0.624, 59680
3394, 0.6237, 59697
3395, 0.6239, 59715
3396, 0.6239, 59732
3397, 0.6239, 59750
3398, 0.6242, 59768
3399, 0.6242, 59785
3400, 0.6239, 59803
3401, 0.624, 59820
3402, 0.624, 59838
3403, 0.6243, 59856
3404, 0.6241, 59873
3405, 0.6242, 59890
3406, 0.6243, 59908
3407, 0.6243, 59925
3408, 0.6245, 59942
3409, 0.6249, 59960
3410, 0.6246, 59977
3411, 0.6248, 59995
3412, 0.6245, 60012
3413, 0.6248, 60030
3414, 0.6249, 60047
3415, 0.6246, 60064
3416, 0.6246, 60082
3417, 0.6246, 60100
3418, 0.6242, 60118
3419, 0.6248, 60135
3420, 0.6245, 60153
3421, 0.6244, 60171
3422, 0.6245, 60188
3423, 0.6248, 60206
3424, 0.6244, 60223
3425, 0.6242, 60241
3426, 0.6246, 60258
3427, 0.6242, 60276
3428, 0.6244, 60293
3429, 0.6244, 60310
3430, 0.6242, 60328
3431, 0.6243, 60345
3432, 0.6245, 60363
3433, 0.6247, 60380
3434, 0.6247, 60398
3435, 0.6245, 60416
3436, 0.6247, 60433
3437, 0.624, 60451
3438, 0.6242, 60468
3439, 0.6241, 60486
3440, 0.6238, 60503
3441, 0.6239, 60521
3442, 0.6241, 60538
3443, 0.6238, 60556
3444, 0.6242, 60573
3445, 0.624, 60591
3446, 0.6239, 60609
3447, 0.6244, 60627
3448, 0.6247, 60644
3449, 0.6241, 60662
3450, 0.6244, 60679
3451, 0.6242, 60697
3452, 0.6244, 60715
3453, 0.6244, 60732
3454, 0.6245, 60750
3455, 0.6244, 60768
3456, 0.624, 60786
3457, 0.6241, 60804
3458, 0.624, 60821
3459, 0.6239, 60839
3460, 0.6242, 60856
3461, 0.6239, 60873
3462, 0.6236, 60891
3463, 0.6238, 60908
3464, 0.6237, 60926
3465, 0.6237, 60943
3466, 0.6238, 60961
3467, 0.6236, 60978
3468, 0.6239, 60995
3469, 0.6238, 61013
3470, 0.6236, 61031
3471, 0.6237, 61048
3472, 0.6238, 61066
3473, 0.6235, 61084
3474, 0.6239, 61101
3475, 0.6232, 61119
3476, 0.6238, 61137
3477, 0.6236, 61154
3478, 0.6237, 61172
3479, 0.6237, 61190
3480, 0.6235, 61207
3481, 0.6235, 61225
3482, 0.6235, 61242
3483, 0.6235, 61260
3484, 0.6234, 61277
3485, 0.6235, 61295
3486, 0.6237, 61312
3487, 0.6237, 61333
3488, 0.6235, 61352
3489, 0.6234, 61370
3490, 0.6237, 61389
3491, 0.6236, 61408
3492, 0.6235, 61426
3493, 0.6235, 61446
3494, 0.6234, 61464
3495, 0.6234, 61482
3496, 0.6237, 61500
3497, 0.6233, 61519
3498, 0.6235, 61538
3499, 0.6232, 61555
3500, 0.6232, 61573
3501, 0.623, 61591
3502, 0.6235, 61608
3503, 0.6233, 61626
3504, 0.623, 61644
3505, 0.6233, 61662
3506, 0.6234, 61679
3507, 0.6236, 61698
3508, 0.6233, 61716
3509, 0.6234, 61735
3510, 0.6233, 61753
3511, 0.6235, 61771
3512, 0.6234, 61788
3513, 0.6235, 61806
3514, 0.6235, 61824
3515, 0.6233, 61841
3516, 0.6234, 61859
3517, 0.623, 61877
3518, 0.6234, 61895
3519, 0.6232, 61912
3520, 0.6232, 61930
3521, 0.6232, 61947
3522, 0.6234, 61965
3523, 0.6232, 61983
3524, 0.6231, 62000
3525, 0.6231, 62017
3526, 0.6233, 62035
3527, 0.6231, 62053
3528, 0.6231, 62070
3529, 0.623, 62088
3530, 0.6229, 62106
3531, 0.6234, 62124
3532, 0.6231, 62142
3533, 0.6232, 62160
3534, 0.6231, 62177
3535, 0.623, 62195
3536, 0.623, 62212
3537, 0.6228, 62230
3538, 0.623, 62248
3539, 0.6228, 62266
3540, 0.6227, 62283
3541, 0.6228, 62300
3542, 0.623, 62319
3543, 0.623, 62336
3544, 0.6231, 62354
3545, 0.6228, 62372
3546, 0.6231, 62390
3547, 0.6231, 62408
3548, 0.6227, 62425
3549, 0.6229, 62444
3550, 0.6228, 62462
3551, 0.6228, 62480
3552, 0.6231, 62497
3553, 0.623, 62515
3554, 0.623, 62533
3555, 0.623, 62553
3556, 0.6228, 62572
3557, 0.6228, 62590
3558, 0.6225, 62609
3559, 0.6226, 62626
3560, 0.6224, 62644
3561, 0.6224, 62662
3562, 0.6229, 62680
3563, 0.6225, 62699
3564, 0.6228, 62717
3565, 0.6228, 62735
3566, 0.6231, 62754
3567, 0.623, 62772
3568, 0.623, 62790
3569, 0.6232, 62809
3570, 0.6232, 62827
3571, 0.6235, 62846
3572, 0.623, 62864
3573, 0.6227, 62882
3574, 0.6229, 62899
3575, 0.6228, 62918
3576, 0.6229, 62936
3577, 0.6228, 62954
3578, 0.6232, 62972
3579, 0.6234, 62991
3580, 0.6232, 63009
3581, 0.6232, 63027
3582, 0.6228, 63045
3583, 0.623, 63063
3584, 0.6232, 63080
3585, 0.623, 63098
3586, 0.6228, 63116
3587, 0.6227, 63133
3588, 0.6227, 63151
3589, 0.6225, 63169
3590, 0.6225, 63187
3591, 0.6227, 63204
3592, 0.6226, 63222
3593, 0.6222, 63240
3594, 0.6223, 63257
3595, 0.6221, 63275
3596, 0.6222, 63292
3597, 0.6221, 63310
3598, 0.6219, 63327
3599, 0.6217, 63345
3600, 0.6215, 63363
3601, 0.6218, 63380
3602, 0.6217, 63398
3603, 0.6214, 63415
3604, 0.6214, 63433
3605, 0.6212, 63450
3606, 0.6208, 63468
3607, 0.6215, 63486
3608, 0.621, 63504
3609, 0.6209, 63521
3610, 0.6209, 63539
3611, 0.6211, 63557
3612, 0.6208, 63575
3613, 0.6207, 63592
3614, 0.6207, 63611
3615, 0.6209, 63628
3616, 0.6207, 63645
3617, 0.6209, 63663
3618, 0.6209, 63681
3619, 0.6207, 63698
3620, 0.6207, 63716
3621, 0.6209, 63734
3622, 0.6213, 63752
3623, 0.6211, 63770
3624, 0.621, 63787
3625, 0.6209, 63805
3626, 0.621, 63822
3627, 0.6211, 63839
3628, 0.6208, 63857
3629, 0.6211, 63875
3630, 0.6212, 63892
3631, 0.6209, 63910
3632, 0.6211, 63927
3633, 0.621, 63945
3634, 0.6216, 63962
3635, 0.6217, 63980
3636, 0.6217, 63998
3637, 0.6214, 64016
3638, 0.6212, 64034
3639, 0.6217, 64051
3640, 0.6212, 64069
3641, 0.6209, 64086
3642, 0.6214, 64104
3643, 0.6211, 64121
3644, 0.6211, 64138
3645, 0.6211, 64156
3646, 0.6213, 64174
3647, 0.6214, 64191
3648, 0.6212, 64208
3649, 0.6216, 64226
3650, 0.6215, 64243
3651, 0.6211, 64261
3652, 0.6212, 64278
3653, 0.6215, 64296
3654, 0.6206, 64314
3655, 0.6211, 64332
3656, 0.6213, 64350
3657, 0.6207, 64367
3658, 0.6208, 64384
3659, 0.6208, 64402
3660, 0.621, 64420
3661, 0.6211, 64437
3662, 0.6208, 64455
3663, 0.621, 64472
3664, 0.6205, 64490
3665, 0.6208, 64508
3666, 0.6209, 64525
3667, 0.6209, 64543
3668, 0.6207, 64561
3669, 0.6209, 64578
3670, 0.6206, 64596
3671, 0.6205, 64614
3672, 0.6207, 64632
3673, 0.6204, 64650
3674, 0.6204, 64667
3675, 0.6203, 64685
3676, 0.6205, 64703
3677, 0.6206, 64721
3678, 0.6206, 64739
3679, 0.6203, 64756
3680, 0.6203, 64774
3681, 0.6204, 64791
3682, 0.6206, 64809
3683, 0.6202, 64827
3684, 0.6202, 64845
3685, 0.6204, 64863
3686, 0.6205, 64880
3687, 0.6204, 64898
3688, 0.62, 64915
3689, 0.6201, 64932
3690, 0.6201, 64950
3691, 0.6202, 64968
3692, 0.6201, 64985
3693, 0.62, 65003
3694, 0.6201, 65021
3695, 0.6199, 65039
3696, 0.6196, 65056
3697, 0.6197, 65074
3698, 0.6196, 65091
3699, 0.6193, 65109
3700, 0.6192, 65127
3701, 0.6198, 65145
3702, 0.6191, 65163
3703, 0.6195, 65180
3704, 0.6189, 65198
3705, 0.6196, 65215
3706, 0.6193, 65233
3707, 0.6188, 65251
3708, 0.6189, 65268
3709, 0.6192, 65286
3710, 0.6192, 65303
3711, 0.6189, 65321
3712, 0.619, 65338
3713, 0.6191, 65355
3714, 0.6187, 65373
3715, 0.6191, 65390
3716, 0.6191, 65408
3717, 0.6189, 65425
3718, 0.6189, 65443
3719, 0.6191, 65460
3720, 0.6188, 65478
3721, 0.6189, 65495
3722, 0.6193, 65513
3723, 0.6193, 65531
3724, 0.619, 65549
3725, 0.6186, 65566
3726, 0.6189, 65584
3727, 0.6189, 65602
3728, 0.6184, 65619
3729, 0.6185, 65637
3730, 0.6189, 65654
3731, 0.6191, 65672
3732, 0.6193, 65689
3733, 0.6194, 65706
3734, 0.6192, 65724
3735, 0.6193, 65741
3736, 0.6193, 65759
3737, 0.6195, 65776
3738, 0.6189, 65793
3739, 0.6192, 65811
3740, 0.6196, 65828
3741, 0.6192, 65846
3742, 0.6191, 65864
3743, 0.6192, 65881
3744, 0.6191, 65899
3745, 0.6188, 65916
3746, 0.6193, 65934
3747, 0.6193, 65951
3748, 0.6192, 65968
3749, 0.619, 65986
3750, 0.6192, 66004
3751, 0.6195, 66021
3752, 0.6191, 66039
3753, 0.6191, 66057
3754, 0.6193, 66075
3755, 0.6194, 66092
3756, 0.6196, 66110
3757, 0.6192, 66128
3758, 0.619, 66145
3759, 0.6192, 66162
3760, 0.6192, 66180
3761, 0.6191, 66197
3762, 0.6191, 66215
3763, 0.6194, 66233
3764, 0.619, 66250
3765, 0.6191, 66268
3766, 0.6194, 66286
3767, 0.6195, 66303
3768, 0.6196, 66321
3769, 0.6193, 66339
3770, 0.6191, 66356
3771, 0.6189, 66374
3772, 0.619, 66391
3773, 0.6188, 66409
3774, 0.6187, 66426
3775, 0.6183, 66444
3776, 0.6192, 66461
3777, 0.6187, 66479
3778, 0.6187, 66496
3779, 0.6188, 66514
3780, 0.6187, 66531
3781, 0.6187, 66549
3782, 0.6192, 66566
3783, 0.6185, 66584
3784, 0.6188, 66601
3785, 0.6186, 66619
3786, 0.6186, 66637
3787, 0.619, 66654
3788, 0.6191, 66672
3789, 0.6188, 66690
3790, 0.6188, 66707
3791, 0.6187, 66725
3792, 0.6188, 66742
3793, 0.6184, 66760
3794, 0.6185, 66778
3795, 0.6185, 66796
3796, 0.6183, 66814
3797, 0.6185, 66831
3798, 0.618, 66849
3799, 0.6182, 66866
3800, 0.6179, 66884
3801, 0.6179, 66901
3802, 0.6181, 66919
3803, 0.6178, 66936
3804, 0.6177, 66954
3805, 0.6176, 66971
3806, 0.6177, 66989
3807, 0.6176, 67006
3808, 0.618, 67023
3809, 0.6177, 67041
3810, 0.6175, 67058
3811, 0.6177, 67076
3812, 0.6182, 67093
3813, 0.6176, 67111
3814, 0.6177, 67128
3815, 0.6174, 67146
3816, 0.618, 67163
3817, 0.6177, 67181
3818, 0.6178, 67199
3819, 0.6176, 67216
3820, 0.6176, 67234
3821, 0.6181, 67251
3822, 0.6181, 67269
3823, 0.6175, 67286
3824, 0.6178, 67304
3825, 0.618, 67322
3826, 0.6179, 67339
3827, 0.6177, 67357
3828, 0.6174, 67374
3829, 0.6176, 67392
3830, 0.6172, 67410
3831, 0.617, 67427
3832, 0.6173, 67444
3833, 0.6171, 67462
3834, 0.6171, 67480
3835, 0.6173, 67498
3836, 0.617, 67516
3837, 0.6172, 67534
3838, 0.617, 67551
3839, 0.6172, 67569
3840, 0.6175, 67586
3841, 0.6173, 67604
3842, 0.617, 67622
3843, 0.6175, 67639
3844, 0.6173, 67657
3845, 0.6174, 67675
3846, 0.6177, 67692
3847, 0.6172, 67710
3848, 0.6173, 67727
3849, 0.6174, 67745
3850, 0.6173, 67763
3851, 0.6173, 67780
3852, 0.6173, 67798
3853, 0.6174, 67816
3854, 0.6174, 67833
3855, 0.6171, 67851
3856, 0.6173, 67869
3857, 0.6174, 67886
3858, 0.6174, 67904
3859, 0.6171, 67922
3860, 0.6174, 67940
3861, 0.6173, 67957
3862, 0.6174, 67975
3863, 0.6172, 67993
3864, 0.6166, 68011
3865, 0.6168, 68028
3866, 0.6167, 68046
3867, 0.6166, 68064
3868, 0.617, 68082
3869, 0.6167, 68100
3870, 0.6167, 68117
3871, 0.6167, 68135
3872, 0.6168, 68152
3873, 0.6167, 68170
3874, 0.6168, 68187
3875, 0.6164, 68205
3876, 0.6166, 68222
3877, 0.6166, 68240
3878, 0.6164, 68257
3879, 0.6169, 68275
3880, 0.6164, 68292
3881, 0.6164, 68309
3882, 0.6158, 68327
3883, 0.6162, 68344
3884, 0.6162, 68361
3885, 0.6163, 68379
3886, 0.6166, 68397
3887, 0.6164, 68414
3888, 0.616, 68432
3889, 0.6163, 68449
3890, 0.6165, 68467
3891, 0.6164, 68485
3892, 0.6162, 68502
3893, 0.6162, 68519
3894, 0.6161, 68537
3895, 0.616, 68554
3896, 0.6159, 68572
3897, 0.6161, 68589
3898, 0.6162, 68607
3899, 0.6161, 68625
3900, 0.6164, 68643
3901, 0.6167, 68660
3902, 0.6169, 68678
3903, 0.6167, 68696
3904, 0.617, 68714
3905, 0.6164, 68731
3906, 0.6165, 68749
3907, 0.6168, 68766
3908, 0.616, 68784
3909, 0.6163, 68802
3910, 0.6165, 68819
3911, 0.6162, 68837
3912, 0.6162, 68855
3913, 0.6164, 68872
3914, 0.6159, 68890
3915, 0.6161, 68907
3916, 0.6162, 68925
3917, 0.6158, 68942
3918, 0.616, 68960
3919, 0.6155, 68978
3920, 0.6156, 68995
3921, 0.6154, 69013
3922, 0.6155, 69030
3923, 0.6155, 69048
3924, 0.6158, 69066
3925, 0.6155, 69083
3926, 0.616, 69101
3927, 0.6154, 69118
3928, 0.6158, 69136
3929, 0.6154, 69154
3930, 0.6158, 69171
3931, 0.6159, 69189
3932, 0.6158, 69206
3933, 0.6158, 69223
3934, 0.6159, 69240
3935, 0.6156, 69258
3936, 0.6162, 69276
3937, 0.6161, 69293
3938, 0.6163, 69311
3939, 0.6162, 69329
3940, 0.6157, 69346
3941, 0.6156, 69363
3942, 0.6161, 69381
3943, 0.616, 69398
3944, 0.6162, 69416
3945, 0.6164, 69434
3946, 0.616, 69451
3947, 0.6162, 69469
3948, 0.616, 69486
3949, 0.6159, 69504
3950, 0.6163, 69521
3951, 0.6161, 69539
3952, 0.6163, 69556
3953, 0.616, 69574
3954, 0.6157, 69592
3955, 0.6158, 69610
3956, 0.6158, 69627
3957, 0.6157, 69645
3958, 0.6154, 69662
3959, 0.6158, 69680
3960, 0.616, 69697
3961, 0.6156, 69715
3962, 0.6157, 69732
3963, 0.6157, 69750
3964, 0.6157, 69767
3965, 0.6156, 69785
3966, 0.6155, 69803
3967, 0.6156, 69821
3968, 0.6157, 69838
3969, 0.6151, 69856
3970, 0.6156, 69873
3971, 0.6158, 69891
3972, 0.6158, 69908
3973, 0.6158, 69926
3974, 0.6152, 69943
3975, 0.6152, 69961
3976, 0.6155, 69978
3977, 0.6156, 69996
3978, 0.6154, 70013
3979, 0.6156, 70031
3980, 0.615, 70049
3981, 0.6157, 70066
3982, 0.6153, 70084
3983, 0.6153, 70102
3984, 0.6153, 70119
3985, 0.6151, 70137
3986, 0.6151, 70154
3987, 0.6149, 70172
3988, 0.6153, 70190
3989, 0.615, 70207
3990, 0.6149, 70225
3991, 0.615, 70242
3992, 0.6151, 70260
3993, 0.6151, 70278
3994, 0.6152, 70295
3995, 0.6155, 70313
3996, 0.615, 70331
3997, 0.615, 70349
3998, 0.6151, 70366
3999, 0.6148, 70384
4000, 0.6151, 70402
4001, 0.6152, 70419
4002, 0.6153, 70437
4003, 0.615, 70454
4004, 0.6152, 70472
4005, 0.6151, 70490
4006, 0.6154, 70507
4007, 0.6154, 70525
4008, 0.6155, 70543
4009, 0.6153, 70561
4010, 0.6153, 70578
4011, 0.6153, 70596
4012, 0.6156, 70614
4013, 0.6154, 70631
4014, 0.6153, 70648
4015, 0.615, 70666
4016, 0.615, 70684
4017, 0.6152, 70701
4018, 0.6148, 70719
4019, 0.6147, 70737
4020, 0.6147, 70754
4021, 0.6145, 70772
4022, 0.6146, 70789
4023, 0.6145, 70807
4024, 0.6152, 70825
4025, 0.6143, 70842
4026, 0.6144, 70859
4027, 0.6143, 70877
4028, 0.6144, 70895
4029, 0.614, 70912
4030, 0.6145, 70929
4031, 0.6139, 70947
4032, 0.6138, 70965
4033, 0.614, 70983
4034, 0.6138, 71001
4035, 0.6138, 71018
4036, 0.6137, 71035
4037, 0.6136, 71053
4038, 0.6143, 71070
4039, 0.614, 71088
4040, 0.6135, 71106
4041, 0.6135, 71124
4042, 0.6139, 71142
4043, 0.6137, 71159
4044, 0.6138, 71176
4045, 0.6133, 71194
4046, 0.6134, 71211
4047, 0.6131, 71229
4048, 0.6131, 71247
4049, 0.6131, 71265
4050, 0.6131, 71283
4051, 0.6131, 71300
4052, 0.6128, 71317
4053, 0.6132, 71334
4054, 0.613, 71352
4055, 0.6133, 71369
4056, 0.613, 71387
4057, 0.6132, 71405
4058, 0.6129, 71423
4059, 0.613, 71440
4060, 0.6131, 71458
4061, 0.6129, 71476
4062, 0.613, 71493
4063, 0.6132, 71512
4064, 0.613, 71531
4065, 0.6134, 71549
4066, 0.6131, 71568
4067, 0.6127, 71586
4068, 0.6131, 71605
