1, 0.0809, 36
2, 0.0962, 68
3, 0.1146, 91
4, 0.1283, 114
5, 0.1416, 138
6, 0.1544, 161
7, 0.1768, 184
8, 0.1934, 207
9, 0.1964, 230
10, 0.1957, 253
11, 0.1948, 276
12, 0.1937, 299
13, 0.2221, 323
14, 0.2444, 346
15, 0.251, 369
16, 0.193, 392
17, 0.1271, 416
18, 0.1, 439
19, 0.1002, 463
20, 0.1018, 486
21, 0.1007, 509
22, 0.1005, 533
23, 0.1336, 556
24, 0.1439, 579
25, 0.1968, 603
26, 0.2093, 626
27, 0.2464, 649
28, 0.2527, 672
29, 0.2898, 695
30, 0.2308, 718
31, 0.2384, 742
32, 0.2717, 765
33, 0.2153, 788
34, 0.1684, 811
35, 0.1772, 834
36, 0.2389, 857
37, 0.2387, 880
38, 0.2205, 903
39, 0.1957, 926
40, 0.2266, 949
41, 0.2389, 971
42, 0.174, 1002
43, 0.285, 1027
44, 0.2419, 1050
45, 0.1481, 1073
46, 0.177, 1096
47, 0.1908, 1119
48, 0.2202, 1142
49, 0.2727, 1165
50, 0.262, 1188
51, 0.2585, 1211
52, 0.286, 1235
53, 0.2631, 1258
54, 0.2323, 1281
55, 0.2248, 1303
56, 0.1858, 1326
57, 0.2275, 1349
58, 0.2308, 1372
59, 0.2156, 1395
60, 0.2709, 1418
61, 0.2984, 1441
62, 0.2937, 1464
63, 0.2795, 1487
64, 0.2177, 1510
65, 0.2365, 1533
66, 0.2076, 1556
67, 0.2314, 1579
68, 0.2454, 1602
69, 0.2415, 1625
70, 0.2631, 1648
71, 0.2878, 1671
72, 0.33, 1694
73, 0.3391, 1717
74, 0.3421, 1740
75, 0.3092, 1763
76, 0.303, 1786
77, 0.2657, 1810
78, 0.2149, 1833
79, 0.1358, 1856
80, 0.2307, 1879
81, 0.2558, 1902
82, 0.279, 1934
83, 0.3248, 1958
84, 0.3425, 1981
85, 0.3277, 2004
86, 0.3296, 2028
87, 0.2761, 2051
88, 0.2572, 2074
89, 0.2998, 2098
90, 0.2913, 2121
91, 0.3167, 2145
92, 0.3099, 2168
93, 0.3335, 2191
94, 0.3288, 2215
95, 0.284, 2238
96, 0.251, 2261
97, 0.313, 2283
98, 0.3293, 2306
99, 0.3507, 2330
100, 0.3393, 2353
101, 0.315, 2376
102, 0.3321, 2399
103, 0.2913, 2422
104, 0.343, 2445
105, 0.2985, 2469
106, 0.3195, 2492
107, 0.3056, 2515
108, 0.3562, 2538
109, 0.3354, 2561
110, 0.2651, 2584
111, 0.2958, 2607
112, 0.3276, 2630
113, 0.3374, 2653
114, 0.3478, 2677
115, 0.3433, 2700
116, 0.3245, 2723
117, 0.3395, 2746
118, 0.3664, 2769
119, 0.343, 2792
120, 0.313, 2815
121, 0.3233, 2844
122, 0.3393, 2870
123, 0.3782, 2893
124, 0.3908, 2916
125, 0.401, 2940
126, 0.3908, 2963
127, 0.359, 2986
128, 0.3353, 3010
129, 0.2922, 3033
130, 0.3135, 3056
131, 0.3553, 3079
132, 0.3704, 3102
133, 0.3811, 3125
134, 0.3705, 3149
135, 0.3885, 3172
136, 0.3758, 3195
137, 0.3561, 3218
138, 0.3911, 3241
139, 0.4067, 3264
140, 0.3987, 3288
141, 0.3953, 3311
142, 0.3649, 3334
143, 0.3709, 3358
144, 0.3996, 3381
145, 0.4268, 3404
146, 0.4211, 3427
147, 0.4053, 3450
148, 0.3926, 3473
149, 0.3776, 3496
150, 0.4004, 3519
151, 0.3638, 3542
152, 0.3216, 3564
153, 0.3665, 3587
154, 0.388, 3610
155, 0.3852, 3633
156, 0.3808, 3656
157, 0.3818, 3680
158, 0.3868, 3703
159, 0.3897, 3726
160, 0.3966, 3750
161, 0.3867, 3773
162, 0.3962, 3796
163, 0.3806, 3826
164, 0.4114, 3852
165, 0.4188, 3876
166, 0.4255, 3899
167, 0.4295, 3922
168, 0.4299, 3945
169, 0.4471, 3969
170, 0.4421, 3992
171, 0.4069, 4015
172, 0.3804, 4039
173, 0.3599, 4066
174, 0.3785, 4089
175, 0.4232, 4113
176, 0.4286, 4137
177, 0.4392, 4160
178, 0.4376, 4184
179, 0.4125, 4207
180, 0.4379, 4230
181, 0.4245, 4254
182, 0.422, 4277
183, 0.4234, 4301
184, 0.4125, 4324
185, 0.4567, 4347
186, 0.4474, 4371
187, 0.4166, 4394
188, 0.4245, 4417
189, 0.4288, 4441
190, 0.4613, 4464
191, 0.4392, 4487
192, 0.4225, 4511
193, 0.3797, 4534
194, 0.3314, 4557
195, 0.3038, 4580
196, 0.265, 4603
197, 0.37, 4627
198, 0.3821, 4650
199, 0.3634, 4673
200, 0.3871, 4696
201, 0.4025, 4719
202, 0.3954, 4743
203, 0.4292, 4766
204, 0.4418, 4789
205, 0.4258, 4812
206, 0.4306, 4835
207, 0.4536, 4859
208, 0.4535, 4890
209, 0.4652, 4913
210, 0.4599, 4937
211, 0.4442, 4960
212, 0.4443, 4983
213, 0.4843, 5006
214, 0.4721, 5029
215, 0.4759, 5052
216, 0.4764, 5075
217, 0.4566, 5099
218, 0.442, 5122
219, 0.4033, 5145
220, 0.3846, 5168
221, 0.4001, 5191
222, 0.4376, 5213
223, 0.4226, 5236
224, 0.4177, 5259
225, 0.4063, 5282
226, 0.4663, 5305
227, 0.4508, 5329
228, 0.4782, 5352
229, 0.4861, 5375
230, 0.4495, 5399
231, 0.4512, 5426
232, 0.442, 5449
233, 0.4483, 5472
234, 0.4617, 5495
235, 0.4136, 5518
236, 0.4518, 5541
237, 0.4677, 5565
238, 0.4555, 5588
239, 0.4551, 5611
240, 0.4696, 5634
241, 0.4447, 5657
242, 0.4792, 5680
243, 0.4769, 5704
244, 0.4597, 5727
245, 0.4529, 5750
246, 0.4833, 5773
247, 0.4806, 5796
248, 0.4652, 5819
249, 0.4493, 5843
250, 0.475, 5866
251, 0.4535, 5889
252, 0.4533, 5912
253, 0.4322, 5943
254, 0.4573, 5967
255, 0.4514, 5990
256, 0.4353, 6014
257, 0.4188, 6037
258, 0.4845, 6060
259, 0.4877, 6083
260, 0.4574, 6106
261, 0.485, 6129
262, 0.4855, 6152
263, 0.4907, 6175
264, 0.4696, 6198
265, 0.4648, 6221
266, 0.4844, 6245
267, 0.4816, 6268
268, 0.4862, 6291
269, 0.4497, 6314
270, 0.4483, 6338
271, 0.4345, 6361
272, 0.4767, 6384
273, 0.4609, 6408
274, 0.4964, 6431
275, 0.4929, 6454
276, 0.4969, 6478
277, 0.501, 6501
278, 0.505, 6524
279, 0.5208, 6548
280, 0.5093, 6571
281, 0.4948, 6594
282, 0.4826, 6617
283, 0.4464, 6640
284, 0.421, 6663
285, 0.4394, 6686
286, 0.3834, 6709
287, 0.4751, 6732
288, 0.4692, 6756
289, 0.4599, 6779
290, 0.5073, 6802
291, 0.4862, 6825
292, 0.4569, 6848
293, 0.4973, 6871
294, 0.4847, 6895
295, 0.5017, 6920
296, 0.5101, 6950
297, 0.4896, 6974
298, 0.513, 6997
299, 0.5273, 7020
300, 0.5037, 7044
301, 0.5081, 7067
302, 0.5215, 7090
303, 0.488, 7113
304, 0.5135, 7136
305, 0.499, 7159
306, 0.4919, 7182
307, 0.5143, 7205
308, 0.4978, 7228
309, 0.4822, 7251
310, 0.5116, 7274
311, 0.5051, 7297
312, 0.4728, 7320
313, 0.4696, 7343
314, 0.4741, 7366
315, 0.4816, 7389
316, 0.4892, 7412
317, 0.5232, 7436
318, 0.5265, 7459
319, 0.5314, 7483
320, 0.5299, 7506
321, 0.519, 7529
322, 0.5243, 7552
323, 0.5109, 7575
324, 0.4802, 7599
325, 0.4945, 7622
326, 0.5134, 7645
327, 0.5013, 7668
328, 0.4667, 7691
329, 0.482, 7714
330, 0.4666, 7737
331, 0.4623, 7760
332, 0.4427, 7784
333, 0.438, 7807
334, 0.4531, 7836
335, 0.4793, 7862
336, 0.5258, 7885
337, 0.508, 7909
338, 0.5105, 7932
339, 0.5391, 7955
340, 0.5446, 7978
341, 0.5293, 8001
342, 0.5119, 8025
343, 0.4909, 8048
344, 0.4841, 8071
345, 0.4842, 8095
346, 0.4567, 8118
347, 0.4408, 8141
348, 0.4174, 8165
349, 0.447, 8188
350, 0.4389, 8211
351, 0.483, 8234
352, 0.505, 8257
353, 0.523, 8281
354, 0.52, 8304
355, 0.5185, 8327
356, 0.5456, 8350
357, 0.5325, 8373
358, 0.5168, 8396
359, 0.5218, 8419
360, 0.5237, 8442
361, 0.5117, 8466
362, 0.526, 8489
363, 0.5213, 8512
364, 0.5256, 8536
365, 0.5158, 8559
366, 0.4792, 8582
367, 0.4998, 8605
368, 0.4881, 8628
369, 0.4879, 8651
370, 0.4841, 8674
371, 0.4957, 8698
372, 0.5045, 8721
373, 0.4921, 8744
374, 0.5248, 8767
375, 0.5037, 8790
376, 0.5415, 8814
377, 0.534, 8837
378, 0.4838, 8860
379, 0.4995, 8883
380, 0.5177, 8916
381, 0.5328, 8940
382, 0.5231, 8964
383, 0.5237, 8987
384, 0.5279, 9010
385, 0.5247, 9033
386, 0.5392, 9056
387, 0.5371, 9079
388, 0.5301, 9103
389, 0.551, 9126
390, 0.5411, 9149
391, 0.5213, 9172
392, 0.5072, 9195
393, 0.4893, 9218
394, 0.4757, 9242
395, 0.4809, 9265
396, 0.488, 9288
397, 0.4758, 9311
398, 0.4726, 9335
399, 0.5097, 9358
400, 0.5014, 9381
401, 0.4976, 9405
402, 0.5349, 9428
403, 0.5454, 9451
404, 0.5397, 9474
405, 0.531, 9497
406, 0.5507, 9520
407, 0.5371, 9543
408, 0.5352, 9566
409, 0.526, 9590
410, 0.5275, 9613
411, 0.5199, 9636
412, 0.5198, 9659
413, 0.5361, 9682
414, 0.5354, 9705
415, 0.5285, 9728
416, 0.5159, 9751
417, 0.5206, 9774
418, 0.497, 9798
419, 0.5438, 9822
420, 0.4986, 9846
421, 0.4677, 9877
422, 0.4854, 9901
423, 0.4946, 9924
424, 0.5243, 9947
425, 0.5311, 9970
426, 0.5308, 9993
427, 0.561, 10016
428, 0.5648, 10040
429, 0.5444, 10063
430, 0.5441, 10086
431, 0.5451, 10110
432, 0.5034, 10133
433, 0.5104, 10156
434, 0.5536, 10179
435, 0.5452, 10202
436, 0.5326, 10225
437, 0.5412, 10248
438, 0.5284, 10271
439, 0.5285, 10295
440, 0.5246, 10318
441, 0.5364, 10341
442, 0.5436, 10364
443, 0.5232, 10388
444, 0.5235, 10411
445, 0.5221, 10434
446, 0.5283, 10457
447, 0.5053, 10481
448, 0.5315, 10504
449, 0.5502, 10527
450, 0.5234, 10550
451, 0.5115, 10573
452, 0.4751, 10596
453, 0.502, 10620
454, 0.5389, 10643
455, 0.537, 10666
456, 0.5335, 10689
457, 0.5356, 10712
458, 0.5226, 10735
459, 0.4967, 10758
460, 0.4876, 10781
461, 0.4867, 10804
462, 0.4928, 10827
463, 0.5312, 10850
464, 0.5448, 10873
465, 0.5397, 10896
466, 0.5468, 10928
467, 0.5584, 10952
468, 0.5713, 10975
469, 0.5661, 10998
470, 0.5569, 11022
471, 0.5321, 11045
472, 0.5146, 11068
473, 0.5076, 11091
474, 0.5066, 11115
475, 0.5086, 11138
476, 0.4953, 11161
477, 0.5037, 11185
478, 0.4944, 11208
479, 0.5056, 11231
480, 0.5281, 11255
481, 0.5139, 11278
482, 0.5218, 11301
483, 0.514, 11325
484, 0.5135, 11348
485, 0.5383, 11372
486, 0.51, 11395
487, 0.5306, 11419
488, 0.56, 11443
489, 0.5598, 11466
490, 0.5541, 11490
491, 0.5336, 11513
492, 0.505, 11537
493, 0.5231, 11560
494, 0.5317, 11583
495, 0.5351, 11606
496, 0.5407, 11630
497, 0.5319, 11653
498, 0.5394, 11676
499, 0.5321, 11700
500, 0.5405, 11723
501, 0.5461, 11751
502, 0.5178, 11774
503, 0.5505, 11797
504, 0.5454, 11821
505, 0.5281, 11844
506, 0.5345, 11869
507, 0.5345, 11900
508, 0.5439, 11923
509, 0.5748, 11946
510, 0.5575, 11970
511, 0.5157, 11993
512, 0.505, 12016
513, 0.4921, 12039
514, 0.4887, 12062
515, 0.5002, 12085
516, 0.51, 12108
517, 0.5115, 12132
518, 0.5457, 12155
519, 0.5575, 12178
520, 0.5503, 12201
521, 0.5686, 12224
522, 0.568, 12247
523, 0.5635, 12270
524, 0.5451, 12293
525, 0.5322, 12317
526, 0.5402, 12340
527, 0.5634, 12363
528, 0.5502, 12386
529, 0.5219, 12409
530, 0.5287, 12432
531, 0.5304, 12456
532, 0.5354, 12479
533, 0.5269, 12502
534, 0.5376, 12525
535, 0.558, 12548
536, 0.5641, 12571
537, 0.5514, 12595
538, 0.5559, 12618
539, 0.5343, 12641
540, 0.5215, 12664
541, 0.5268, 12687
542, 0.5435, 12710
543, 0.5351, 12733
544, 0.5406, 12756
545, 0.5671, 12780
546, 0.5559, 12803
547, 0.5538, 12829
548, 0.5357, 12859
549, 0.515, 12882
550, 0.5316, 12905
551, 0.5348, 12929
552, 0.5366, 12952
553, 0.5418, 12975
554, 0.5654, 12998
555, 0.5503, 13021
556, 0.5406, 13045
557, 0.5433, 13068
558, 0.5461, 13090
559, 0.5429, 13113
560, 0.5308, 13136
561, 0.5418, 13159
562, 0.5414, 13183
563, 0.5381, 13206
564, 0.5522, 13229
565, 0.5394, 13252
566, 0.534, 13276
567, 0.546, 13299
568, 0.5366, 13322
569, 0.5473, 13345
570, 0.562, 13368
571, 0.552, 13391
572, 0.5515, 13414
573, 0.5352, 13437
574, 0.5408, 13460
575, 0.5442, 13483
576, 0.5619, 13506
577, 0.5619, 13529
578, 0.5225, 13552
579, 0.5231, 13575
580, 0.5288, 13599
581, 0.5241, 13622
582, 0.5233, 13646
583, 0.5515, 13669
584, 0.5566, 13692
585, 0.5606, 13715
586, 0.5623, 13739
587, 0.5413, 13762
588, 0.5412, 13785
589, 0.5335, 13808
590, 0.554, 13831
591, 0.5536, 13854
592, 0.5625, 13879
593, 0.5531, 13910
594, 0.5369, 13933
595, 0.546, 13956
596, 0.5337, 13978
597, 0.5197, 14001
598, 0.5194, 14024
599, 0.4868, 14047
600, 0.4946, 14070
601, 0.5329, 14097
602, 0.5374, 14121
603, 0.5479, 14144
604, 0.5577, 14167
605, 0.5588, 14190
606, 0.5609, 14213
607, 0.5685, 14236
608, 0.551, 14259
609, 0.5546, 14282
610, 0.5478, 14305
611, 0.5443, 14329
612, 0.5319, 14352
613, 0.5309, 14375
614, 0.5677, 14398
615, 0.5479, 14421
616, 0.5383, 14444
617, 0.5471, 14467
618, 0.5514, 14490
619, 0.5381, 14513
620, 0.5518, 14537
621, 0.5266, 14560
622, 0.5378, 14583
623, 0.5552, 14607
624, 0.5525, 14630
625, 0.5518, 14654
626, 0.5483, 14677
627, 0.5625, 14700
628, 0.5564, 14724
629, 0.556, 14747
630, 0.5522, 14771
631, 0.5481, 14794
632, 0.5389, 14826
633, 0.5176, 14850
634, 0.5015, 14873
635, 0.5187, 14897
636, 0.5166, 14920
637, 0.5085, 14943
638, 0.5147, 14966
639, 0.553, 14989
640, 0.5459, 15012
641, 0.5556, 15035
642, 0.5623, 15059
643, 0.5637, 15082
644, 0.5559, 15105
645, 0.5493, 15128
646, 0.5482, 15151
647, 0.5528, 15174
648, 0.56, 15197
649, 0.5478, 15220
650, 0.5376, 15243
651, 0.5317, 15266
652, 0.5329, 15289
653, 0.5544, 15312
654, 0.5488, 15336
655, 0.5264, 15359
656, 0.5338, 15382
657, 0.5284, 15405
658, 0.5415, 15429
659, 0.5363, 15452
660, 0.5295, 15475
661, 0.5326, 15498
662, 0.552, 15522
663, 0.5433, 15545
664, 0.5561, 15568
665, 0.5563, 15592
666, 0.5628, 15615
667, 0.5574, 15638
668, 0.5668, 15662
669, 0.5498, 15685
670, 0.5525, 15709
671, 0.5373, 15732
672, 0.5459, 15756
673, 0.5689, 15779
674, 0.5466, 15802
675, 0.5458, 15826
676, 0.5404, 15849
677, 0.5483, 15872
678, 0.5401, 15904
679, 0.5431, 15928
680, 0.5463, 15951
681, 0.5557, 15974
682, 0.5429, 15998
683, 0.5284, 16021
684, 0.5306, 16044
685, 0.534, 16067
686, 0.5439, 16091
687, 0.5337, 16114
688, 0.5588, 16137
689, 0.56, 16160
690, 0.5579, 16183
691, 0.5655, 16206
692, 0.5713, 16230
693, 0.5725, 16253
694, 0.5814, 16276
695, 0.5661, 16299
696, 0.5513, 16322
697, 0.5019, 16345
698, 0.523, 16368
699, 0.5358, 16392
700, 0.532, 16415
701, 0.5513, 16439
702, 0.5499, 16462
703, 0.532, 16485
704, 0.5292, 16508
705, 0.5405, 16532
706, 0.5189, 16555
707, 0.5446, 16579
708, 0.5281, 16602
709, 0.5321, 16625
710, 0.5251, 16649
711, 0.539, 16672
712, 0.5511, 16695
713, 0.5324, 16719
714, 0.536, 16742
715, 0.5365, 16765
716, 0.5457, 16797
717, 0.5695, 16821
718, 0.5719, 16844
719, 0.5622, 16867
720, 0.5606, 16891
721, 0.573, 16914
722, 0.573, 16937
723, 0.5742, 16960
724, 0.55, 16984
725, 0.51, 17007
726, 0.506, 17030
727, 0.4976, 17053
728, 0.5051, 17076
729, 0.5133, 17099
730, 0.4958, 17122
731, 0.5206, 17146
732, 0.5249, 17169
733, 0.5369, 17192
734, 0.5439, 17216
735, 0.5587, 17239
736, 0.5553, 17262
737, 0.5455, 17286
738, 0.5693, 17309
739, 0.5636, 17332
740, 0.5639, 17356
741, 0.5508, 17378
742, 0.548, 17401
743, 0.5201, 17424
744, 0.5426, 17447
745, 0.5535, 17470
746, 0.5484, 17493
747, 0.5481, 17516
748, 0.5633, 17538
749, 0.5572, 17561
750, 0.538, 17585
751, 0.5485, 17608
752, 0.557, 17631
753, 0.5562, 17654
754, 0.5398, 17677
755, 0.5642, 17709
756, 0.5576, 17732
757, 0.5501, 17755
758, 0.5347, 17779
759, 0.5523, 17802
760, 0.565, 17825
761, 0.5602, 17848
762, 0.5562, 17871
763, 0.5486, 17894
764, 0.5514, 17917
765, 0.5584, 17940
766, 0.5642, 17963
767, 0.5614, 17986
768, 0.5618, 18009
769, 0.5312, 18032
770, 0.5247, 18056
771, 0.5153, 18079
772, 0.4989, 18102
773, 0.5262, 18126
774, 0.5407, 18149
775, 0.5371, 18172
776, 0.5461, 18196
777, 0.5615, 18219
778, 0.5557, 18242
779, 0.556, 18265
780, 0.5667, 18288
781, 0.5509, 18311
782, 0.5691, 18334
783, 0.5615, 18357
784, 0.5735, 18381
785, 0.5595, 18404
786, 0.5424, 18427
787, 0.5516, 18451
788, 0.5558, 18474
789, 0.5321, 18497
790, 0.5215, 18520
791, 0.5263, 18543
792, 0.5043, 18566
793, 0.5389, 18589
794, 0.5379, 18612
795, 0.525, 18635
796, 0.5443, 18667
797, 0.5582, 18690
798, 0.5408, 18713
799, 0.5552, 18736
800, 0.561, 18759
801, 0.5645, 18782
802, 0.557, 18804
803, 0.555, 18827
804, 0.5434, 18850
805, 0.5511, 18873
806, 0.513, 18896
807, 0.5174, 18919
808, 0.5468, 18942
809, 0.5484, 18965
810, 0.5495, 18989
811, 0.5505, 19012
812, 0.572, 19035
813, 0.57, 19058
814, 0.5669, 19081
815, 0.5602, 19104
816, 0.551, 19128
817, 0.5412, 19151
818, 0.549, 19174
819, 0.5273, 19198
820, 0.5132, 19221
821, 0.5118, 19244
822, 0.4959, 19267
823, 0.5231, 19290
824, 0.5366, 19313
825, 0.5508, 19336
826, 0.5433, 19359
827, 0.5509, 19383
828, 0.5518, 19406
829, 0.5465, 19429
830, 0.5447, 19453
831, 0.5475, 19476
832, 0.5768, 19499
833, 0.5684, 19522
834, 0.5558, 19546
835, 0.5501, 19569
836, 0.5276, 19592
837, 0.5207, 19616
838, 0.5371, 19639
839, 0.5457, 19662
840, 0.5319, 19685
841, 0.533, 19708
842, 0.5169, 19740
843, 0.5466, 19763
844, 0.5539, 19786
845, 0.5574, 19809
846, 0.5653, 19832
847, 0.5619, 19855
848, 0.5582, 19878
849, 0.5661, 19901
850, 0.5501, 19924
851, 0.5372, 19947
852, 0.5233, 19971
853, 0.5114, 19994
854, 0.515, 20017
855, 0.5159, 20040
856, 0.5282, 20063
857, 0.5287, 20087
858, 0.5388, 20110
859, 0.5414, 20133
860, 0.5484, 20156
861, 0.5515, 20180
862, 0.5432, 20203
863, 0.5416, 20227
864, 0.5452, 20250
865, 0.5597, 20273
866, 0.5545, 20297
867, 0.5623, 20320
868, 0.5704, 20343
869, 0.5644, 20367
870, 0.5628, 20390
871, 0.5449, 20414
872, 0.5541, 20437
873, 0.5435, 20460
874, 0.531, 20484
875, 0.5092, 20507
876, 0.4636, 20530
877, 0.4604, 20553
878, 0.4617, 20576
879, 0.4869, 20599
880, 0.5028, 20623
881, 0.5301, 20655
882, 0.5526, 20678
883, 0.5656, 20702
884, 0.571, 20725
885, 0.5764, 20749
886, 0.5768, 20772
887, 0.5764, 20795
888, 0.5727, 20818
889, 0.5745, 20841
890, 0.5686, 20864
891, 0.5654, 20887
892, 0.5511, 20911
893, 0.5467, 20934
894, 0.5345, 20957
895, 0.5463, 20980
896, 0.5422, 21003
897, 0.5341, 21027
898, 0.5068, 21050
899, 0.5339, 21077
900, 0.5394, 21099
901, 0.5311, 21122
902, 0.5404, 21146
903, 0.5546, 21169
904, 0.5591, 21192
905, 0.5513, 21215
906, 0.5557, 21238
907, 0.5476, 21261
908, 0.5545, 21284
909, 0.5371, 21307
910, 0.5445, 21330
911, 0.552, 21354
912, 0.5418, 21377
913, 0.5217, 21400
914, 0.4808, 21423
915, 0.4731, 21446
916, 0.4658, 21470
917, 0.4945, 21493
918, 0.5139, 21517
919, 0.5291, 21540
920, 0.5504, 21563
921, 0.5685, 21586
922, 0.5579, 21610
923, 0.5665, 21633
924, 0.5603, 21656
925, 0.569, 21688
926, 0.5659, 21711
927, 0.5598, 21735
928, 0.5546, 21758
929, 0.525, 21781
930, 0.5368, 21804
931, 0.5462, 21827
932, 0.5015, 21851
933, 0.5253, 21874
934, 0.5184, 21897
935, 0.4978, 21920
936, 0.5253, 21944
937, 0.5348, 21967
938, 0.5378, 21990
939, 0.5563, 22013
940, 0.5612, 22037
941, 0.5594, 22060
942, 0.5602, 22083
943, 0.5583, 22107
944, 0.5521, 22130
945, 0.5499, 22154
946, 0.5444, 22177
947, 0.5356, 22201
948, 0.521, 22224
949, 0.4947, 22248
950, 0.537, 22271
951, 0.52, 22294
952, 0.5227, 22317
953, 0.5453, 22340
954, 0.5456, 22364
955, 0.556, 22387
956, 0.5553, 22410
957, 0.5518, 22433
958, 0.5394, 22456
959, 0.5345, 22479
960, 0.5149, 22502
961, 0.5188, 22525
962, 0.52, 22549
963, 0.5094, 22572
964, 0.5248, 22595
965, 0.5516, 22618
966, 0.5526, 22642
967, 0.5612, 22665
968, 0.5572, 22690
969, 0.5478, 22721
970, 0.5436, 22744
971, 0.5281, 22767
972, 0.5324, 22790
973, 0.5337, 22818
974, 0.5172, 22841
975, 0.4952, 22864
976, 0.523, 22887
977, 0.5179, 22911
978, 0.5235, 22934
979, 0.5439, 22957
980, 0.548, 22980
981, 0.5536, 23004
982, 0.5617, 23027
983, 0.5643, 23050
984, 0.5572, 23073
985, 0.5452, 23096
986, 0.5409, 23120
987, 0.5041, 23143
988, 0.4912, 23166
989, 0.4921, 23189
990, 0.4916, 23211
991, 0.4946, 23234
992, 0.5258, 23257
993, 0.5334, 23280
994, 0.5318, 23304
995, 0.5455, 23327
996, 0.5527, 23350
997, 0.5467, 23373
998, 0.567, 23396
999, 0.5639, 23419
1000, 0.5636, 23442
1001, 0.5586, 23465
1002, 0.5396, 23488
1003, 0.5378, 23512
1004, 0.5288, 23535
1005, 0.5404, 23558
1006, 0.5408, 23580
1007, 0.5321, 23603
1008, 0.5399, 23626
1009, 0.5459, 23649
1010, 0.5146, 23682
1011, 0.5158, 23709
1012, 0.5275, 23732
1013, 0.5161, 23755
1014, 0.5304, 23779
1015, 0.5163, 23802
1016, 0.5119, 23825
1017, 0.528, 23848
1018, 0.5252, 23871
1019, 0.5292, 23894
1020, 0.5319, 23917
1021, 0.5364, 23941
1022, 0.5286, 23964
1023, 0.5298, 23987
1024, 0.5504, 24011
1025, 0.5434, 24034
1026, 0.5612, 24057
1027, 0.566, 24080
1028, 0.5662, 24103
1029, 0.56, 24127
1030, 0.5533, 24150
1031, 0.5413, 24173
1032, 0.5388, 24196
1033, 0.5319, 24219
1034, 0.5239, 24242
1035, 0.527, 24265
1036, 0.5093, 24288
1037, 0.5015, 24311
1038, 0.5124, 24334
1039, 0.4972, 24357
1040, 0.4992, 24381
1041, 0.5088, 24404
1042, 0.4928, 24427
1043, 0.506, 24450
1044, 0.5227, 24474
1045, 0.5268, 24497
1046, 0.5403, 24520
1047, 0.5517, 24543
1048, 0.5577, 24566
1049, 0.5571, 24590
1050, 0.5537, 24613
1051, 0.5599, 24636
1052, 0.5575, 24659
1053, 0.553, 24681
1054, 0.5402, 24713
1055, 0.5277, 24737
1056, 0.5245, 24760
1057, 0.5401, 24783
1058, 0.5387, 24806
1059, 0.5333, 24830
1060, 0.5337, 24853
1061, 0.5336, 24876
1062, 0.5349, 24899
1063, 0.5317, 24922
1064, 0.5418, 24946
1065, 0.5316, 24969
1066, 0.537, 24992
1067, 0.5568, 25015
1068, 0.5449, 25039
1069, 0.5518, 25062
1070, 0.5553, 25085
1071, 0.5587, 25108
1072, 0.5584, 25132
1073, 0.5543, 25155
1074, 0.5557, 25178
1075, 0.5397, 25201
1076, 0.5369, 25224
1077, 0.5286, 25248
1078, 0.5255, 25271
1079, 0.5244, 25294
1080, 0.5051, 25317
1081, 0.5062, 25340
1082, 0.5093, 25363
1083, 0.5096, 25386
1084, 0.5165, 25409
1085, 0.5187, 25432
1086, 0.5034, 25455
1087, 0.5187, 25478
1088, 0.5154, 25501
1089, 0.53, 25524
1090, 0.5252, 25547
1091, 0.5375, 25570
1092, 0.5554, 25593
1093, 0.5504, 25616
1094, 0.5453, 25640
1095, 0.5564, 25663
1096, 0.5471, 25686
1097, 0.5463, 25711
1098, 0.5471, 25742
1099, 0.5285, 25765
1100, 0.521, 25788
1101, 0.4862, 25812
1102, 0.4467, 25835
1103, 0.4449, 25858
1104, 0.4444, 25881
1105, 0.4913, 25904
1106, 0.5069, 25926
1107, 0.5294, 25950
1108, 0.5443, 25973
1109, 0.5499, 25996
1110, 0.5579, 26019
1111, 0.5504, 26042
1112, 0.5591, 26066
1113, 0.5623, 26089
1114, 0.5602, 26112
1115, 0.5654, 26136
1116, 0.5523, 26159
1117, 0.5612, 26182
1118, 0.5486, 26205
1119, 0.5549, 26228
1120, 0.5523, 26251
1121, 0.5353, 26275
1122, 0.5498, 26298
1123, 0.5373, 26322
1124, 0.5533, 26345
1125, 0.554, 26368
1126, 0.5239, 26391
1127, 0.5399, 26415
1128, 0.5245, 26438
1129, 0.4985, 26461
1130, 0.5055, 26484
1131, 0.505, 26507
1132, 0.4994, 26529
1133, 0.5289, 26552
1134, 0.536, 26576
1135, 0.5366, 26599
1136, 0.5486, 26622
1137, 0.5548, 26645
1138, 0.5555, 26668
1139, 0.5563, 26691
1140, 0.5535, 26714
1141, 0.5525, 26737
1142, 0.5398, 26767
1143, 0.5479, 26793
1144, 0.5342, 26816
1145, 0.5005, 26839
1146, 0.4988, 26862
1147, 0.4772, 26885
1148, 0.4994, 26908
1149, 0.5065, 26931
1150, 0.5135, 26955
1151, 0.503, 26978
1152, 0.5359, 27001
1153, 0.5407, 27025
1154, 0.5413, 27048
1155, 0.5445, 27071
1156, 0.553, 27095
1157, 0.5567, 27118
1158, 0.5519, 27141
1159, 0.5492, 27164
1160, 0.5396, 27188
1161, 0.5491, 27211
1162, 0.542, 27234
1163, 0.5407, 27257
1164, 0.5264, 27281
1165, 0.5065, 27304
1166, 0.4749, 27327
1167, 0.4518, 27350
1168, 0.4577, 27373
1169, 0.444, 27397
1170, 0.4599, 27420
1171, 0.4974, 27443
1172, 0.5144, 27466
1173, 0.5283, 27489
1174, 0.5432, 27512
1175, 0.5509, 27535
1176, 0.5556, 27558
1177, 0.5501, 27581
1178, 0.5616, 27604
1179, 0.5572, 27627
1180, 0.5587, 27650
1181, 0.5623, 27673
1182, 0.5556, 27696
1183, 0.5565, 27727
1184, 0.5507, 27752
1185, 0.5451, 27775
1186, 0.5448, 27798
1187, 0.5232, 27822
1188, 0.516, 27845
1189, 0.5088, 27868
1190, 0.4875, 27892
1191, 0.4966, 27915
1192, 0.5114, 27938
1193, 0.478, 27964
1194, 0.5114, 27989
1195, 0.5416, 28012
1196, 0.527, 28035
1197, 0.5378, 28059
1198, 0.545, 28082
1199, 0.534, 28105
1200, 0.5441, 28128
1201, 0.5469, 28151
1202, 0.553, 28174
1203, 0.5551, 28197
1204, 0.5455, 28219
1205, 0.5494, 28243
1206, 0.5461, 28266
1207, 0.5403, 28289
1208, 0.5377, 28312
1209, 0.5327, 28335
1210, 0.5277, 28358
1211, 0.5367, 28381
1212, 0.5212, 28404
1213, 0.5126, 28428
1214, 0.5003, 28451
1215, 0.5041, 28474
1216, 0.5049, 28497
1217, 0.4965, 28520
1218, 0.4711, 28543
1219, 0.5211, 28566
1220, 0.5281, 28589
1221, 0.5338, 28613
1222, 0.5547, 28636
1223, 0.5459, 28661
1224, 0.5565, 28692
1225, 0.5514, 28715
1226, 0.5554, 28738
1227, 0.5581, 28761
1228, 0.5546, 28784
1229, 0.5625, 28807
1230, 0.5492, 28831
1231, 0.5574, 28854
1232, 0.5496, 28877
1233, 0.5509, 28900
1234, 0.5542, 28923
1235, 0.5453, 28946
1236, 0.5562, 28970
1237, 0.5446, 28993
1238, 0.5525, 29016
1239, 0.5492, 29039
1240, 0.5274, 29062
1241, 0.5121, 29085
1242, 0.4606, 29108
1243, 0.4578, 29132
1244, 0.4623, 29155
1245, 0.4645, 29178
1246, 0.481, 29201
1247, 0.5224, 29224
1248, 0.5254, 29248
1249, 0.5284, 29271
1250, 0.5486, 29294
1251, 0.5468, 29318
1252, 0.5472, 29341
1253, 0.5402, 29364
1254, 0.5444, 29387
1255, 0.539, 29411
1256, 0.5397, 29434
1257, 0.5302, 29457
1258, 0.5218, 29480
1259, 0.5147, 29503
1260, 0.5211, 29526
1261, 0.5276, 29549
1262, 0.5205, 29572
1263, 0.5223, 29595
1264, 0.5144, 29618
1265, 0.5093, 29641
1266, 0.4911, 29664
1267, 0.4907, 29690
1268, 0.5153, 29720
1269, 0.5115, 29743
1270, 0.5289, 29766
1271, 0.5282, 29789
1272, 0.5371, 29813
1273, 0.5214, 29836
1274, 0.527, 29859
1275, 0.5244, 29882
1276, 0.5151, 29905
1277, 0.5203, 29928
1278, 0.5233, 29951
1279, 0.5049, 29974
1280, 0.5174, 29996
1281, 0.5297, 30020
1282, 0.535, 30043
1283, 0.5412, 30066
1284, 0.5374, 30089
1285, 0.5479, 30113
1286, 0.553, 30136
1287, 0.5465, 30159
1288, 0.5502, 30183
1289, 0.5519, 30206
1290, 0.5514, 30229
1291, 0.5555, 30253
1292, 0.552, 30276
1293, 0.5524, 30299
1294, 0.5521, 30323
1295, 0.5565, 30346
1296, 0.553, 30369
1297, 0.5517, 30393
1298, 0.5529, 30416
1299, 0.5518, 30439
1300, 0.5523, 30463
1301, 0.5464, 30486
1302, 0.5446, 30509
1303, 0.5349, 30533
1304, 0.5204, 30555
1305, 0.5048, 30578
1306, 0.5032, 30602
1307, 0.5138, 30625
1308, 0.4715, 30648
1309, 0.4843, 30671
1310, 0.4671, 30695
1311, 0.4786, 30718
1312, 0.4947, 30751
1313, 0.5147, 30774
1314, 0.5249, 30797
1315, 0.5306, 30821
1316, 0.5435, 30844
1317, 0.5479, 30867
1318, 0.5463, 30890
1319, 0.5485, 30914
1320, 0.5523, 30937
1321, 0.5481, 30960
1322, 0.5463, 30983
1323, 0.5483, 31007
1324, 0.5506, 31030
1325, 0.5461, 31053
1326, 0.5446, 31077
1327, 0.5455, 31100
1328, 0.539, 31123
1329, 0.5311, 31146
1330, 0.5023, 31169
1331, 0.4732, 31192
1332, 0.4677, 31215
1333, 0.467, 31244
1334, 0.4798, 31267
1335, 0.5151, 31290
1336, 0.5171, 31313
1337, 0.5255, 31336
1338, 0.545, 31359
1339, 0.5453, 31382
1340, 0.5387, 31405
1341, 0.5452, 31428
1342, 0.546, 31451
1343, 0.5491, 31474
1344, 0.5477, 31497
1345, 0.5482, 31520
1346, 0.554, 31543
1347, 0.549, 31566
1348, 0.5495, 31589
1349, 0.549, 31612
1350, 0.5514, 31636
1351, 0.5463, 31659
1352, 0.5518, 31682
1353, 0.5496, 31711
1354, 0.5493, 31737
1355, 0.5481, 31761
1356, 0.5435, 31784
1357, 0.5484, 31807
1358, 0.5396, 31830
1359, 0.5421, 31853
1360, 0.5017, 31876
1361, 0.4776, 31900
1362, 0.428, 31923
1363, 0.4309, 31946
1364, 0.4455, 31969
1365, 0.4833, 31992
1366, 0.4959, 32015
1367, 0.5245, 32038
1368, 0.532, 32061
1369, 0.5374, 32084
1370, 0.543, 32107
1371, 0.5425, 32130
1372, 0.5485, 32153
1373, 0.5488, 32176
1374, 0.545, 32199
1375, 0.5479, 32222
1376, 0.5422, 32246
1377, 0.5391, 32269
1378, 0.5467, 32292
1379, 0.5434, 32316
1380, 0.5477, 32339
1381, 0.5365, 32362
1382, 0.5326, 32385
1383, 0.5213, 32409
1384, 0.509, 32432
1385, 0.4881, 32455
1386, 0.4473, 32478
1387, 0.4164, 32501
1388, 0.3779, 32525
1389, 0.3553, 32548
1390, 0.3895, 32571
1391, 0.4025, 32593
1392, 0.4704, 32616
1393, 0.5048, 32640
1394, 0.5139, 32663
1395, 0.5214, 32686
1396, 0.5292, 32710
1397, 0.5357, 32733
1398, 0.5352, 32758
1399, 0.5392, 32788
1400, 0.5419, 32812
1401, 0.5417, 32835
1402, 0.5421, 32858
1403, 0.5406, 32881
1404, 0.5405, 32904
1405, 0.5432, 32927
1406, 0.5379, 32951
1407, 0.5383, 32974
1408, 0.5347, 32997
1409, 0.5216, 33020
1410, 0.5094, 33043
1411, 0.4918, 33066
1412, 0.4956, 33089
1413, 0.5168, 33113
1414, 0.4928, 33136
1415, 0.4857, 33159
1416, 0.5085, 33183
1417, 0.5055, 33206
1418, 0.5156, 33230
1419, 0.5272, 33253
1420, 0.5261, 33276
1421, 0.533, 33299
1422, 0.5361, 33323
1423, 0.536, 33346
1424, 0.544, 33369
1425, 0.5337, 33392
1426, 0.5408, 33420
1427, 0.5421, 33443
1428, 0.5412, 33467
1429, 0.5372, 33490
1430, 0.5389, 33513
1431, 0.5368, 33536
1432, 0.5236, 33559
1433, 0.5249, 33582
1434, 0.5198, 33605
1435, 0.5261, 33628
1436, 0.497, 33651
1437, 0.4808, 33674
1438, 0.4745, 33698
1439, 0.488, 33721
1440, 0.4885, 33744
1441, 0.501, 33767
1442, 0.5166, 33790
1443, 0.5184, 33815
1444, 0.5316, 33846
1445, 0.5246, 33869
1446, 0.5405, 33892
1447, 0.5308, 33915
1448, 0.5402, 33938
1449, 0.5417, 33961
1450, 0.5393, 33984
1451, 0.5444, 34007
1452, 0.5388, 34030
1453, 0.5479, 34054
1454, 0.5389, 34077
1455, 0.5429, 34100
1456, 0.549, 34123
1457, 0.5406, 34146
1458, 0.5472, 34170
1459, 0.5407, 34193
1460, 0.5482, 34216
1461, 0.5433, 34240
1462, 0.5427, 34263
1463, 0.5487, 34286
1464, 0.5428, 34310
1465, 0.5461, 34333
1466, 0.5396, 34356
1467, 0.5462, 34379
1468, 0.5414, 34403
1469, 0.5417, 34426
1470, 0.5409, 34450
1471, 0.5393, 34473
1472, 0.5415, 34496
1473, 0.5221, 34519
1474, 0.5066, 34542
1475, 0.4367, 34565
1476, 0.4461, 34588
1477, 0.4013, 34611
1478, 0.4147, 34634
1479, 0.3798, 34657
1480, 0.4592, 34681
1481, 0.4812, 34704
1482, 0.5036, 34727
1483, 0.5198, 34751
1484, 0.5237, 34774
1485, 0.5305, 34797
1486, 0.5329, 34822
1487, 0.5343, 34853
1488, 0.5434, 34877
1489, 0.5385, 34900
1490, 0.5435, 34923
1491, 0.543, 34947
1492, 0.5356, 34970
1493, 0.5435, 34993
1494, 0.5424, 35016
1495, 0.5482, 35040
1496, 0.5464, 35063
1497, 0.546, 35086
1498, 0.5452, 35109
1499, 0.5466, 35132
1500, 0.5492, 35156
1501, 0.548, 35179
1502, 0.5464, 35202
1503, 0.5459, 35225
1504, 0.5491, 35248
1505, 0.5473, 35271
1506, 0.5496, 35295
1507, 0.5475, 35318
1508, 0.5481, 35341
1509, 0.549, 35364
1510, 0.5437, 35387
1511, 0.5481, 35410
1512, 0.543, 35434
1513, 0.5481, 35457
1514, 0.5422, 35481
1515, 0.5482, 35504
1516, 0.5463, 35527
1517, 0.5423, 35551
1518, 0.5477, 35574
1519, 0.539, 35598
1520, 0.5475, 35621
1521, 0.5434, 35644
1522, 0.5441, 35667
1523, 0.5444, 35691
1524, 0.5437, 35714
1525, 0.5412, 35737
1526, 0.5412, 35760
1527, 0.5383, 35784
1528, 0.5274, 35807
1529, 0.5085, 35830
1530, 0.4669, 35853
1531, 0.406, 35886
1532, 0.3787, 35909
1533, 0.4279, 35932
1534, 0.4312, 35955
1535, 0.4745, 35978
1536, 0.5009, 36001
1537, 0.5192, 36024
1538, 0.5249, 36047
1539, 0.5344, 36070
1540, 0.5394, 36093
1541, 0.543, 36116
1542, 0.539, 36139
1543, 0.5424, 36162
1544, 0.5432, 36185
1545, 0.5435, 36208
1546, 0.5506, 36232
1547, 0.543, 36255
1548, 0.5522, 36278
1549, 0.5434, 36301
1550, 0.5461, 36325
1551, 0.5378, 36348
1552, 0.5281, 36371
1553, 0.5238, 36394
1554, 0.5084, 36417
1555, 0.5235, 36441
1556, 0.5124, 36464
1557, 0.4889, 36487
1558, 0.4753, 36510
1559, 0.4343, 36534
1560, 0.455, 36557
1561, 0.4491, 36580
1562, 0.4631, 36603
1563, 0.4979, 36626
1564, 0.5193, 36649
1565, 0.5251, 36672
1566, 0.5296, 36695
1567, 0.536, 36718
1568, 0.5398, 36741
1569, 0.5382, 36765
1570, 0.5398, 36788
1571, 0.5431, 36817
1572, 0.545, 36843
1573, 0.5473, 36866
1574, 0.5408, 36889
1575, 0.5444, 36912
1576, 0.5483, 36935
1577, 0.5444, 36958
1578, 0.5494, 36981
1579, 0.5395, 37004
1580, 0.5466, 37028
1581, 0.5501, 37051
1582, 0.5448, 37074
1583, 0.5509, 37097
1584, 0.5428, 37120
1585, 0.5467, 37144
1586, 0.5503, 37167
1587, 0.5452, 37190
1588, 0.5492, 37213
1589, 0.547, 37236
1590, 0.5464, 37259
1591, 0.5502, 37282
1592, 0.5444, 37305
1593, 0.5493, 37329
1594, 0.5487, 37352
1595, 0.5463, 37375
1596, 0.5498, 37398
1597, 0.5471, 37421
1598, 0.5509, 37444
1599, 0.5482, 37466
1600, 0.5457, 37490
1601, 0.5488, 37512
1602, 0.5479, 37535
1603, 0.5492, 37558
1604, 0.5471, 37581
1605, 0.5461, 37604
1606, 0.5484, 37627
1607, 0.5489, 37650
1608, 0.5488, 37673
1609, 0.5495, 37696
1610, 0.5475, 37719
1611, 0.5481, 37742
1612, 0.549, 37768
1613, 0.5487, 37797
1614, 0.55, 37820
1615, 0.5481, 37843
1616, 0.5495, 37866
1617, 0.5483, 37890
1618, 0.5496, 37913
1619, 0.5486, 37936
1620, 0.5489, 37960
1621, 0.5487, 37983
1622, 0.547, 38006
1623, 0.5474, 38029
1624, 0.5485, 38052
1625, 0.5464, 38075
1626, 0.5427, 38099
1627, 0.5304, 38122
1628, 0.5003, 38145
1629, 0.4728, 38169
1630, 0.4095, 38192
1631, 0.3901, 38215
1632, 0.4243, 38238
1633, 0.4507, 38262
1634, 0.4852, 38285
1635, 0.4936, 38309
1636, 0.5167, 38332
1637, 0.5246, 38355
1638, 0.5275, 38378
1639, 0.5312, 38402
1640, 0.5295, 38424
1641, 0.5369, 38448
1642, 0.5327, 38471
1643, 0.5373, 38494
1644, 0.539, 38517
1645, 0.5427, 38541
1646, 0.5367, 38564
1647, 0.5437, 38587
1648, 0.5399, 38615
1649, 0.5455, 38638
1650, 0.5433, 38661
1651, 0.5429, 38684
1652, 0.5463, 38708
1653, 0.5434, 38740
1654, 0.5494, 38763
1655, 0.544, 38787
1656, 0.5467, 38810
1657, 0.5476, 38833
1658, 0.5455, 38856
1659, 0.5472, 38879
1660, 0.5462, 38902
1661, 0.5471, 38925
1662, 0.5461, 38949
1663, 0.546, 38972
1664, 0.5483, 38995
1665, 0.5461, 39018
1666, 0.5461, 39042
1667, 0.5463, 39065
1668, 0.547, 39088
1669, 0.548, 39111
1670, 0.5465, 39134
1671, 0.5492, 39157
1672, 0.5471, 39180
1673, 0.5473, 39203
1674, 0.5479, 39226
1675, 0.5475, 39249
1676, 0.5464, 39272
1677, 0.5462, 39295
1678, 0.5472, 39318
1679, 0.5467, 39341
1680, 0.5463, 39364
1681, 0.5472, 39387
1682, 0.5461, 39410
1683, 0.5465, 39434
1684, 0.546, 39457
1685, 0.5461, 39480
1686, 0.5465, 39504
1687, 0.5456, 39527
1688, 0.546, 39550
1689, 0.546, 39573
1690, 0.5457, 39597
1691, 0.5469, 39620
1692, 0.546, 39643
1693, 0.5475, 39666
1694, 0.5467, 39688
1695, 0.5463, 39712
1696, 0.5459, 39735
1697, 0.5444, 39758
1698, 0.5465, 39782
1699, 0.5448, 39814
1700, 0.5456, 39837
1701, 0.5434, 39861
1702, 0.5444, 39884
1703, 0.5431, 39907
1704, 0.5422, 39931
1705, 0.5331, 39954
1706, 0.5257, 39978
1707, 0.4503, 40001
1708, 0.4263, 40024
1709, 0.3275, 40048
1710, 0.3482, 40071
1711, 0.3427, 40094
1712, 0.4263, 40117
1713, 0.4639, 40141
1714, 0.4902, 40164
1715, 0.5016, 40187
1716, 0.5088, 40210
1717, 0.5194, 40233
1718, 0.5215, 40257
1719, 0.5237, 40280
1720, 0.5298, 40303
1721, 0.526, 40326
1722, 0.5292, 40349
1723, 0.5328, 40372
1724, 0.5317, 40395
1725, 0.5365, 40419
1726, 0.5256, 40442
1727, 0.5214, 40465
1728, 0.5001, 40488
1729, 0.5086, 40511
1730, 0.518, 40535
1731, 0.4886, 40558
1732, 0.4868, 40581
1733, 0.4727, 40604
1734, 0.4662, 40628
1735, 0.4871, 40651
1736, 0.511, 40674
1737, 0.5122, 40697
1738, 0.5289, 40720
1739, 0.5318, 40743
1740, 0.5352, 40766
1741, 0.5394, 40789
1742, 0.5412, 40814
1743, 0.5413, 40844
1744, 0.541, 40867
1745, 0.5499, 40894
1746, 0.5413, 40917
1747, 0.5463, 40940
1748, 0.549, 40964
1749, 0.539, 40987
1750, 0.549, 41010
1751, 0.5439, 41034
1752, 0.5449, 41057
1753, 0.5452, 41080
1754, 0.5388, 41102
1755, 0.5453, 41125
1756, 0.5356, 41148
1757, 0.5341, 41171
1758, 0.518, 41194
1759, 0.4961, 41217
1760, 0.4434, 41240
1761, 0.4302, 41263
1762, 0.4175, 41286
1763, 0.4145, 41309
1764, 0.4562, 41331
1765, 0.4701, 41354
1766, 0.4851, 41381
1767, 0.5026, 41404
1768, 0.5194, 41428
1769, 0.5227, 41451
1770, 0.5342, 41473
1771, 0.5375, 41496
1772, 0.5378, 41519
1773, 0.5437, 41542
1774, 0.5353, 41565
1775, 0.5463, 41588
1776, 0.5456, 41611
1777, 0.5437, 41635
1778, 0.5469, 41658
1779, 0.5434, 41681
1780, 0.5486, 41704
1781, 0.5495, 41728
1782, 0.5472, 41751
1783, 0.5491, 41774
1784, 0.5469, 41800
1785, 0.5496, 41825
1786, 0.5489, 41857
1787, 0.5464, 41880
1788, 0.5504, 41907
1789, 0.5486, 41930
1790, 0.5502, 41953
1791, 0.5501, 41976
1792, 0.549, 41999
1793, 0.5499, 42023
1794, 0.5499, 42046
1795, 0.5502, 42070
1796, 0.5501, 42093
1797, 0.549, 42116
1798, 0.5518, 42140
1799, 0.5493, 42163
1800, 0.5506, 42185
1801, 0.5497, 42208
1802, 0.5511, 42231
1803, 0.5503, 42254
1804, 0.5499, 42277
1805, 0.55, 42300
1806, 0.5499, 42323
1807, 0.55, 42346
1808, 0.5498, 42369
1809, 0.5495, 42392
1810, 0.55, 42416
1811, 0.5485, 42439
1812, 0.5483, 42462
1813, 0.5491, 42485
1814, 0.549, 42508
1815, 0.549, 42531
1816, 0.5492, 42555
1817, 0.5487, 42578
1818, 0.5488, 42601
1819, 0.5471, 42624
1820, 0.5485, 42647
1821, 0.5487, 42670
1822, 0.5481, 42693
1823, 0.549, 42717
1824, 0.5483, 42740
1825, 0.5487, 42763
1826, 0.5482, 42788
1827, 0.5481, 42819
1828, 0.5483, 42842
1829, 0.5476, 42866
1830, 0.5494, 42889
1831, 0.5475, 42912
1832, 0.5495, 42935
1833, 0.5483, 42959
1834, 0.5468, 42982
1835, 0.5479, 43005
1836, 0.5476, 43028
1837, 0.549, 43051
1838, 0.5466, 43075
1839, 0.5472, 43098
1840, 0.5479, 43121
1841, 0.5467, 43145
1842, 0.5472, 43168
1843, 0.5464, 43191
1844, 0.5471, 43214
1845, 0.5471, 43237
1846, 0.5464, 43261
1847, 0.5465, 43284
1848, 0.546, 43307
1849, 0.5461, 43330
1850, 0.5473, 43353
1851, 0.547, 43376
1852, 0.547, 43400
1853, 0.5456, 43423
1854, 0.546, 43446
1855, 0.547, 43469
1856, 0.5461, 43493
1857, 0.5476, 43516
1858, 0.5464, 43539
1859, 0.5475, 43562
1860, 0.5469, 43585
1861, 0.5447, 43609
1862, 0.5477, 43632
1863, 0.5463, 43655
1864, 0.5479, 43678
1865, 0.5468, 43702
1866, 0.5467, 43725
1867, 0.5469, 43750
1868, 0.5455, 43781
1869, 0.5472, 43805
1870, 0.5464, 43828
1871, 0.5477, 43851
1872, 0.5468, 43874
1873, 0.5472, 43897
1874, 0.5464, 43920
1875, 0.5464, 43944
1876, 0.5463, 43967
1877, 0.5466, 43990
1878, 0.5465, 44013
1879, 0.547, 44037
1880, 0.5471, 44060
1881, 0.546, 44083
1882, 0.5464, 44106
1883, 0.5454, 44129
1884, 0.5471, 44153
1885, 0.5456, 44176
1886, 0.5474, 44198
1887, 0.5457, 44222
1888, 0.5477, 44244
1889, 0.5468, 44267
