1, 0.0942, 29
2, 0.0943, 48
3, 0.0942, 66
4, 0.094, 84
5, 0.0938, 103
6, 0.094, 121
7, 0.0945, 141
8, 0.0943, 160
9, 0.0944, 178
10, 0.0945, 197
11, 0.0948, 216
12, 0.0946, 234
13, 0.0948, 253
14, 0.0951, 271
15, 0.0957, 291
16, 0.0957, 310
17, 0.0957, 329
18, 0.096, 347
19, 0.0964, 367
20, 0.0965, 387
21, 0.0966, 406
22, 0.0962, 425
23, 0.0965, 444
24, 0.0967, 463
25, 0.0969, 481
26, 0.0972, 499
27, 0.0973, 518
28, 0.0976, 537
29, 0.0981, 555
30, 0.0986, 575
31, 0.0988, 593
32, 0.0992, 612
33, 0.0991, 630
34, 0.0997, 649
35, 0.0998, 668
36, 0.0999, 688
37, 0.1, 707
38, 0.1003, 725
39, 0.1003, 744
40, 0.1002, 763
41, 0.1006, 782
42, 0.1012, 801
43, 0.1012, 819
44, 0.1012, 838
45, 0.1011, 857
46, 0.1013, 877
47, 0.1015, 897
48, 0.1014, 916
49, 0.1014, 934
50, 0.1013, 952
51, 0.102, 971
52, 0.1021, 990
53, 0.1023, 1009
54, 0.102, 1028
55, 0.1022, 1047
56, 0.102, 1066
57, 0.1021, 1084
58, 0.1023, 1103
59, 0.1026, 1122
60, 0.1027, 1141
61, 0.1034, 1159
62, 0.1036, 1178
63, 0.1036, 1196
64, 0.1037, 1214
65, 0.1038, 1232
66, 0.104, 1251
67, 0.1042, 1270
68, 0.1046, 1288
69, 0.1048, 1306
70, 0.105, 1324
71, 0.1053, 1342
72, 0.1056, 1360
73, 0.1063, 1379
74, 0.1069, 1397
75, 0.1071, 1415
76, 0.107, 1434
77, 0.1072, 1452
78, 0.1075, 1470
79, 0.1075, 1489
80, 0.1079, 1507
81, 0.108, 1527
82, 0.1082, 1545
83, 0.1084, 1563
84, 0.1087, 1581
85, 0.109, 1600
86, 0.1093, 1619
87, 0.1092, 1637
88, 0.1091, 1655
89, 0.1092, 1669
90, 0.1091, 1685
91, 0.1093, 1703
92, 0.1095, 1723
93, 0.1102, 1741
94, 0.1099, 1761
95, 0.11, 1781
96, 0.1105, 1801
97, 0.1103, 1821
98, 0.1102, 1840
99, 0.1106, 1858
100, 0.1108, 1877
101, 0.111, 1895
102, 0.1113, 1913
103, 0.1112, 1931
104, 0.1114, 1949
105, 0.1113, 1967
106, 0.1116, 1985
107, 0.1116, 2004
108, 0.1116, 2022
109, 0.1119, 2040
110, 0.1118, 2058
111, 0.1119, 2077
112, 0.1122, 2094
113, 0.1122, 2112
114, 0.1123, 2130
115, 0.1126, 2148
116, 0.1129, 2167
117, 0.1129, 2185
118, 0.1132, 2203
119, 0.1132, 2221
120, 0.1134, 2239
121, 0.1136, 2258
122, 0.1138, 2276
123, 0.1142, 2294
124, 0.1144, 2312
125, 0.1144, 2330
126, 0.1143, 2349
127, 0.1146, 2367
128, 0.115, 2385
129, 0.1152, 2403
130, 0.1152, 2422
131, 0.1154, 2440
132, 0.1156, 2457
133, 0.1157, 2475
134, 0.1157, 2493
135, 0.1159, 2511
136, 0.1158, 2529
137, 0.1158, 2547
138, 0.1157, 2565
139, 0.1159, 2583
140, 0.1159, 2601
141, 0.116, 2620
142, 0.1162, 2637
143, 0.1161, 2656
144, 0.1166, 2673
145, 0.1167, 2692
146, 0.1167, 2710
147, 0.1171, 2728
148, 0.1172, 2746
149, 0.1173, 2764
150, 0.1176, 2782
151, 0.1177, 2800
152, 0.1179, 2818
153, 0.1181, 2836
154, 0.1181, 2854
155, 0.1181, 2872
156, 0.1182, 2890
157, 0.1181, 2908
158, 0.1182, 2927
159, 0.1184, 2944
160, 0.1187, 2962
161, 0.1187, 2980
162, 0.1193, 2999
163, 0.119, 3017
164, 0.1195, 3035
165, 0.1193, 3053
166, 0.1192, 3071
167, 0.1191, 3089
168, 0.1193, 3107
169, 0.1197, 3125
170, 0.1197, 3143
171, 0.1196, 3161
172, 0.1198, 3179
173, 0.1198, 3198
174, 0.1201, 3216
175, 0.1202, 3234
176, 0.12, 3251
177, 0.12, 3269
178, 0.12, 3287
179, 0.1201, 3305
180, 0.12, 3323
181, 0.1205, 3341
182, 0.1206, 3359
183, 0.1211, 3377
184, 0.1209, 3395
185, 0.1209, 3413
186, 0.1212, 3431
187, 0.1209, 3449
188, 0.1205, 3467
189, 0.1204, 3485
190, 0.1202, 3503
191, 0.12, 3521
192, 0.1203, 3539
193, 0.1204, 3557
194, 0.1208, 3575
195, 0.1208, 3593
196, 0.1208, 3611
197, 0.1212, 3628
198, 0.1211, 3647
199, 0.1212, 3665
200, 0.1214, 3683
201, 0.1218, 3701
202, 0.1218, 3719
203, 0.1221, 3737
204, 0.1224, 3757
205, 0.1229, 3777
206, 0.1232, 3796
207, 0.1238, 3816
208, 0.1245, 3835
209, 0.1247, 3854
210, 0.1256, 3875
211, 0.126, 3893
212, 0.127, 3911
213, 0.1278, 3930
214, 0.1291, 3949
215, 0.1296, 3968
216, 0.1295, 3987
217, 0.1302, 4005
218, 0.1321, 4023
219, 0.1326, 4041
220, 0.1335, 4060
221, 0.1346, 4078
222, 0.1361, 4096
223, 0.1368, 4114
224, 0.1381, 4133
225, 0.1389, 4151
226, 0.1393, 4169
227, 0.14, 4187
228, 0.1404, 4206
229, 0.1417, 4224
230, 0.1428, 4242
231, 0.1437, 4260
232, 0.1455, 4278
233, 0.1459, 4296
234, 0.1467, 4315
235, 0.1481, 4333
236, 0.15, 4351
237, 0.1508, 4369
238, 0.152, 4388
239, 0.1534, 4405
240, 0.1555, 4423
241, 0.1568, 4441
242, 0.158, 4459
243, 0.1595, 4477
244, 0.1616, 4495
245, 0.1632, 4513
246, 0.1639, 4532
247, 0.1655, 4550
248, 0.1669, 4568
249, 0.1684, 4586
250, 0.1701, 4604
251, 0.1712, 4622
252, 0.1731, 4640
253, 0.1747, 4658
254, 0.1749, 4676
255, 0.1755, 4694
256, 0.1765, 4712
257, 0.1774, 4730
258, 0.1783, 4748
259, 0.1792, 4766
260, 0.1807, 4784
261, 0.181, 4802
262, 0.1818, 4820
263, 0.1833, 4838
264, 0.1848, 4856
265, 0.186, 4874
266, 0.1876, 4892
267, 0.1881, 4910
268, 0.1885, 4928
269, 0.1887, 4946
270, 0.1908, 4964
271, 0.1918, 4982
272, 0.1928, 5000
273, 0.1943, 5018
274, 0.1948, 5036
275, 0.1954, 5054
276, 0.1969, 5072
277, 0.197, 5090
278, 0.1982, 5109
279, 0.1989, 5127
280, 0.1998, 5145
281, 0.2014, 5163
282, 0.2024, 5181
283, 0.2021, 5199
284, 0.2023, 5217
285, 0.2039, 5235
286, 0.2045, 5253
287, 0.206, 5271
288, 0.2063, 5289
289, 0.2065, 5308
290, 0.207, 5326
291, 0.2066, 5345
292, 0.2069, 5362
293, 0.2071, 5380
294, 0.2069, 5398
295, 0.208, 5416
296, 0.208, 5434
297, 0.2088, 5453
298, 0.2089, 5471
299, 0.2082, 5489
300, 0.2075, 5507
301, 0.2077, 5525
302, 0.2076, 5543
303, 0.2073, 5561
304, 0.2072, 5579
305, 0.2068, 5597
306, 0.207, 5615
307, 0.2066, 5633
308, 0.2069, 5651
309, 0.2071, 5669
310, 0.2067, 5687
311, 0.206, 5705
312, 0.2053, 5723
313, 0.2054, 5741
314, 0.2053, 5759
315, 0.2047, 5777
316, 0.2037, 5795
317, 0.2038, 5813
318, 0.2034, 5831
319, 0.2032, 5849
320, 0.2016, 5867
321, 0.2011, 5885
322, 0.2008, 5903
323, 0.1991, 5921
324, 0.1987, 5940
325, 0.1984, 5958
326, 0.1979, 5976
327, 0.1974, 5994
328, 0.1976, 6012
329, 0.1977, 6030
330, 0.197, 6048
331, 0.1974, 6066
332, 0.1964, 6084
333, 0.1959, 6102
334, 0.1944, 6120
335, 0.1936, 6139
336, 0.1932, 6156
337, 0.1934, 6175
338, 0.1922, 6193
339, 0.1911, 6211
340, 0.1911, 6229
341, 0.1909, 6247
342, 0.1901, 6265
343, 0.1898, 6283
344, 0.1903, 6301
345, 0.1901, 6319
346, 0.1899, 6337
347, 0.1903, 6355
348, 0.1898, 6373
349, 0.1897, 6391
350, 0.1891, 6409
351, 0.1889, 6427
352, 0.1882, 6445
353, 0.1886, 6463
354, 0.1888, 6482
355, 0.189, 6499
356, 0.1889, 6517
357, 0.1893, 6536
358, 0.189, 6553
359, 0.1888, 6571
360, 0.1886, 6589
361, 0.1889, 6608
362, 0.189, 6626
363, 0.1888, 6644
364, 0.1889, 6663
365, 0.189, 6681
366, 0.1888, 6699
367, 0.1895, 6717
368, 0.1898, 6735
369, 0.1896, 6753
370, 0.19, 6771
371, 0.1909, 6789
372, 0.1908, 6807
373, 0.1916, 6825
374, 0.1918, 6843
375, 0.1914, 6861
376, 0.1921, 6880
377, 0.193, 6898
378, 0.1933, 6916
379, 0.1945, 6934
380, 0.1942, 6952
381, 0.1947, 6971
382, 0.1953, 6989
383, 0.1964, 7007
384, 0.1965, 7025
385, 0.1964, 7043
386, 0.1965, 7061
387, 0.1964, 7079
388, 0.1964, 7097
389, 0.1958, 7115
390, 0.196, 7133
391, 0.1965, 7151
392, 0.1975, 7169
393, 0.1981, 7187
394, 0.1985, 7205
395, 0.1987, 7223
396, 0.1989, 7241
397, 0.199, 7259
398, 0.1992, 7277
399, 0.1995, 7295
400, 0.2007, 7313
401, 0.2007, 7331
402, 0.2019, 7350
403, 0.2031, 7368
404, 0.2033, 7386
405, 0.2036, 7404
406, 0.204, 7421
407, 0.2046, 7439
408, 0.2057, 7457
409, 0.2063, 7475
410, 0.2071, 7493
411, 0.2072, 7511
412, 0.2077, 7530
413, 0.2083, 7548
414, 0.2094, 7566
415, 0.21, 7584
416, 0.2103, 7603
417, 0.2117, 7621
418, 0.2117, 7639
419, 0.2124, 7657
420, 0.2134, 7674
421, 0.2142, 7692
422, 0.2147, 7710
423, 0.2154, 7728
424, 0.2153, 7746
425, 0.2158, 7764
426, 0.2165, 7782
427, 0.2168, 7800
428, 0.217, 7818
429, 0.2171, 7836
430, 0.2177, 7854
431, 0.2177, 7873
432, 0.219, 7891
433, 0.2202, 7909
434, 0.2212, 7927
435, 0.2215, 7946
436, 0.2226, 7964
437, 0.2229, 7983
438, 0.2238, 8001
439, 0.2249, 8020
440, 0.2262, 8038
441, 0.2274, 8055
442, 0.2282, 8074
443, 0.2288, 8092
444, 0.2297, 8111
445, 0.2312, 8129
446, 0.231, 8147
447, 0.2316, 8166
448, 0.2316, 8184
449, 0.2314, 8202
450, 0.2319, 8220
451, 0.2332, 8239
452, 0.2338, 8260
453, 0.2349, 8279
454, 0.2356, 8301
455, 0.2365, 8319
456, 0.2379, 8338
457, 0.2388, 8356
458, 0.2397, 8375
459, 0.2398, 8393
460, 0.24, 8411
461, 0.2406, 8429
462, 0.2415, 8447
463, 0.2416, 8466
464, 0.2427, 8484
465, 0.2435, 8502
466, 0.2439, 8520
467, 0.2439, 8539
468, 0.2443, 8557
469, 0.2445, 8575
470, 0.2445, 8593
471, 0.2447, 8611
472, 0.245, 8629
473, 0.2457, 8648
474, 0.246, 8666
475, 0.247, 8684
476, 0.2478, 8702
477, 0.2477, 8720
478, 0.2486, 8739
479, 0.2498, 8757
480, 0.2498, 8775
481, 0.2502, 8793
482, 0.2506, 8812
483, 0.2515, 8830
484, 0.2517, 8848
485, 0.2526, 8867
486, 0.2533, 8885
487, 0.2538, 8903
488, 0.2535, 8921
489, 0.2541, 8939
490, 0.2544, 8957
491, 0.2544, 8976
492, 0.2542, 8994
493, 0.2541, 9012
494, 0.2542, 9030
495, 0.2554, 9048
496, 0.2549, 9066
497, 0.2562, 9084
498, 0.256, 9102
499, 0.2562, 9120
500, 0.2561, 9138
501, 0.2566, 9156
502, 0.2569, 9174
503, 0.257, 9192
504, 0.2569, 9210
505, 0.2568, 9228
506, 0.2571, 9247
507, 0.2577, 9265
508, 0.258, 9283
509, 0.2588, 9301
510, 0.2594, 9319
511, 0.2594, 9337
512, 0.2594, 9355
513, 0.2597, 9373
514, 0.2595, 9391
515, 0.2597, 9409
516, 0.2601, 9427
517, 0.2606, 9445
518, 0.2614, 9463
519, 0.2611, 9481
520, 0.2615, 9499
521, 0.2617, 9517
522, 0.2621, 9535
523, 0.263, 9553
524, 0.2631, 9571
525, 0.2636, 9589
526, 0.2634, 9607
527, 0.2638, 9625
528, 0.2639, 9644
529, 0.2639, 9662
530, 0.2642, 9680
531, 0.2641, 9698
532, 0.2649, 9716
533, 0.265, 9734
534, 0.2652, 9751
535, 0.2657, 9769
536, 0.2658, 9787
537, 0.2658, 9806
538, 0.2662, 9824
539, 0.2665, 9842
540, 0.2663, 9860
541, 0.2664, 9878
542, 0.2665, 9896
543, 0.2669, 9914
544, 0.2672, 9932
545, 0.2669, 9950
546, 0.2674, 9967
547, 0.2676, 9986
548, 0.2684, 10004
549, 0.2684, 10021
550, 0.2684, 10039
551, 0.2685, 10057
552, 0.269, 10075
553, 0.2697, 10093
554, 0.2703, 10111
555, 0.2708, 10129
556, 0.271, 10148
557, 0.2711, 10166
558, 0.271, 10184
559, 0.2709, 10202
560, 0.2709, 10221
561, 0.2718, 10238
562, 0.2723, 10257
563, 0.2725, 10275
564, 0.2725, 10293
565, 0.2726, 10310
566, 0.2724, 10328
567, 0.2727, 10346
568, 0.2722, 10364
569, 0.2722, 10382
570, 0.2724, 10400
571, 0.2725, 10418
572, 0.2724, 10436
573, 0.2729, 10454
574, 0.2733, 10472
575, 0.2736, 10490
576, 0.2742, 10508
577, 0.2743, 10526
578, 0.2753, 10544
579, 0.2761, 10562
580, 0.2766, 10580
581, 0.2763, 10598
582, 0.2771, 10617
583, 0.278, 10634
584, 0.2778, 10653
585, 0.2779, 10671
586, 0.2781, 10689
587, 0.2786, 10707
588, 0.279, 10725
589, 0.2794, 10743
590, 0.2798, 10761
591, 0.2806, 10779
592, 0.2807, 10797
593, 0.2807, 10815
594, 0.281, 10833
595, 0.2812, 10851
596, 0.2816, 10869
597, 0.2815, 10887
598, 0.2818, 10905
599, 0.282, 10923
600, 0.2817, 10942
601, 0.2818, 10960
602, 0.282, 10978
603, 0.2828, 10996
604, 0.283, 11014
605, 0.2828, 11033
606, 0.2836, 11051
607, 0.2848, 11069
608, 0.2849, 11087
609, 0.2851, 11105
610, 0.2853, 11123
611, 0.2855, 11141
612, 0.2859, 11160
613, 0.2861, 11178
614, 0.2866, 11196
615, 0.2871, 11214
616, 0.2873, 11232
617, 0.288, 11250
618, 0.2885, 11268
619, 0.2893, 11286
620, 0.2893, 11305
621, 0.2893, 11323
622, 0.2897, 11341
623, 0.2897, 11359
624, 0.2904, 11378
625, 0.2905, 11396
626, 0.2907, 11414
627, 0.2912, 11432
628, 0.2912, 11450
629, 0.2916, 11468
630, 0.2917, 11486
631, 0.2919, 11504
632, 0.2913, 11522
633, 0.2908, 11541
634, 0.2906, 11559
635, 0.2907, 11577
636, 0.2911, 11595
637, 0.2913, 11613
638, 0.2913, 11631
639, 0.2917, 11650
640, 0.2912, 11668
641, 0.291, 11686
642, 0.2911, 11704
643, 0.2909, 11721
644, 0.2913, 11740
645, 0.2913, 11757
646, 0.2917, 11775
647, 0.2923, 11793
648, 0.2926, 11811
649, 0.2935, 11829
650, 0.2935, 11848
651, 0.2938, 11866
652, 0.294, 11884
653, 0.2938, 11902
654, 0.2937, 11920
655, 0.2937, 11938
656, 0.294, 11956
657, 0.2944, 11974
658, 0.2948, 11992
659, 0.2951, 12010
660, 0.2953, 12028
661, 0.2958, 12046
662, 0.2966, 12064
663, 0.2966, 12082
664, 0.2965, 12100
665, 0.2971, 12118
666, 0.298, 12136
667, 0.2988, 12154
668, 0.2997, 12172
669, 0.3, 12189
670, 0.3007, 12207
671, 0.3007, 12225
672, 0.3009, 12243
673, 0.3014, 12261
674, 0.3016, 12279
675, 0.3022, 12297
676, 0.3021, 12315
677, 0.3022, 12332
678, 0.3019, 12351
679, 0.3024, 12368
680, 0.3024, 12387
681, 0.3031, 12405
682, 0.3036, 12423
683, 0.3035, 12441
684, 0.3037, 12459
685, 0.3038, 12477
686, 0.3047, 12495
687, 0.3053, 12513
688, 0.3058, 12531
689, 0.306, 12549
690, 0.306, 12567
691, 0.3061, 12586
692, 0.3072, 12604
693, 0.3076, 12622
694, 0.3078, 12640
695, 0.3077, 12659
696, 0.3085, 12677
697, 0.3087, 12695
698, 0.3091, 12713
699, 0.3093, 12731
700, 0.3093, 12749
701, 0.3098, 12767
702, 0.3104, 12786
703, 0.3106, 12804
704, 0.3111, 12822
705, 0.3116, 12840
706, 0.3118, 12859
707, 0.3122, 12877
708, 0.3124, 12895
709, 0.3125, 12913
710, 0.3125, 12931
711, 0.3127, 12949
712, 0.3127, 12967
713, 0.3123, 12986
714, 0.312, 13004
715, 0.3123, 13022
716, 0.3129, 13040
717, 0.3131, 13059
718, 0.3131, 13077
719, 0.3135, 13095
720, 0.3137, 13113
721, 0.3145, 13131
722, 0.3148, 13149
723, 0.3155, 13167
724, 0.3154, 13185
725, 0.3156, 13204
726, 0.3163, 13222
727, 0.3162, 13240
728, 0.3162, 13258
729, 0.3166, 13276
730, 0.317, 13294
731, 0.3173, 13312
732, 0.3177, 13330
733, 0.3177, 13349
734, 0.3179, 13367
735, 0.3179, 13385
736, 0.318, 13403
737, 0.3181, 13421
738, 0.3185, 13439
739, 0.319, 13458
740, 0.3191, 13476
741, 0.3196, 13494
742, 0.3198, 13512
743, 0.3204, 13530
744, 0.3213, 13549
745, 0.3215, 13567
746, 0.3218, 13585
747, 0.3222, 13604
748, 0.3226, 13622
749, 0.3229, 13639
750, 0.323, 13658
751, 0.3235, 13676
752, 0.3238, 13695
753, 0.3247, 13712
754, 0.325, 13731
755, 0.3252, 13748
756, 0.3249, 13767
757, 0.3255, 13784
758, 0.3258, 13802
759, 0.3258, 13821
760, 0.3257, 13839
761, 0.3257, 13857
762, 0.3257, 13875
763, 0.3259, 13893
764, 0.326, 13911
765, 0.326, 13929
766, 0.3257, 13947
767, 0.326, 13965
768, 0.3261, 13983
769, 0.3265, 14002
770, 0.3269, 14020
771, 0.3268, 14038
772, 0.327, 14056
773, 0.3273, 14074
774, 0.3272, 14092
775, 0.3272, 14110
776, 0.3275, 14128
777, 0.3277, 14146
778, 0.3276, 14164
779, 0.3273, 14183
780, 0.3281, 14200
781, 0.3283, 14219
782, 0.3283, 14237
783, 0.3283, 14255
784, 0.3282, 14273
785, 0.3286, 14291
786, 0.3284, 14309
787, 0.3286, 14327
788, 0.329, 14346
789, 0.3298, 14363
790, 0.3305, 14381
791, 0.3307, 14399
792, 0.3309, 14417
793, 0.3311, 14435
794, 0.3318, 14453
795, 0.3319, 14471
796, 0.3323, 14489
797, 0.3325, 14507
798, 0.3326, 14525
799, 0.3325, 14543
800, 0.3326, 14562
801, 0.3329, 14580
802, 0.3332, 14598
803, 0.3339, 14616
804, 0.3344, 14634
805, 0.3349, 14652
806, 0.3354, 14671
807, 0.3358, 14689
808, 0.3357, 14708
809, 0.3363, 14726
810, 0.3366, 14744
811, 0.3374, 14762
812, 0.3376, 14781
813, 0.3378, 14799
814, 0.3389, 14817
815, 0.3384, 14835
816, 0.3384, 14853
817, 0.3384, 14871
818, 0.3386, 14889
819, 0.3391, 14907
820, 0.339, 14926
821, 0.3389, 14944
822, 0.339, 14962
823, 0.339, 14980
824, 0.3389, 14998
825, 0.3391, 15017
826, 0.3393, 15034
827, 0.3401, 15052
828, 0.3405, 15071
829, 0.3412, 15089
830, 0.3417, 15107
831, 0.3419, 15125
832, 0.3419, 15143
833, 0.3421, 15161
834, 0.3422, 15179
835, 0.3424, 15197
836, 0.3425, 15215
837, 0.3429, 15233
838, 0.3428, 15251
839, 0.3426, 15269
840, 0.3425, 15287
841, 0.3423, 15305
842, 0.3427, 15323
843, 0.3429, 15341
844, 0.3426, 15359
845, 0.3427, 15377
846, 0.3431, 15395
847, 0.3437, 15413
848, 0.3434, 15431
849, 0.3438, 15449
850, 0.3446, 15467
851, 0.3449, 15485
852, 0.3449, 15503
853, 0.3452, 15522
854, 0.3453, 15539
855, 0.3452, 15557
856, 0.3455, 15575
857, 0.3455, 15593
858, 0.3456, 15611
859, 0.3458, 15630
860, 0.3456, 15648
861, 0.346, 15666
862, 0.346, 15684
863, 0.3466, 15702
864, 0.3467, 15720
865, 0.3467, 15738
866, 0.3465, 15756
867, 0.3472, 15774
868, 0.3473, 15792
869, 0.3477, 15810
870, 0.3482, 15829
871, 0.3483, 15847
872, 0.3484, 15865
873, 0.3485, 15883
874, 0.349, 15901
875, 0.3489, 15919
876, 0.3494, 15937
877, 0.3498, 15955
878, 0.3504, 15974
879, 0.3503, 15992
880, 0.35, 16010
881, 0.3501, 16028
882, 0.3505, 16046
883, 0.3506, 16064
884, 0.3507, 16083
885, 0.3509, 16101
886, 0.3511, 16119
887, 0.3517, 16138
888, 0.3518, 16155
889, 0.3522, 16173
890, 0.3521, 16191
891, 0.3524, 16209
892, 0.3523, 16228
893, 0.3522, 16246
894, 0.3524, 16264
895, 0.3534, 16282
896, 0.3533, 16300
897, 0.3539, 16318
898, 0.3544, 16336
899, 0.3544, 16354
900, 0.3543, 16372
901, 0.3543, 16391
902, 0.3543, 16408
903, 0.3551, 16427
904, 0.3556, 16445
905, 0.3562, 16463
906, 0.357, 16481
907, 0.3571, 16499
908, 0.3576, 16517
909, 0.3582, 16536
910, 0.3583, 16554
911, 0.359, 16572
912, 0.3594, 16589
913, 0.3599, 16608
914, 0.3599, 16626
915, 0.3604, 16645
916, 0.3604, 16663
917, 0.3608, 16681
918, 0.3612, 16699
919, 0.3617, 16717
920, 0.3619, 16735
921, 0.3621, 16754
922, 0.3621, 16772
923, 0.3627, 16791
924, 0.363, 16809
925, 0.3638, 16827
926, 0.364, 16845
927, 0.3637, 16863
928, 0.3642, 16882
929, 0.3638, 16900
930, 0.3639, 16918
931, 0.3642, 16937
932, 0.3643, 16955
933, 0.3643, 16973
934, 0.3644, 16991
935, 0.3647, 17009
936, 0.365, 17027
937, 0.3652, 17045
938, 0.3657, 17063
939, 0.3657, 17081
940, 0.3661, 17099
941, 0.3662, 17117
942, 0.3662, 17135
943, 0.3666, 17154
944, 0.3665, 17172
945, 0.3668, 17191
946, 0.3668, 17209
947, 0.3669, 17227
948, 0.3671, 17245
949, 0.3669, 17263
950, 0.3673, 17282
951, 0.3675, 17300
952, 0.3681, 17318
953, 0.3686, 17336
954, 0.3687, 17354
955, 0.369, 17372
956, 0.369, 17390
957, 0.3689, 17408
958, 0.369, 17426
959, 0.3696, 17444
960, 0.3698, 17463
961, 0.3702, 17481
962, 0.3702, 17499
963, 0.3707, 17517
964, 0.371, 17535
965, 0.3713, 17552
966, 0.3715, 17570
967, 0.3714, 17588
968, 0.3718, 17606
969, 0.3718, 17624
970, 0.3721, 17642
971, 0.3722, 17660
972, 0.3724, 17678
973, 0.3726, 17696
974, 0.3729, 17713
975, 0.3731, 17731
976, 0.3736, 17750
977, 0.3743, 17768
978, 0.3747, 17786
979, 0.3744, 17804
980, 0.3746, 17823
981, 0.3751, 17841
982, 0.3753, 17859
983, 0.3754, 17877
984, 0.3755, 17895
985, 0.3756, 17913
986, 0.3758, 17931
987, 0.3762, 17950
988, 0.3762, 17968
989, 0.3762, 17986
990, 0.3762, 18004
991, 0.3766, 18022
992, 0.3768, 18040
993, 0.3768, 18058
994, 0.3772, 18077
995, 0.3776, 18099
996, 0.3779, 18118
997, 0.3779, 18139
998, 0.378, 18158
999, 0.3777, 18176
1000, 0.3777, 18194
1001, 0.3783, 18212
1002, 0.3787, 18231
1003, 0.3791, 18249
1004, 0.3793, 18267
1005, 0.3794, 18285
1006, 0.3795, 18303
1007, 0.3801, 18321
1008, 0.3801, 18339
1009, 0.3802, 18357
1010, 0.3806, 18375
1011, 0.3806, 18393
1012, 0.3808, 18412
1013, 0.3816, 18430
1014, 0.382, 18448
1015, 0.3827, 18467
1016, 0.3829, 18486
1017, 0.3832, 18504
1018, 0.3838, 18522
1019, 0.3842, 18540
1020, 0.3836, 18558
1021, 0.3838, 18576
1022, 0.3839, 18595
1023, 0.3838, 18613
1024, 0.3839, 18631
1025, 0.3843, 18650
1026, 0.3844, 18668
1027, 0.3846, 18685
1028, 0.3852, 18704
1029, 0.3854, 18722
1030, 0.3863, 18740
1031, 0.3865, 18759
1032, 0.3863, 18776
1033, 0.3869, 18794
1034, 0.3869, 18812
1035, 0.3874, 18830
1036, 0.3875, 18848
1037, 0.3878, 18866
1038, 0.3882, 18884
1039, 0.3884, 18903
1040, 0.3887, 18921
1041, 0.3886, 18939
1042, 0.3891, 18958
1043, 0.3892, 18976
1044, 0.3896, 18994
1045, 0.3901, 19012
1046, 0.391, 19030
1047, 0.3917, 19048
1048, 0.3919, 19067
1049, 0.3919, 19085
1050, 0.3922, 19103
1051, 0.3925, 19121
1052, 0.3927, 19139
1053, 0.3926, 19157
1054, 0.3927, 19176
1055, 0.3931, 19194
1056, 0.393, 19212
1057, 0.393, 19231
1058, 0.3931, 19249
1059, 0.3936, 19267
1060, 0.3937, 19286
1061, 0.3941, 19304
1062, 0.3941, 19322
1063, 0.3946, 19340
1064, 0.3946, 19358
1065, 0.3947, 19376
1066, 0.3947, 19395
1067, 0.3948, 19413
1068, 0.3946, 19431
1069, 0.3947, 19449
1070, 0.3947, 19468
1071, 0.3944, 19486
1072, 0.3942, 19504
1073, 0.3942, 19522
1074, 0.3945, 19540
1075, 0.3945, 19558
1076, 0.3943, 19577
1077, 0.3945, 19595
1078, 0.3947, 19613
1079, 0.3949, 19631
1080, 0.3948, 19649
1081, 0.3949, 19667
1082, 0.3952, 19686
1083, 0.3956, 19704
1084, 0.3962, 19722
1085, 0.397, 19740
1086, 0.3976, 19758
1087, 0.3979, 19776
1088, 0.3981, 19795
1089, 0.3983, 19813
1090, 0.398, 19831
1091, 0.3986, 19849
1092, 0.3989, 19867
1093, 0.3988, 19885
1094, 0.3992, 19903
1095, 0.3992, 19921
1096, 0.3989, 19939
1097, 0.3992, 19957
1098, 0.3993, 19975
1099, 0.3995, 19993
1100, 0.3998, 20011
1101, 0.4004, 20029
1102, 0.4006, 20047
1103, 0.4004, 20066
1104, 0.4002, 20084
1105, 0.4005, 20101
1106, 0.401, 20120
1107, 0.4013, 20138
1108, 0.4014, 20156
1109, 0.4015, 20174
1110, 0.4013, 20192
1111, 0.4019, 20211
1112, 0.4017, 20229
1113, 0.4015, 20247
1114, 0.4016, 20265
1115, 0.4019, 20283
1116, 0.402, 20301
1117, 0.402, 20319
1118, 0.402, 20337
1119, 0.4024, 20355
1120, 0.4025, 20373
1121, 0.4024, 20391
1122, 0.4024, 20409
1123, 0.403, 20427
1124, 0.4034, 20445
1125, 0.4038, 20463
1126, 0.4039, 20481
1127, 0.4041, 20499
1128, 0.404, 20517
1129, 0.404, 20536
1130, 0.404, 20554
1131, 0.4039, 20572
1132, 0.4037, 20590
1133, 0.4038, 20608
1134, 0.4043, 20627
1135, 0.4048, 20645
1136, 0.4046, 20663
1137, 0.4046, 20681
1138, 0.4048, 20699
1139, 0.405, 20717
1140, 0.4048, 20736
1141, 0.4048, 20754
1142, 0.4052, 20772
1143, 0.4055, 20790
1144, 0.4057, 20808
1145, 0.4057, 20826
1146, 0.4057, 20844
1147, 0.4059, 20862
1148, 0.4065, 20881
1149, 0.4068, 20899
1150, 0.4067, 20917
1151, 0.407, 20936
1152, 0.4071, 20953
1153, 0.4075, 20972
1154, 0.4073, 20990
1155, 0.4076, 21008
1156, 0.4076, 21026
1157, 0.408, 21044
1158, 0.4081, 21062
1159, 0.4085, 21080
1160, 0.4086, 21098
1161, 0.4088, 21116
1162, 0.409, 21134
1163, 0.4089, 21152
1164, 0.4086, 21169
1165, 0.4088, 21188
1166, 0.409, 21206
1167, 0.4086, 21224
1168, 0.4083, 21242
1169, 0.4086, 21260
1170, 0.4091, 21278
1171, 0.4094, 21296
1172, 0.4092, 21313
1173, 0.4094, 21332
1174, 0.4097, 21350
1175, 0.4099, 21368
1176, 0.4102, 21385
1177, 0.4104, 21403
1178, 0.4102, 21421
1179, 0.4104, 21439
1180, 0.4108, 21457
1181, 0.411, 21476
1182, 0.4114, 21494
1183, 0.4116, 21512
1184, 0.4116, 21530
1185, 0.4122, 21547
1186, 0.4122, 21566
1187, 0.4126, 21584
1188, 0.4125, 21602
1189, 0.4124, 21620
1190, 0.4124, 21638
1191, 0.4123, 21656
1192, 0.4126, 21674
1193, 0.4129, 21692
1194, 0.4131, 21711
1195, 0.4133, 21729
1196, 0.4132, 21747
1197, 0.4133, 21765
1198, 0.4133, 21783
1199, 0.4131, 21801
1200, 0.4133, 21819
1201, 0.4132, 21837
1202, 0.4133, 21855
1203, 0.4137, 21873
1204, 0.4137, 21891
1205, 0.414, 21910
1206, 0.4138, 21928
1207, 0.4138, 21946
1208, 0.4138, 21964
1209, 0.4136, 21982
1210, 0.4139, 22000
1211, 0.4142, 22018
1212, 0.4143, 22036
1213, 0.4143, 22054
1214, 0.4145, 22072
1215, 0.4147, 22091
1216, 0.4149, 22109
1217, 0.4153, 22127
1218, 0.4153, 22145
1219, 0.4157, 22163
1220, 0.4161, 22182
1221, 0.416, 22200
1222, 0.4163, 22218
1223, 0.4164, 22236
1224, 0.4166, 22255
1225, 0.4167, 22273
1226, 0.4166, 22291
1227, 0.4165, 22309
1228, 0.4166, 22327
1229, 0.4166, 22345
1230, 0.4167, 22363
1231, 0.4173, 22381
1232, 0.4173, 22399
1233, 0.4174, 22417
1234, 0.4173, 22435
1235, 0.4175, 22453
1236, 0.4179, 22471
1237, 0.4187, 22489
1238, 0.4189, 22507
1239, 0.4192, 22525
1240, 0.4195, 22544
1241, 0.4194, 22562
1242, 0.4195, 22580
1243, 0.42, 22598
1244, 0.4203, 22616
1245, 0.4201, 22635
1246, 0.4201, 22652
1247, 0.4202, 22670
1248, 0.4202, 22688
1249, 0.4203, 22706
1250, 0.4204, 22724
1251, 0.4209, 22742
1252, 0.4211, 22761
1253, 0.4214, 22779
1254, 0.4212, 22797
1255, 0.4213, 22815
1256, 0.4219, 22833
1257, 0.4223, 22851
1258, 0.4225, 22869
1259, 0.4229, 22887
1260, 0.423, 22906
1261, 0.4232, 22923
1262, 0.4232, 22941
1263, 0.4234, 22959
1264, 0.4234, 22977
1265, 0.4232, 22995
1266, 0.4235, 23013
1267, 0.4234, 23032
1268, 0.4233, 23050
1269, 0.4237, 23068
1270, 0.4236, 23086
1271, 0.4234, 23105
1272, 0.4235, 23123
1273, 0.4237, 23141
1274, 0.4242, 23159
1275, 0.4242, 23177
1276, 0.4245, 23195
1277, 0.4246, 23213
1278, 0.4246, 23232
1279, 0.4248, 23250
1280, 0.4248, 23268
1281, 0.425, 23286
1282, 0.4253, 23304
1283, 0.4253, 23322
1284, 0.4252, 23341
1285, 0.4251, 23359
1286, 0.4251, 23377
1287, 0.4252, 23396
1288, 0.4251, 23414
1289, 0.4252, 23432
1290, 0.4255, 23451
1291, 0.4256, 23469
1292, 0.4256, 23487
1293, 0.4255, 23506
1294, 0.4254, 23524
1295, 0.4254, 23543
1296, 0.4256, 23561
1297, 0.4258, 23579
1298, 0.4259, 23597
1299, 0.426, 23615
1300, 0.426, 23634
1301, 0.4261, 23651
1302, 0.4262, 23670
1303, 0.4264, 23687
1304, 0.4267, 23705
1305, 0.4265, 23724
1306, 0.4268, 23742
1307, 0.4269, 23760
1308, 0.4268, 23778
1309, 0.4269, 23796
1310, 0.4276, 23815
1311, 0.4276, 23833
1312, 0.4278, 23851
1313, 0.4283, 23868
1314, 0.4287, 23886
1315, 0.4287, 23905
1316, 0.4288, 23923
1317, 0.4292, 23940
1318, 0.4296, 23959
1319, 0.4298, 23977
1320, 0.4302, 23994
1321, 0.4301, 24013
1322, 0.4304, 24031
1323, 0.4303, 24049
1324, 0.4307, 24067
1325, 0.4307, 24085
1326, 0.4308, 24103
1327, 0.4303, 24121
1328, 0.4308, 24140
1329, 0.4312, 24158
1330, 0.4317, 24176
1331, 0.4317, 24194
1332, 0.432, 24212
1333, 0.432, 24230
1334, 0.4321, 24249
1335, 0.4322, 24267
1336, 0.4327, 24285
1337, 0.4329, 24303
1338, 0.4329, 24321
1339, 0.4327, 24339
1340, 0.4327, 24358
1341, 0.433, 24376
1342, 0.4331, 24394
1343, 0.4333, 24412
1344, 0.4334, 24430
1345, 0.4335, 24448
1346, 0.4337, 24466
1347, 0.4338, 24484
1348, 0.4339, 24503
1349, 0.4338, 24521
1350, 0.4338, 24539
1351, 0.4338, 24557
1352, 0.4342, 24576
1353, 0.4341, 24594
1354, 0.4345, 24612
1355, 0.4347, 24630
1356, 0.4348, 24648
1357, 0.4354, 24667
1358, 0.4356, 24684
1359, 0.4356, 24702
1360, 0.4356, 24721
1361, 0.4357, 24739
1362, 0.4359, 24757
1363, 0.4362, 24775
1364, 0.4366, 24793
1365, 0.4371, 24812
1366, 0.4372, 24829
1367, 0.4372, 24847
1368, 0.4374, 24866
1369, 0.4373, 24884
1370, 0.4375, 24902
1371, 0.4375, 24920
1372, 0.4376, 24938
1373, 0.4377, 24956
1374, 0.438, 24974
1375, 0.4385, 24993
1376, 0.4386, 25011
1377, 0.4388, 25029
1378, 0.4391, 25047
1379, 0.4394, 25066
1380, 0.4395, 25084
1381, 0.4396, 25102
1382, 0.4397, 25120
1383, 0.4397, 25138
1384, 0.4399, 25157
1385, 0.44, 25175
1386, 0.4401, 25193
1387, 0.4401, 25211
1388, 0.4402, 25229
1389, 0.4402, 25247
1390, 0.4402, 25266
1391, 0.4405, 25284
1392, 0.4405, 25302
1393, 0.4406, 25320
1394, 0.4406, 25338
1395, 0.4408, 25356
1396, 0.4407, 25374
1397, 0.4406, 25393
1398, 0.4401, 25411
1399, 0.4404, 25429
1400, 0.4405, 25447
1401, 0.4405, 25465
1402, 0.441, 25484
1403, 0.4411, 25502
1404, 0.4412, 25520
1405, 0.4413, 25538
1406, 0.4414, 25556
1407, 0.4412, 25575
1408, 0.4414, 25593
1409, 0.4414, 25611
1410, 0.4413, 25629
1411, 0.4415, 25647
1412, 0.4416, 25665
1413, 0.4416, 25683
1414, 0.4417, 25701
1415, 0.4418, 25720
1416, 0.4419, 25738
1417, 0.442, 25756
1418, 0.442, 25774
1419, 0.4423, 25792
1420, 0.4427, 25810
1421, 0.4428, 25828
1422, 0.4429, 25846
1423, 0.4431, 25865
1424, 0.4429, 25883
1425, 0.443, 25901
1426, 0.4432, 25919
1427, 0.4434, 25936
1428, 0.4437, 25954
1429, 0.4437, 25973
1430, 0.4436, 25991
1431, 0.4434, 26009
1432, 0.4434, 26027
1433, 0.4435, 26045
1434, 0.4438, 26064
1435, 0.4439, 26083
1436, 0.4438, 26101
1437, 0.4436, 26119
1438, 0.4438, 26137
1439, 0.4439, 26155
1440, 0.444, 26173
1441, 0.4437, 26191
1442, 0.4437, 26209
1443, 0.4438, 26227
1444, 0.444, 26245
1445, 0.4441, 26264
1446, 0.444, 26281
1447, 0.444, 26299
1448, 0.4439, 26317
1449, 0.4437, 26335
1450, 0.4441, 26354
1451, 0.4441, 26372
1452, 0.4443, 26391
1453, 0.4445, 26409
1454, 0.4447, 26427
1455, 0.445, 26445
1456, 0.4455, 26463
1457, 0.4453, 26481
1458, 0.4456, 26499
1459, 0.4459, 26518
1460, 0.4464, 26536
1461, 0.4465, 26553
1462, 0.4466, 26572
1463, 0.447, 26590
1464, 0.447, 26608
1465, 0.4471, 26626
1466, 0.4471, 26644
1467, 0.4476, 26662
1468, 0.4477, 26679
1469, 0.4477, 26698
1470, 0.4477, 26716
1471, 0.4481, 26734
1472, 0.4481, 26752
1473, 0.448, 26770
1474, 0.4484, 26788
1475, 0.449, 26806
1476, 0.4493, 26824
1477, 0.4494, 26842
1478, 0.4495, 26860
1479, 0.4498, 26878
1480, 0.4497, 26896
1481, 0.4496, 26915
1482, 0.4498, 26933
1483, 0.4499, 26951
1484, 0.4501, 26969
1485, 0.4501, 26988
1486, 0.45, 27006
1487, 0.45, 27024
1488, 0.45, 27042
1489, 0.4499, 27060
1490, 0.4503, 27079
1491, 0.4505, 27096
1492, 0.4504, 27114
1493, 0.4507, 27133
1494, 0.4505, 27150
1495, 0.4506, 27168
1496, 0.4509, 27186
1497, 0.4507, 27204
1498, 0.4508, 27222
1499, 0.4508, 27240
1500, 0.4511, 27258
1501, 0.451, 27276
1502, 0.4508, 27294
1503, 0.4503, 27312
1504, 0.4504, 27330
1505, 0.4505, 27348
1506, 0.4509, 27366
1507, 0.4509, 27384
1508, 0.4512, 27402
1509, 0.4512, 27420
1510, 0.4514, 27439
1511, 0.4517, 27457
1512, 0.452, 27475
1513, 0.4526, 27493
1514, 0.4529, 27511
1515, 0.4528, 27529
1516, 0.4531, 27547
1517, 0.4532, 27566
1518, 0.4533, 27584
1519, 0.4534, 27602
1520, 0.4535, 27620
1521, 0.4533, 27638
1522, 0.4538, 27656
1523, 0.454, 27675
1524, 0.4539, 27692
1525, 0.4538, 27711
1526, 0.4541, 27729
1527, 0.4543, 27747
1528, 0.4542, 27765
1529, 0.4545, 27783
1530, 0.4545, 27801
1531, 0.4545, 27819
1532, 0.4545, 27836
1533, 0.4546, 27854
1534, 0.4548, 27872
1535, 0.4554, 27890
1536, 0.4551, 27908
1537, 0.4554, 27926
1538, 0.4559, 27944
1539, 0.456, 27963
1540, 0.4561, 27981
1541, 0.4562, 27999
1542, 0.4563, 28017
1543, 0.4565, 28035
1544, 0.4566, 28053
1545, 0.4565, 28071
1546, 0.4563, 28089
1547, 0.4564, 28107
1548, 0.4564, 28125
1549, 0.4568, 28143
1550, 0.4568, 28162
1551, 0.4571, 28180
1552, 0.457, 28198
1553, 0.4572, 28216
1554, 0.4571, 28234
1555, 0.4572, 28252
1556, 0.4572, 28270
1557, 0.4576, 28288
1558, 0.4576, 28306
1559, 0.458, 28325
1560, 0.4584, 28342
1561, 0.4584, 28360
1562, 0.4585, 28379
1563, 0.4586, 28397
1564, 0.4588, 28415
1565, 0.459, 28434
1566, 0.4596, 28452
1567, 0.46, 28470
1568, 0.4603, 28488
1569, 0.4602, 28506
1570, 0.4603, 28524
1571, 0.4604, 28543
1572, 0.4602, 28561
1573, 0.4604, 28579
1574, 0.4605, 28597
1575, 0.4605, 28615
1576, 0.4605, 28634
1577, 0.4607, 28652
1578, 0.4607, 28670
1579, 0.4608, 28688
1580, 0.461, 28706
1581, 0.4611, 28725
1582, 0.4611, 28742
1583, 0.4612, 28760
1584, 0.4614, 28779
1585, 0.4614, 28797
1586, 0.4616, 28815
1587, 0.4618, 28833
1588, 0.462, 28851
1589, 0.4623, 28869
1590, 0.4622, 28887
1591, 0.462, 28905
1592, 0.4623, 28923
1593, 0.4625, 28941
1594, 0.4627, 28959
1595, 0.4629, 28977
1596, 0.4628, 28995
1597, 0.463, 29014
1598, 0.4629, 29032
1599, 0.4631, 29050
1600, 0.4631, 29068
1601, 0.4632, 29086
1602, 0.4633, 29104
1603, 0.4634, 29122
1604, 0.4634, 29140
1605, 0.4637, 29158
1606, 0.4635, 29177
1607, 0.4636, 29195
1608, 0.4636, 29213
1609, 0.4638, 29231
1610, 0.4638, 29249
1611, 0.4638, 29267
1612, 0.4637, 29286
1613, 0.4641, 29304
1614, 0.4644, 29322
1615, 0.4642, 29340
1616, 0.4641, 29358
1617, 0.4643, 29376
1618, 0.4646, 29395
1619, 0.4645, 29413
1620, 0.4646, 29430
1621, 0.4649, 29449
1622, 0.465, 29467
1623, 0.4651, 29485
1624, 0.4653, 29503
1625, 0.4655, 29521
1626, 0.4657, 29539
1627, 0.4657, 29557
1628, 0.4663, 29576
1629, 0.4664, 29594
1630, 0.4666, 29612
1631, 0.4667, 29630
1632, 0.4667, 29648
1633, 0.4668, 29667
1634, 0.4667, 29685
1635, 0.4668, 29703
1636, 0.4667, 29721
1637, 0.4664, 29739
1638, 0.4666, 29757
1639, 0.4664, 29775
1640, 0.4664, 29793
1641, 0.4664, 29811
1642, 0.4663, 29829
1643, 0.4662, 29847
1644, 0.4666, 29865
1645, 0.4668, 29883
1646, 0.4667, 29902
1647, 0.4674, 29920
1648, 0.4676, 29938
1649, 0.4678, 29956
1650, 0.4684, 29974
1651, 0.4685, 29993
1652, 0.4686, 30010
1653, 0.4685, 30029
1654, 0.4686, 30047
1655, 0.4685, 30065
1656, 0.4685, 30083
1657, 0.4685, 30101
1658, 0.4686, 30119
1659, 0.4688, 30137
1660, 0.4687, 30156
1661, 0.4688, 30174
1662, 0.4688, 30192
1663, 0.4687, 30210
1664, 0.4687, 30228
1665, 0.4688, 30246
1666, 0.4688, 30264
1667, 0.4689, 30283
1668, 0.4691, 30301
1669, 0.469, 30319
1670, 0.4689, 30337
1671, 0.4691, 30355
1672, 0.4696, 30373
1673, 0.4696, 30391
1674, 0.4696, 30409
1675, 0.4697, 30427
1676, 0.47, 30445
1677, 0.4698, 30463
1678, 0.4697, 30481
1679, 0.47, 30499
1680, 0.47, 30517
1681, 0.4702, 30535
1682, 0.4704, 30553
1683, 0.4706, 30572
1684, 0.4705, 30590
1685, 0.4704, 30608
1686, 0.4704, 30627
1687, 0.4706, 30644
1688, 0.4707, 30662
1689, 0.4707, 30680
1690, 0.4709, 30698
1691, 0.4708, 30716
1692, 0.4712, 30734
1693, 0.4713, 30752
1694, 0.4713, 30770
1695, 0.4711, 30788
1696, 0.4711, 30806
1697, 0.471, 30825
1698, 0.4713, 30843
1699, 0.4713, 30862
1700, 0.4714, 30880
1701, 0.4713, 30898
1702, 0.4714, 30917
1703, 0.4713, 30935
1704, 0.4714, 30953
1705, 0.4714, 30971
1706, 0.4714, 30989
1707, 0.4715, 31007
1708, 0.4713, 31025
1709, 0.4714, 31043
1710, 0.4716, 31061
1711, 0.4714, 31079
1712, 0.4713, 31097
1713, 0.4713, 31115
1714, 0.4713, 31133
1715, 0.4713, 31151
1716, 0.4713, 31170
1717, 0.4714, 31188
1718, 0.4715, 31206
1719, 0.4715, 31224
1720, 0.4715, 31242
1721, 0.4713, 31261
1722, 0.4713, 31279
1723, 0.4718, 31296
1724, 0.472, 31314
1725, 0.472, 31333
1726, 0.4724, 31351
1727, 0.4725, 31369
1728, 0.4731, 31387
1729, 0.4731, 31405
1730, 0.4731, 31424
1731, 0.4733, 31442
1732, 0.4733, 31460
1733, 0.4734, 31478
1734, 0.4735, 31496
1735, 0.4738, 31514
1736, 0.4741, 31532
1737, 0.4742, 31550
1738, 0.4742, 31568
1739, 0.4741, 31586
1740, 0.4744, 31604
1741, 0.4746, 31622
1742, 0.4747, 31640
1743, 0.4748, 31658
1744, 0.4749, 31676
1745, 0.4752, 31694
1746, 0.4754, 31712
1747, 0.4752, 31730
1748, 0.4753, 31748
1749, 0.4753, 31766
1750, 0.4755, 31784
1751, 0.4755, 31802
1752, 0.4756, 31820
1753, 0.4756, 31838
1754, 0.4757, 31856
1755, 0.4756, 31874
1756, 0.4755, 31892
1757, 0.4759, 31910
1758, 0.476, 31928
1759, 0.4759, 31946
1760, 0.4762, 31964
1761, 0.4764, 31982
1762, 0.4765, 32001
1763, 0.4765, 32019
1764, 0.4767, 32037
1765, 0.4767, 32055
1766, 0.4773, 32073
1767, 0.4772, 32091
1768, 0.4772, 32109
1769, 0.4771, 32127
1770, 0.4769, 32145
1771, 0.4771, 32163
1772, 0.4772, 32182
1773, 0.4776, 32200
1774, 0.4777, 32218
1775, 0.4778, 32236
1776, 0.478, 32254
1777, 0.4782, 32272
1778, 0.4784, 32290
1779, 0.4789, 32308
1780, 0.4791, 32327
1781, 0.4791, 32344
1782, 0.4789, 32362
1783, 0.479, 32381
1784, 0.4791, 32399
1785, 0.4792, 32417
1786, 0.4793, 32435
1787, 0.4794, 32453
1788, 0.4799, 32471
1789, 0.4802, 32489
1790, 0.4802, 32507
1791, 0.4802, 32525
1792, 0.4804, 32543
1793, 0.4811, 32562
1794, 0.4814, 32580
1795, 0.4815, 32597
1796, 0.4818, 32615
1797, 0.4817, 32633
1798, 0.4818, 32651
1799, 0.4818, 32669
1800, 0.4823, 32688
1801, 0.4823, 32706
1802, 0.4823, 32724
1803, 0.4826, 32742
1804, 0.4825, 32760
1805, 0.4828, 32778
1806, 0.4826, 32796
1807, 0.4825, 32814
1808, 0.4827, 32832
1809, 0.4828, 32850
1810, 0.4829, 32868
1811, 0.4828, 32886
1812, 0.4828, 32905
1813, 0.4828, 32923
1814, 0.483, 32941
1815, 0.483, 32959
1816, 0.4831, 32978
1817, 0.4833, 32996
1818, 0.4832, 33014
1819, 0.4832, 33032
1820, 0.4832, 33050
1821, 0.4829, 33068
1822, 0.4829, 33086
1823, 0.4831, 33105
1824, 0.4832, 33123
1825, 0.4832, 33141
1826, 0.4831, 33159
1827, 0.4832, 33177
1828, 0.4833, 33195
1829, 0.4833, 33213
1830, 0.4834, 33231
1831, 0.4838, 33249
1832, 0.4839, 33267
1833, 0.4839, 33286
1834, 0.4842, 33304
1835, 0.4842, 33322
1836, 0.4842, 33340
1837, 0.4841, 33358
1838, 0.4841, 33376
1839, 0.4841, 33395
1840, 0.4843, 33413
1841, 0.4843, 33431
1842, 0.4846, 33450
1843, 0.4847, 33468
1844, 0.4845, 33486
1845, 0.4846, 33504
1846, 0.4847, 33522
1847, 0.4848, 33539
1848, 0.4848, 33557
1849, 0.485, 33575
1850, 0.4849, 33593
1851, 0.485, 33611
1852, 0.4849, 33630
1853, 0.485, 33648
1854, 0.4854, 33666
1855, 0.4855, 33684
1856, 0.4855, 33703
1857, 0.4855, 33720
1858, 0.4855, 33738
1859, 0.4856, 33756
1860, 0.4853, 33774
1861, 0.4853, 33792
1862, 0.4855, 33810
1863, 0.4856, 33829
1864, 0.4856, 33847
1865, 0.486, 33867
1866, 0.4864, 33884
1867, 0.4866, 33903
1868, 0.4867, 33921
1869, 0.4865, 33939
1870, 0.4868, 33957
1871, 0.4869, 33976
1872, 0.4869, 33994
1873, 0.4869, 34012
1874, 0.4868, 34030
1875, 0.4872, 34048
1876, 0.4873, 34066
1877, 0.4877, 34084
1878, 0.4878, 34102
1879, 0.4879, 34120
1880, 0.4878, 34138
1881, 0.4877, 34156
1882, 0.4877, 34174
1883, 0.4879, 34193
1884, 0.4882, 34210
1885, 0.4882, 34228
1886, 0.4881, 34247
1887, 0.4883, 34265
1888, 0.4881, 34283
1889, 0.4881, 34301
1890, 0.4881, 34319
1891, 0.4879, 34337
1892, 0.4881, 34355
1893, 0.4882, 34373
1894, 0.4883, 34390
1895, 0.4883, 34408
1896, 0.4883, 34426
1897, 0.4882, 34445
1898, 0.4884, 34463
1899, 0.4889, 34481
1900, 0.489, 34499
1901, 0.4889, 34517
1902, 0.4892, 34535
1903, 0.4891, 34554
1904, 0.4893, 34571
1905, 0.489, 34590
1906, 0.4891, 34608
1907, 0.4893, 34626
1908, 0.4897, 34644
1909, 0.4896, 34662
1910, 0.4896, 34680
1911, 0.4896, 34698
1912, 0.4897, 34716
1913, 0.4896, 34734
1914, 0.4895, 34752
1915, 0.4896, 34771
1916, 0.4897, 34789
1917, 0.4899, 34807
1918, 0.4899, 34825
1919, 0.4899, 34843
1920, 0.4898, 34861
1921, 0.4898, 34879
1922, 0.4898, 34897
1923, 0.4899, 34915
1924, 0.4899, 34933
1925, 0.49, 34951
1926, 0.4901, 34969
1927, 0.4902, 34987
1928, 0.4903, 35005
1929, 0.4903, 35024
1930, 0.4903, 35042
1931, 0.4903, 35060
1932, 0.4903, 35078
1933, 0.4905, 35096
1934, 0.4905, 35114
1935, 0.4904, 35132
1936, 0.4904, 35150
1937, 0.4905, 35168
1938, 0.4905, 35186
1939, 0.4905, 35204
1940, 0.4907, 35222
1941, 0.4907, 35240
1942, 0.4905, 35258
1943, 0.4907, 35276
1944, 0.4908, 35295
1945, 0.4907, 35313
1946, 0.4908, 35331
1947, 0.4906, 35349
1948, 0.4903, 35367
1949, 0.4903, 35385
1950, 0.4906, 35403
1951, 0.4907, 35421
1952, 0.4906, 35439
1953, 0.4908, 35458
1954, 0.4912, 35476
1955, 0.4912, 35494
1956, 0.4912, 35512
1957, 0.4912, 35531
1958, 0.4912, 35549
1959, 0.4917, 35567
1960, 0.4916, 35585
1961, 0.4916, 35604
1962, 0.4916, 35622
1963, 0.4917, 35640
1964, 0.4917, 35658
1965, 0.4914, 35676
1966, 0.4913, 35694
1967, 0.4912, 35712
1968, 0.4911, 35730
1969, 0.4911, 35748
1970, 0.4913, 35766
1971, 0.4916, 35784
1972, 0.4921, 35803
1973, 0.4923, 35821
1974, 0.4921, 35839
1975, 0.492, 35857
1976, 0.4921, 35875
1977, 0.4921, 35894
1978, 0.4924, 35912
1979, 0.4924, 35929
1980, 0.4925, 35947
1981, 0.4925, 35966
1982, 0.4926, 35984
1983, 0.4927, 36002
1984, 0.4927, 36020
1985, 0.4929, 36037
1986, 0.493, 36055
1987, 0.493, 36073
1988, 0.493, 36091
1989, 0.4932, 36109
1990, 0.4931, 36127
1991, 0.4931, 36145
1992, 0.4931, 36163
1993, 0.4932, 36181
1994, 0.4933, 36199
1995, 0.4934, 36217
1996, 0.4934, 36235
1997, 0.4934, 36253
1998, 0.4934, 36271
1999, 0.4932, 36290
2000, 0.4931, 36308
2001, 0.4931, 36325
2002, 0.4931, 36343
2003, 0.4931, 36361
2004, 0.4931, 36379
2005, 0.4933, 36397
2006, 0.4936, 36415
2007, 0.4932, 36433
2008, 0.4935, 36451
2009, 0.4936, 36469
2010, 0.4937, 36487
2011, 0.4936, 36505
2012, 0.4934, 36523
2013, 0.4936, 36541
2014, 0.4936, 36559
2015, 0.4937, 36578
2016, 0.4937, 36596
2017, 0.4938, 36614
2018, 0.494, 36632
2019, 0.4942, 36650
2020, 0.494, 36668
2021, 0.4942, 36686
2022, 0.4941, 36705
2023, 0.4938, 36722
2024, 0.494, 36740
2025, 0.4941, 36758
2026, 0.4943, 36776
2027, 0.4943, 36795
2028, 0.4942, 36813
2029, 0.4942, 36831
2030, 0.4942, 36848
2031, 0.4944, 36866
2032, 0.4944, 36884
2033, 0.4943, 36903
2034, 0.4944, 36921
2035, 0.4944, 36939
2036, 0.4944, 36957
2037, 0.4945, 36976
2038, 0.4946, 36994
2039, 0.4947, 37012
2040, 0.4947, 37030
2041, 0.4946, 37048
2042, 0.4948, 37066
2043, 0.4949, 37085
2044, 0.4949, 37103
2045, 0.4949, 37121
2046, 0.495, 37139
2047, 0.4951, 37157
2048, 0.4953, 37176
2049, 0.4953, 37194
2050, 0.4956, 37212
2051, 0.4956, 37230
2052, 0.4957, 37248
2053, 0.4959, 37266
2054, 0.4964, 37284
2055, 0.4964, 37302
2056, 0.4964, 37320
2057, 0.4964, 37338
2058, 0.4963, 37357
2059, 0.4964, 37374
2060, 0.4967, 37392
2061, 0.4969, 37411
2062, 0.497, 37428
2063, 0.4973, 37447
2064, 0.4973, 37465
2065, 0.4973, 37483
2066, 0.4971, 37501
2067, 0.4974, 37519
2068, 0.4974, 37537
2069, 0.4976, 37555
2070, 0.4977, 37573
2071, 0.4981, 37591
2072, 0.4979, 37609
2073, 0.4981, 37627
2074, 0.4982, 37645
2075, 0.4982, 37663
2076, 0.4983, 37681
2077, 0.4979, 37700
2078, 0.4978, 37718
2079, 0.498, 37736
2080, 0.4982, 37754
2081, 0.4982, 37772
2082, 0.4983, 37790
2083, 0.4986, 37808
2084, 0.4987, 37826
2085, 0.4991, 37844
2086, 0.4991, 37862
2087, 0.499, 37880
2088, 0.4989, 37897
2089, 0.4989, 37915
2090, 0.499, 37934
2091, 0.4992, 37952
2092, 0.4991, 37970
2093, 0.4991, 37987
2094, 0.4991, 38005
2095, 0.4989, 38023
2096, 0.4988, 38041
2097, 0.4988, 38059
2098, 0.4987, 38077
2099, 0.4989, 38095
2100, 0.4989, 38114
2101, 0.499, 38132
2102, 0.4991, 38150
2103, 0.4989, 38169
2104, 0.4987, 38186
2105, 0.4988, 38205
2106, 0.4989, 38223
2107, 0.4991, 38241
2108, 0.4993, 38260
2109, 0.4992, 38278
2110, 0.4996, 38296
2111, 0.4997, 38314
2112, 0.4998, 38332
2113, 0.4999, 38350
2114, 0.5002, 38368
2115, 0.5003, 38386
2116, 0.5005, 38404
2117, 0.5005, 38422
2118, 0.5008, 38440
2119, 0.5005, 38458
2120, 0.5006, 38476
2121, 0.5007, 38494
2122, 0.5008, 38512
2123, 0.5011, 38530
2124, 0.5012, 38548
2125, 0.5013, 38566
2126, 0.5013, 38584
2127, 0.5014, 38603
2128, 0.5016, 38621
2129, 0.5014, 38639
2130, 0.5015, 38657
2131, 0.5014, 38675
2132, 0.5015, 38693
2133, 0.5018, 38711
2134, 0.502, 38729
2135, 0.502, 38747
2136, 0.5021, 38765
2137, 0.5023, 38783
2138, 0.5022, 38801
2139, 0.5026, 38820
2140, 0.5028, 38838
2141, 0.5028, 38856
2142, 0.5031, 38873
2143, 0.5031, 38891
2144, 0.5031, 38909
2145, 0.5032, 38928
2146, 0.5033, 38946
2147, 0.5034, 38963
2148, 0.5035, 38981
2149, 0.5034, 38999
2150, 0.5033, 39018
2151, 0.5035, 39036
2152, 0.5036, 39054
2153, 0.5039, 39072
2154, 0.5039, 39090
2155, 0.504, 39108
2156, 0.5042, 39126
2157, 0.5044, 39145
2158, 0.5043, 39163
2159, 0.5043, 39181
2160, 0.5043, 39199
2161, 0.5043, 39217
2162, 0.5043, 39235
2163, 0.5045, 39254
2164, 0.5045, 39272
2165, 0.5049, 39290
2166, 0.505, 39308
2167, 0.5049, 39326
2168, 0.5049, 39344
2169, 0.5049, 39362
2170, 0.5049, 39380
2171, 0.5048, 39398
2172, 0.505, 39416
2173, 0.505, 39434
2174, 0.505, 39452
2175, 0.5053, 39470
2176, 0.5054, 39488
2177, 0.5054, 39507
2178, 0.5056, 39525
2179, 0.5055, 39543
2180, 0.5055, 39561
2181, 0.5058, 39580
2182, 0.506, 39597
2183, 0.506, 39615
2184, 0.506, 39633
2185, 0.506, 39652
2186, 0.5061, 39669
2187, 0.5061, 39687
2188, 0.5063, 39705
2189, 0.5064, 39723
2190, 0.5064, 39741
2191, 0.5066, 39759
2192, 0.5067, 39777
2193, 0.5071, 39795
2194, 0.5071, 39814
2195, 0.5074, 39832
2196, 0.5077, 39850
2197, 0.5079, 39868
2198, 0.508, 39886
2199, 0.5079, 39905
2200, 0.508, 39923
2201, 0.508, 39941
2202, 0.5078, 39960
2203, 0.5078, 39978
2204, 0.5079, 39996
2205, 0.5077, 40014
2206, 0.5077, 40032
2207, 0.5076, 40050
2208, 0.5078, 40069
2209, 0.5078, 40087
2210, 0.5079, 40105
2211, 0.508, 40122
2212, 0.5081, 40140
2213, 0.5084, 40158
2214, 0.5083, 40176
2215, 0.5083, 40194
2216, 0.5084, 40212
2217, 0.5087, 40230
2218, 0.5086, 40249
2219, 0.5085, 40266
2220, 0.5086, 40285
2221, 0.5089, 40303
2222, 0.5089, 40321
2223, 0.5089, 40339
2224, 0.5089, 40357
2225, 0.5091, 40375
2226, 0.5091, 40393
2227, 0.5091, 40411
2228, 0.5092, 40429
2229, 0.5091, 40447
2230, 0.5087, 40465
2231, 0.5089, 40484
2232, 0.5091, 40502
2233, 0.5092, 40520
2234, 0.5092, 40538
2235, 0.5092, 40556
2236, 0.5093, 40574
2237, 0.5091, 40592
2238, 0.5089, 40611
2239, 0.5092, 40628
2240, 0.5093, 40646
2241, 0.5094, 40664
2242, 0.5093, 40682
2243, 0.5094, 40701
2244, 0.5096, 40719
2245, 0.5096, 40737
2246, 0.5098, 40755
2247, 0.5098, 40773
2248, 0.51, 40791
2249, 0.5099, 40809
2250, 0.5101, 40827
2251, 0.5102, 40845
2252, 0.5102, 40864
2253, 0.5101, 40882
2254, 0.5103, 40900
2255, 0.5105, 40917
2256, 0.5105, 40935
2257, 0.5107, 40954
2258, 0.5108, 40971
2259, 0.5108, 40989
2260, 0.5106, 41007
2261, 0.5108, 41025
2262, 0.5109, 41044
2263, 0.511, 41062
2264, 0.5112, 41080
2265, 0.5112, 41098
2266, 0.5114, 41116
2267, 0.5115, 41134
2268, 0.5114, 41152
2269, 0.5115, 41170
2270, 0.5116, 41187
2271, 0.5116, 41205
2272, 0.5119, 41224
2273, 0.512, 41242
2274, 0.5123, 41260
2275, 0.5122, 41278
2276, 0.5122, 41296
2277, 0.5122, 41314
2278, 0.5124, 41332
2279, 0.5124, 41350
2280, 0.5127, 41368
2281, 0.5127, 41386
2282, 0.5127, 41404
2283, 0.5129, 41422
2284, 0.5133, 41440
2285, 0.5131, 41458
2286, 0.5131, 41476
2287, 0.5133, 41495
2288, 0.5133, 41513
2289, 0.5133, 41531
2290, 0.5133, 41549
2291, 0.5131, 41567
2292, 0.5132, 41585
2293, 0.5135, 41603
2294, 0.5133, 41620
2295, 0.513, 41639
2296, 0.5133, 41657
2297, 0.5134, 41675
2298, 0.5136, 41693
2299, 0.5137, 41711
2300, 0.5138, 41729
2301, 0.5135, 41747
2302, 0.5137, 41766
2303, 0.5138, 41784
2304, 0.5139, 41801
2305, 0.5138, 41820
2306, 0.5139, 41837
2307, 0.5139, 41855
2308, 0.514, 41874
2309, 0.5139, 41892
2310, 0.514, 41910
2311, 0.514, 41928
2312, 0.5139, 41946
2313, 0.5139, 41964
2314, 0.514, 41982
2315, 0.5141, 42000
2316, 0.5142, 42017
2317, 0.5145, 42036
2318, 0.5145, 42055
2319, 0.5147, 42075
2320, 0.5149, 42093
2321, 0.5148, 42112
2322, 0.515, 42129
2323, 0.515, 42147
2324, 0.515, 42166
2325, 0.5151, 42184
2326, 0.5149, 42202
2327, 0.5149, 42220
2328, 0.515, 42238
2329, 0.5152, 42256
2330, 0.5152, 42274
2331, 0.5152, 42292
2332, 0.5153, 42310
2333, 0.5154, 42329
2334, 0.5154, 42347
2335, 0.5155, 42365
2336, 0.5155, 42383
2337, 0.5157, 42401
2338, 0.5156, 42419
2339, 0.5157, 42438
2340, 0.516, 42456
2341, 0.5161, 42474
2342, 0.5162, 42492
2343, 0.5166, 42510
2344, 0.5167, 42528
2345, 0.5168, 42546
2346, 0.5168, 42564
2347, 0.5168, 42581
2348, 0.5169, 42600
2349, 0.5171, 42618
2350, 0.517, 42636
2351, 0.5173, 42654
2352, 0.5176, 42673
2353, 0.5175, 42691
2354, 0.5175, 42709
2355, 0.5175, 42727
2356, 0.5175, 42745
2357, 0.5174, 42763
2358, 0.5175, 42781
2359, 0.5175, 42798
2360, 0.5177, 42816
2361, 0.5178, 42835
2362, 0.518, 42853
2363, 0.5183, 42871
2364, 0.5184, 42889
2365, 0.5185, 42907
2366, 0.5187, 42925
2367, 0.5187, 42942
2368, 0.5187, 42961
2369, 0.5188, 42979
2370, 0.5186, 42997
2371, 0.5187, 43015
2372, 0.5189, 43033
2373, 0.5191, 43051
2374, 0.5192, 43069
2375, 0.5193, 43087
2376, 0.5197, 43105
2377, 0.5197, 43123
2378, 0.5197, 43141
2379, 0.5199, 43159
2380, 0.5196, 43177
2381, 0.5198, 43195
2382, 0.5199, 43212
2383, 0.5197, 43230
2384, 0.5196, 43249
2385, 0.5198, 43267
2386, 0.52, 43285
2387, 0.5204, 43303
2388, 0.5204, 43321
2389, 0.5205, 43340
2390, 0.5204, 43358
2391, 0.5205, 43376
2392, 0.5206, 43394
2393, 0.5205, 43412
2394, 0.5205, 43430
2395, 0.5206, 43448
2396, 0.5207, 43467
2397, 0.5209, 43485
2398, 0.5209, 43503
2399, 0.5209, 43522
2400, 0.521, 43540
2401, 0.5212, 43558
2402, 0.5212, 43577
2403, 0.5211, 43595
2404, 0.521, 43613
2405, 0.5207, 43632
2406, 0.5209, 43650
2407, 0.521, 43668
2408, 0.521, 43686
2409, 0.5212, 43705
2410, 0.5212, 43723
2411, 0.5212, 43741
2412, 0.5212, 43759
2413, 0.5214, 43778
2414, 0.5215, 43796
2415, 0.5213, 43814
2416, 0.5213, 43832
2417, 0.5213, 43850
2418, 0.5215, 43868
2419, 0.5213, 43886
2420, 0.5213, 43904
2421, 0.5213, 43923
2422, 0.5213, 43941
2423, 0.5215, 43959
2424, 0.5215, 43977
2425, 0.5215, 43995
2426, 0.5216, 44013
2427, 0.5218, 44031
2428, 0.5217, 44050
2429, 0.5217, 44068
2430, 0.5219, 44086
2431, 0.5218, 44104
2432, 0.522, 44121
2433, 0.5221, 44140
2434, 0.5223, 44158
2435, 0.5223, 44176
2436, 0.5223, 44194
2437, 0.5223, 44212
2438, 0.5224, 44230
2439, 0.5224, 44248
2440, 0.5224, 44266
2441, 0.5224, 44284
2442, 0.5222, 44302
2443, 0.5224, 44320
2444, 0.5226, 44338
2445, 0.5226, 44356
2446, 0.5228, 44374
2447, 0.5228, 44392
2448, 0.5227, 44409
2449, 0.5228, 44427
2450, 0.5228, 44445
2451, 0.5228, 44464
2452, 0.5227, 44482
2453, 0.5228, 44500
2454, 0.5229, 44518
2455, 0.5229, 44536
2456, 0.5229, 44554
2457, 0.5226, 44572
2458, 0.5227, 44590
2459, 0.5226, 44607
2460, 0.5229, 44625
2461, 0.523, 44643
2462, 0.5232, 44661
2463, 0.523, 44679
2464, 0.5231, 44698
2465, 0.5227, 44716
2466, 0.5228, 44734
2467, 0.5231, 44752
2468, 0.5232, 44770
2469, 0.5232, 44788
2470, 0.5232, 44806
2471, 0.5234, 44824
2472, 0.5235, 44842
2473, 0.5234, 44861
2474, 0.5236, 44879
2475, 0.5237, 44897
2476, 0.5239, 44915
2477, 0.5239, 44933
2478, 0.5242, 44952
2479, 0.5242, 44970
2480, 0.5244, 44988
2481, 0.5243, 45006
2482, 0.5243, 45024
2483, 0.5243, 45042
2484, 0.5242, 45060
2485, 0.5242, 45078
2486, 0.5244, 45096
2487, 0.5245, 45115
2488, 0.5245, 45133
2489, 0.5245, 45150
2490, 0.5246, 45168
2491, 0.5249, 45187
2492, 0.5253, 45205
2493, 0.5253, 45223
2494, 0.5254, 45241
2495, 0.5253, 45259
2496, 0.5254, 45277
2497, 0.5255, 45295
2498, 0.5255, 45313
2499, 0.5256, 45332
2500, 0.5258, 45350
2501, 0.5258, 45368
2502, 0.5261, 45386
2503, 0.526, 45404
2504, 0.5261, 45422
2505, 0.5263, 45440
2506, 0.5263, 45458
2507, 0.5267, 45476
2508, 0.5267, 45494
2509, 0.5267, 45512
2510, 0.5265, 45530
2511, 0.5266, 45548
2512, 0.5269, 45566
2513, 0.527, 45584
2514, 0.5272, 45602
2515, 0.5275, 45620
2516, 0.528, 45638
2517, 0.5283, 45656
2518, 0.5283, 45674
2519, 0.5284, 45692
2520, 0.5284, 45710
2521, 0.5285, 45729
2522, 0.5284, 45747
2523, 0.5285, 45765
2524, 0.5289, 45783
2525, 0.5288, 45801
2526, 0.5288, 45819
2527, 0.529, 45837
2528, 0.5293, 45856
2529, 0.5293, 45874
2530, 0.5294, 45891
2531, 0.5294, 45910
2532, 0.5293, 45928
2533, 0.5292, 45946
2534, 0.5293, 45964
2535, 0.5294, 45983
2536, 0.5295, 46001
2537, 0.5295, 46019
2538, 0.5296, 46036
2539, 0.5297, 46054
2540, 0.5296, 46072
2541, 0.5297, 46091
2542, 0.5297, 46109
2543, 0.5297, 46126
2544, 0.5299, 46144
2545, 0.5299, 46162
2546, 0.53, 46180
2547, 0.5301, 46198
2548, 0.5302, 46216
2549, 0.5303, 46234
2550, 0.5302, 46252
2551, 0.5303, 46270
2552, 0.5301, 46288
2553, 0.5305, 46306
2554, 0.5305, 46324
2555, 0.5304, 46342
2556, 0.5305, 46361
2557, 0.5307, 46379
2558, 0.5307, 46398
2559, 0.5309, 46416
2560, 0.5309, 46434
2561, 0.5311, 46452
2562, 0.5311, 46470
2563, 0.5312, 46488
2564, 0.5313, 46506
2565, 0.5314, 46525
2566, 0.5314, 46543
2567, 0.5314, 46561
2568, 0.5315, 46579
2569, 0.5316, 46597
2570, 0.5315, 46615
2571, 0.5315, 46632
2572, 0.5315, 46651
2573, 0.5316, 46669
2574, 0.5318, 46687
2575, 0.5317, 46705
2576, 0.5317, 46723
2577, 0.5318, 46741
2578, 0.5318, 46759
2579, 0.5318, 46777
2580, 0.5319, 46795
2581, 0.5319, 46813
2582, 0.5319, 46831
2583, 0.5319, 46849
2584, 0.532, 46867
2585, 0.5322, 46885
2586, 0.5321, 46903
2587, 0.5323, 46921
2588, 0.5322, 46939
2589, 0.5325, 46957
2590, 0.5323, 46975
2591, 0.5325, 46994
2592, 0.5323, 47012
2593, 0.5326, 47029
2594, 0.533, 47047
2595, 0.5331, 47065
2596, 0.533, 47083
2597, 0.5331, 47101
2598, 0.5334, 47119
2599, 0.5334, 47137
2600, 0.5333, 47155
2601, 0.5336, 47173
2602, 0.5336, 47191
2603, 0.5335, 47209
2604, 0.5335, 47227
2605, 0.5336, 47246
2606, 0.5339, 47264
2607, 0.534, 47282
2608, 0.5337, 47300
2609, 0.5337, 47318
2610, 0.5337, 47336
2611, 0.534, 47354
2612, 0.5341, 47372
2613, 0.5341, 47390
2614, 0.5344, 47408
2615, 0.5344, 47426
2616, 0.5345, 47444
2617, 0.5345, 47462
2618, 0.5345, 47480
2619, 0.5345, 47498
2620, 0.5346, 47517
2621, 0.5346, 47535
2622, 0.5347, 47553
2623, 0.5345, 47571
2624, 0.5347, 47589
2625, 0.5346, 47606
2626, 0.5346, 47624
2627, 0.5346, 47642
2628, 0.5345, 47660
2629, 0.5348, 47678
2630, 0.5347, 47697
2631, 0.5346, 47715
2632, 0.5345, 47733
2633, 0.5346, 47751
2634, 0.5346, 47769
2635, 0.5347, 47787
2636, 0.5346, 47805
2637, 0.5346, 47823
2638, 0.5346, 47841
2639, 0.5348, 47859
2640, 0.5349, 47877
2641, 0.5348, 47894
2642, 0.5349, 47912
2643, 0.5348, 47930
2644, 0.5349, 47948
2645, 0.5347, 47967
2646, 0.5348, 47984
2647, 0.5349, 48002
2648, 0.535, 48020
2649, 0.535, 48038
2650, 0.535, 48056
2651, 0.535, 48074
2652, 0.535, 48092
2653, 0.5352, 48110
2654, 0.5352, 48128
2655, 0.5353, 48146
2656, 0.5353, 48164
2657, 0.5353, 48182
2658, 0.5353, 48200
2659, 0.5355, 48218
2660, 0.5355, 48236
2661, 0.5355, 48254
2662, 0.5355, 48272
2663, 0.5357, 48290
2664, 0.5358, 48308
2665, 0.5358, 48326
2666, 0.5361, 48344
2667, 0.5362, 48362
2668, 0.5362, 48380
2669, 0.5362, 48398
2670, 0.5363, 48416
2671, 0.5363, 48434
2672, 0.5364, 48452
2673, 0.5366, 48470
2674, 0.5366, 48488
2675, 0.5367, 48506
2676, 0.5365, 48524
2677, 0.5367, 48542
2678, 0.5366, 48560
2679, 0.5368, 48578
2680, 0.5369, 48596
2681, 0.5369, 48614
2682, 0.5369, 48632
2683, 0.537, 48649
2684, 0.5373, 48667
2685, 0.5371, 48686
2686, 0.5371, 48704
2687, 0.5369, 48722
2688, 0.5369, 48740
2689, 0.5372, 48758
2690, 0.5372, 48776
2691, 0.5373, 48794
2692, 0.5374, 48812
2693, 0.5374, 48831
2694, 0.5373, 48848
2695, 0.5374, 48867
2696, 0.5376, 48885
2697, 0.5374, 48903
2698, 0.5375, 48921
2699, 0.5376, 48939
2700, 0.5376, 48957
2701, 0.5377, 48975
2702, 0.5374, 48993
2703, 0.5376, 49012
2704, 0.5375, 49030
2705, 0.5375, 49048
2706, 0.5378, 49066
2707, 0.5377, 49084
2708, 0.5377, 49103
2709, 0.5378, 49121
2710, 0.5378, 49139
2711, 0.5378, 49157
2712, 0.5379, 49175
2713, 0.5379, 49193
2714, 0.5379, 49211
2715, 0.5379, 49229
2716, 0.538, 49247
2717, 0.5382, 49264
2718, 0.5382, 49282
2719, 0.5386, 49301
2720, 0.5386, 49319
2721, 0.5386, 49337
2722, 0.5386, 49356
2723, 0.5384, 49373
2724, 0.5386, 49392
2725, 0.5385, 49410
2726, 0.5388, 49428
2727, 0.5388, 49446
2728, 0.5387, 49464
2729, 0.539, 49482
2730, 0.539, 49500
2731, 0.5389, 49518
2732, 0.5388, 49536
2733, 0.5387, 49554
2734, 0.5387, 49573
2735, 0.5388, 49591
2736, 0.539, 49609
2737, 0.5392, 49627
2738, 0.5391, 49645
2739, 0.5393, 49663
2740, 0.5396, 49681
2741, 0.5395, 49699
2742, 0.5396, 49717
2743, 0.5395, 49735
2744, 0.5396, 49754
2745, 0.5396, 49772
2746, 0.5397, 49790
2747, 0.5397, 49808
2748, 0.5397, 49826
2749, 0.54, 49844
2750, 0.5401, 49862
2751, 0.5403, 49880
2752, 0.5404, 49898
2753, 0.5406, 49916
2754, 0.5406, 49934
2755, 0.5404, 49952
2756, 0.5405, 49970
2757, 0.5405, 49988
2758, 0.5406, 50006
2759, 0.5407, 50024
2760, 0.5407, 50042
2761, 0.5408, 50060
2762, 0.541, 50078
2763, 0.541, 50096
2764, 0.541, 50115
2765, 0.541, 50133
2766, 0.5411, 50151
2767, 0.5412, 50169
2768, 0.5413, 50186
2769, 0.5414, 50204
2770, 0.5414, 50222
2771, 0.5415, 50240
2772, 0.5416, 50258
2773, 0.5416, 50276
2774, 0.5417, 50294
2775, 0.5418, 50312
2776, 0.5418, 50330
2777, 0.5418, 50348
2778, 0.5418, 50366
2779, 0.5419, 50384
2780, 0.5422, 50402
2781, 0.5423, 50420
2782, 0.5425, 50438
2783, 0.5427, 50456
2784, 0.5429, 50475
2785, 0.5433, 50493
2786, 0.5434, 50510
2787, 0.5432, 50528
2788, 0.5432, 50546
2789, 0.5432, 50564
2790, 0.5432, 50582
2791, 0.5433, 50600
2792, 0.5433, 50618
2793, 0.5433, 50637
2794, 0.5433, 50655
2795, 0.5435, 50673
2796, 0.5436, 50691
2797, 0.5435, 50709
2798, 0.5436, 50727
2799, 0.5436, 50745
2800, 0.5437, 50763
2801, 0.5435, 50781
2802, 0.5437, 50799
2803, 0.5438, 50817
2804, 0.5438, 50835
2805, 0.5439, 50853
2806, 0.544, 50871
2807, 0.5438, 50889
2808, 0.544, 50908
2809, 0.5442, 50926
2810, 0.5443, 50944
2811, 0.5443, 50962
2812, 0.5442, 50980
2813, 0.5444, 50998
2814, 0.5444, 51016
2815, 0.5445, 51033
2816, 0.5445, 51051
2817, 0.5442, 51070
2818, 0.5442, 51088
2819, 0.5442, 51106
2820, 0.5442, 51124
2821, 0.5442, 51142
2822, 0.5442, 51160
2823, 0.5442, 51177
2824, 0.5443, 51195
2825, 0.5447, 51213
2826, 0.5446, 51232
2827, 0.5446, 51250
2828, 0.5444, 51268
2829, 0.5446, 51286
2830, 0.5447, 51304
2831, 0.5448, 51322
2832, 0.5447, 51340
2833, 0.5448, 51358
2834, 0.5448, 51376
2835, 0.5448, 51394
2836, 0.5448, 51412
2837, 0.5448, 51430
2838, 0.5449, 51448
2839, 0.5449, 51466
2840, 0.545, 51484
2841, 0.5449, 51503
2842, 0.545, 51521
2843, 0.545, 51539
2844, 0.5449, 51557
2845, 0.5449, 51575
2846, 0.545, 51594
2847, 0.5451, 51612
2848, 0.5452, 51630
2849, 0.5452, 51648
2850, 0.5452, 51666
2851, 0.5453, 51684
2852, 0.5454, 51702
2853, 0.5453, 51720
2854, 0.5453, 51738
2855, 0.5452, 51756
2856, 0.5452, 51774
2857, 0.5452, 51792
2858, 0.5453, 51810
2859, 0.5451, 51828
2860, 0.545, 51847
2861, 0.5451, 51864
2862, 0.5451, 51883
2863, 0.5451, 51901
2864, 0.545, 51919
2865, 0.5452, 51937
2866, 0.5452, 51956
2867, 0.5453, 51973
2868, 0.5453, 51992
2869, 0.5453, 52010
2870, 0.5456, 52028
2871, 0.5456, 52047
2872, 0.5456, 52065
2873, 0.5456, 52083
2874, 0.5456, 52101
2875, 0.5457, 52119
2876, 0.5458, 52137
2877, 0.5459, 52156
2878, 0.5459, 52174
2879, 0.5463, 52192
2880, 0.5465, 52211
2881, 0.5465, 52229
2882, 0.5465, 52247
2883, 0.5465, 52265
2884, 0.5466, 52284
2885, 0.5467, 52302
2886, 0.5469, 52320
2887, 0.5471, 52338
2888, 0.5472, 52356
2889, 0.5472, 52374
2890, 0.5472, 52392
2891, 0.5472, 52410
2892, 0.5475, 52428
2893, 0.5476, 52446
2894, 0.5476, 52464
2895, 0.5476, 52483
2896, 0.5478, 52500
2897, 0.5477, 52519
2898, 0.5474, 52537
2899, 0.5476, 52555
2900, 0.5478, 52573
2901, 0.5479, 52591
2902, 0.5481, 52609
2903, 0.548, 52627
2904, 0.5482, 52645
2905, 0.5485, 52663
2906, 0.5487, 52681
2907, 0.5486, 52699
2908, 0.5487, 52717
2909, 0.5491, 52736
2910, 0.5493, 52753
2911, 0.5494, 52771
2912, 0.5494, 52790
2913, 0.5495, 52808
2914, 0.5493, 52826
2915, 0.5495, 52844
2916, 0.5496, 52862
2917, 0.5496, 52881
2918, 0.5495, 52899
2919, 0.5495, 52917
2920, 0.5495, 52935
2921, 0.5496, 52953
2922, 0.5496, 52972
2923, 0.5494, 52990
2924, 0.5496, 53008
2925, 0.5495, 53026
2926, 0.5496, 53045
2927, 0.5495, 53063
2928, 0.5496, 53081
2929, 0.5495, 53099
2930, 0.5498, 53117
2931, 0.5497, 53135
2932, 0.5499, 53154
2933, 0.55, 53172
2934, 0.5501, 53190
2935, 0.5502, 53208
2936, 0.55, 53226
2937, 0.5502, 53244
2938, 0.5502, 53262
2939, 0.5506, 53280
2940, 0.551, 53298
2941, 0.5509, 53316
2942, 0.551, 53334
2943, 0.5511, 53353
2944, 0.5513, 53371
2945, 0.5513, 53389
2946, 0.5513, 53407
2947, 0.5514, 53425
2948, 0.5514, 53444
2949, 0.5515, 53462
2950, 0.5514, 53480
2951, 0.5515, 53498
2952, 0.5515, 53516
2953, 0.5515, 53534
2954, 0.5516, 53552
2955, 0.5518, 53570
2956, 0.5518, 53589
2957, 0.5519, 53607
2958, 0.5518, 53625
2959, 0.5519, 53643
2960, 0.5519, 53661
2961, 0.552, 53679
2962, 0.5518, 53698
2963, 0.5519, 53715
2964, 0.552, 53733
2965, 0.552, 53751
2966, 0.552, 53769
2967, 0.5521, 53787
2968, 0.5524, 53805
2969, 0.552, 53824
2970, 0.5522, 53842
2971, 0.5523, 53860
2972, 0.5524, 53878
2973, 0.5525, 53896
2974, 0.5524, 53914
2975, 0.5524, 53932
2976, 0.5523, 53950
2977, 0.5522, 53968
2978, 0.5522, 53986
2979, 0.5525, 54004
2980, 0.5526, 54022
2981, 0.5527, 54040
2982, 0.5528, 54058
2983, 0.5529, 54076
2984, 0.5529, 54094
2985, 0.5529, 54112
2986, 0.553, 54130
2987, 0.5529, 54148
2988, 0.5529, 54166
2989, 0.553, 54183
2990, 0.553, 54202
2991, 0.5529, 54220
2992, 0.553, 54238
2993, 0.553, 54256
2994, 0.5532, 54274
2995, 0.5531, 54292
2996, 0.5532, 54310
2997, 0.5533, 54329
2998, 0.5535, 54347
2999, 0.5534, 54364
3000, 0.5536, 54382
3001, 0.5536, 54401
3002, 0.5535, 54419
3003, 0.5535, 54436
3004, 0.5534, 54454
3005, 0.5533, 54472
3006, 0.5533, 54490
3007, 0.5534, 54508
3008, 0.5534, 54526
3009, 0.5535, 54544
3010, 0.5535, 54562
3011, 0.5535, 54580
3012, 0.5536, 54599
3013, 0.5536, 54617
3014, 0.5537, 54635
3015, 0.5537, 54653
3016, 0.5539, 54671
3017, 0.554, 54689
3018, 0.554, 54707
3019, 0.5541, 54725
3020, 0.5539, 54743
3021, 0.5539, 54760
3022, 0.554, 54781
3023, 0.554, 54801
3024, 0.554, 54820
3025, 0.554, 54841
3026, 0.5538, 54860
3027, 0.5537, 54878
3028, 0.5538, 54896
3029, 0.5538, 54914
3030, 0.5538, 54932
3031, 0.5541, 54950
3032, 0.5541, 54968
3033, 0.554, 54986
3034, 0.554, 55004
3035, 0.554, 55022
3036, 0.5539, 55040
3037, 0.5539, 55058
3038, 0.5541, 55076
3039, 0.5542, 55094
3040, 0.5543, 55112
3041, 0.5545, 55130
3042, 0.5544, 55149
3043, 0.5545, 55166
3044, 0.5549, 55185
3045, 0.5548, 55202
3046, 0.555, 55221
3047, 0.555, 55239
3048, 0.555, 55257
3049, 0.5549, 55275
3050, 0.5549, 55292
3051, 0.5549, 55311
3052, 0.5549, 55329
3053, 0.5549, 55347
3054, 0.5549, 55365
3055, 0.5549, 55383
3056, 0.5548, 55402
3057, 0.5549, 55420
3058, 0.5549, 55438
3059, 0.5549, 55456
3060, 0.5548, 55474
3061, 0.5548, 55492
3062, 0.5549, 55509
3063, 0.555, 55528
3064, 0.5551, 55546
3065, 0.5551, 55564
3066, 0.5551, 55582
3067, 0.5552, 55600
3068, 0.5552, 55618
3069, 0.5552, 55636
3070, 0.5551, 55654
3071, 0.5552, 55672
3072, 0.5552, 55690
3073, 0.5553, 55708
3074, 0.5553, 55726
3075, 0.5553, 55744
3076, 0.5554, 55761
3077, 0.5553, 55779
3078, 0.5553, 55797
3079, 0.5554, 55815
3080, 0.5556, 55834
3081, 0.5557, 55852
3082, 0.5559, 55871
3083, 0.556, 55889
3084, 0.556, 55907
3085, 0.556, 55925
3086, 0.5559, 55943
3087, 0.556, 55961
3088, 0.5559, 55979
3089, 0.556, 55997
3090, 0.556, 56015
3091, 0.5562, 56033
3092, 0.5562, 56051
3093, 0.5563, 56069
3094, 0.5563, 56088
3095, 0.5564, 56106
3096, 0.5564, 56123
3097, 0.5565, 56142
3098, 0.5566, 56159
3099, 0.5566, 56178
3100, 0.5565, 56196
3101, 0.5566, 56214
3102, 0.5567, 56232
3103, 0.5567, 56250
3104, 0.5569, 56268
3105, 0.557, 56287
3106, 0.5568, 56305
3107, 0.5569, 56323
3108, 0.557, 56342
3109, 0.5573, 56360
3110, 0.5573, 56378
3111, 0.5572, 56396
3112, 0.557, 56414
3113, 0.5571, 56433
3114, 0.5571, 56451
3115, 0.5573, 56469
3116, 0.5575, 56487
3117, 0.5574, 56505
3118, 0.5573, 56523
3119, 0.5574, 56542
3120, 0.5574, 56560
3121, 0.5576, 56578
3122, 0.5574, 56597
3123, 0.5575, 56615
3124, 0.5573, 56634
3125, 0.5575, 56652
3126, 0.5574, 56670
3127, 0.5573, 56687
3128, 0.5571, 56706
3129, 0.5571, 56724
3130, 0.5571, 56742
3131, 0.5572, 56760
3132, 0.5571, 56778
3133, 0.5573, 56796
3134, 0.5573, 56815
3135, 0.5574, 56832
3136, 0.5576, 56851
3137, 0.5575, 56869
3138, 0.5573, 56887
3139, 0.5573, 56905
3140, 0.5574, 56923
3141, 0.557, 56941
3142, 0.5571, 56960
3143, 0.5572, 56978
3144, 0.5573, 56996
3145, 0.5573, 57014
3146, 0.5571, 57032
3147, 0.5573, 57050
3148, 0.5573, 57068
3149, 0.5572, 57086
3150, 0.5571, 57104
3151, 0.5572, 57122
3152, 0.5573, 57140
3153, 0.5572, 57159
3154, 0.5572, 57177
3155, 0.5572, 57195
3156, 0.5573, 57213
3157, 0.5572, 57231
3158, 0.5574, 57249
3159, 0.5575, 57267
3160, 0.5576, 57286
3161, 0.5576, 57304
3162, 0.5578, 57322
3163, 0.5578, 57340
3164, 0.5578, 57358
3165, 0.5578, 57377
3166, 0.558, 57394
3167, 0.5581, 57413
3168, 0.5582, 57431
3169, 0.5581, 57449
3170, 0.558, 57467
3171, 0.558, 57485
3172, 0.558, 57503
3173, 0.5581, 57522
3174, 0.558, 57540
3175, 0.558, 57558
3176, 0.5579, 57576
3177, 0.5582, 57593
3178, 0.5584, 57611
3179, 0.5584, 57629
3180, 0.5586, 57647
3181, 0.5589, 57665
3182, 0.5588, 57684
3183, 0.5588, 57702
3184, 0.559, 57720
3185, 0.559, 57738
3186, 0.5593, 57756
3187, 0.5594, 57775
3188, 0.5594, 57794
3189, 0.5596, 57812
3190, 0.5595, 57830
3191, 0.5596, 57848
3192, 0.5595, 57866
3193, 0.5596, 57884
3194, 0.5594, 57902
3195, 0.5594, 57921
3196, 0.5595, 57939
3197, 0.5594, 57957
3198, 0.5594, 57975
3199, 0.5594, 57993
3200, 0.5594, 58011
3201, 0.5595, 58029
3202, 0.5596, 58047
3203, 0.5597, 58065
3204, 0.5596, 58083
3205, 0.5598, 58101
3206, 0.5598, 58119
3207, 0.5599, 58137
3208, 0.5599, 58155
3209, 0.5601, 58173
3210, 0.5602, 58192
3211, 0.5603, 58210
3212, 0.5605, 58228
3213, 0.5604, 58246
3214, 0.5606, 58264
3215, 0.5605, 58282
3216, 0.5606, 58300
3217, 0.5607, 58318
3218, 0.5607, 58336
3219, 0.5607, 58354
3220, 0.5607, 58372
3221, 0.5607, 58390
3222, 0.5607, 58408
3223, 0.5607, 58426
3224, 0.5607, 58444
3225, 0.5606, 58462
3226, 0.5608, 58480
3227, 0.561, 58498
3228, 0.561, 58516
3229, 0.5612, 58534
3230, 0.5615, 58552
3231, 0.5614, 58570
3232, 0.5613, 58588
3233, 0.5614, 58607
3234, 0.5614, 58625
3235, 0.5613, 58643
3236, 0.5613, 58661
3237, 0.5612, 58680
3238, 0.5613, 58697
3239, 0.561, 58716
3240, 0.561, 58734
3241, 0.5612, 58752
3242, 0.5613, 58770
3243, 0.5612, 58788
3244, 0.5612, 58806
3245, 0.5612, 58824
3246, 0.5612, 58842
3247, 0.5613, 58860
3248, 0.5613, 58878
3249, 0.5613, 58896
3250, 0.5615, 58915
3251, 0.5613, 58932
3252, 0.5614, 58950
3253, 0.5615, 58968
3254, 0.5616, 58986
3255, 0.5617, 59005
3256, 0.5618, 59023
3257, 0.5619, 59041
3258, 0.562, 59059
3259, 0.562, 59078
3260, 0.5623, 59096
3261, 0.5622, 59114
3262, 0.5623, 59132
3263, 0.5623, 59150
3264, 0.5624, 59168
3265, 0.5623, 59186
3266, 0.5623, 59204
3267, 0.5624, 59222
3268, 0.5624, 59241
3269, 0.5623, 59259
3270, 0.5623, 59277
3271, 0.5622, 59294
3272, 0.5622, 59313
3273, 0.562, 59331
3274, 0.562, 59349
3275, 0.5623, 59367
3276, 0.5625, 59385
3277, 0.5625, 59403
3278, 0.5628, 59421
3279, 0.5628, 59439
3280, 0.5629, 59457
3281, 0.5629, 59475
3282, 0.5632, 59493
3283, 0.5633, 59511
3284, 0.563, 59529
3285, 0.563, 59547
3286, 0.5629, 59565
3287, 0.563, 59583
3288, 0.563, 59602
3289, 0.5632, 59620
3290, 0.5628, 59638
3291, 0.5629, 59656
3292, 0.5628, 59674
3293, 0.5629, 59693
3294, 0.5631, 59711
3295, 0.5631, 59729
3296, 0.5634, 59746
3297, 0.5634, 59764
3298, 0.5635, 59783
3299, 0.5635, 59801
3300, 0.5635, 59819
3301, 0.5636, 59837
3302, 0.5636, 59855
3303, 0.5638, 59873
3304, 0.564, 59891
3305, 0.5641, 59909
3306, 0.5641, 59927
3307, 0.5639, 59945
3308, 0.5639, 59963
3309, 0.5638, 59981
3310, 0.5639, 59998
3311, 0.564, 60017
3312, 0.564, 60035
3313, 0.5641, 60053
3314, 0.5642, 60071
3315, 0.5642, 60089
3316, 0.5643, 60107
3317, 0.5643, 60125
3318, 0.5642, 60143
3319, 0.5643, 60161
3320, 0.5643, 60178
3321, 0.5643, 60196
3322, 0.5645, 60214
3323, 0.5647, 60233
3324, 0.5645, 60251
3325, 0.5646, 60269
3326, 0.5647, 60287
3327, 0.5646, 60305
3328, 0.5647, 60323
3329, 0.5648, 60341
3330, 0.5651, 60359
3331, 0.5652, 60377
3332, 0.5653, 60395
3333, 0.5653, 60413
3334, 0.5654, 60431
3335, 0.5653, 60449
3336, 0.5654, 60467
3337, 0.5655, 60485
3338, 0.5655, 60503
3339, 0.5657, 60521
3340, 0.5657, 60538
3341, 0.5661, 60556
3342, 0.566, 60575
3343, 0.5662, 60593
3344, 0.5662, 60611
3345, 0.5664, 60629
3346, 0.5665, 60647
3347, 0.5666, 60665
3348, 0.5667, 60683
3349, 0.5668, 60701
3350, 0.5667, 60719
3351, 0.5666, 60737
3352, 0.5667, 60755
3353, 0.5668, 60773
3354, 0.5668, 60791
3355, 0.5667, 60810
3356, 0.5667, 60828
3357, 0.5669, 60846
3358, 0.5668, 60864
3359, 0.5669, 60883
3360, 0.567, 60901
3361, 0.567, 60919
3362, 0.5673, 60938
3363, 0.5674, 60955
3364, 0.5678, 60973
3365, 0.5677, 60992
3366, 0.5677, 61010
3367, 0.5677, 61028
3368, 0.5678, 61046
3369, 0.5678, 61064
3370, 0.5679, 61082
3371, 0.5678, 61100
3372, 0.568, 61118
3373, 0.5682, 61136
3374, 0.5682, 61155
3375, 0.5682, 61173
3376, 0.5682, 61191
3377, 0.5684, 61209
3378, 0.5683, 61227
3379, 0.5684, 61245
3380, 0.5684, 61263
3381, 0.5683, 61281
3382, 0.5683, 61299
3383, 0.5685, 61317
3384, 0.5683, 61336
3385, 0.5685, 61354
3386, 0.5684, 61372
3387, 0.5685, 61391
3388, 0.5684, 61409
3389, 0.5686, 61427
3390, 0.5685, 61445
3391, 0.5686, 61463
3392, 0.5688, 61481
3393, 0.5686, 61499
3394, 0.5685, 61517
3395, 0.5688, 61535
3396, 0.5689, 61553
3397, 0.5691, 61571
3398, 0.5691, 61589
3399, 0.569, 61607
3400, 0.5691, 61625
3401, 0.569, 61643
3402, 0.5691, 61662
3403, 0.5692, 61680
3404, 0.5692, 61698
3405, 0.5691, 61716
3406, 0.5692, 61734
3407, 0.5689, 61752
3408, 0.569, 61771
3409, 0.5688, 61789
3410, 0.5688, 61807
3411, 0.5686, 61825
3412, 0.5685, 61843
3413, 0.5687, 61861
3414, 0.5687, 61879
3415, 0.5689, 61897
3416, 0.5686, 61916
3417, 0.5686, 61934
3418, 0.5687, 61952
3419, 0.5686, 61971
3420, 0.5684, 61989
3421, 0.5685, 62007
3422, 0.5686, 62025
3423, 0.5689, 62043
3424, 0.5689, 62061
3425, 0.5692, 62080
3426, 0.5691, 62098
3427, 0.5692, 62117
3428, 0.5691, 62134
3429, 0.5691, 62153
3430, 0.5691, 62171
3431, 0.5693, 62189
3432, 0.5691, 62207
3433, 0.5694, 62225
3434, 0.5693, 62243
3435, 0.5694, 62261
3436, 0.5695, 62279
3437, 0.5696, 62298
3438, 0.5696, 62316
3439, 0.5695, 62334
3440, 0.5695, 62352
3441, 0.5696, 62370
3442, 0.5695, 62388
3443, 0.5692, 62406
3444, 0.5692, 62424
3445, 0.5694, 62443
3446, 0.5698, 62460
3447, 0.5698, 62479
3448, 0.5699, 62497
3449, 0.5699, 62515
3450, 0.57, 62533
3451, 0.5699, 62552
3452, 0.57, 62569
3453, 0.5698, 62588
3454, 0.5699, 62606
3455, 0.5699, 62624
3456, 0.57, 62642
3457, 0.57, 62660
3458, 0.57, 62678
3459, 0.5701, 62696
3460, 0.5701, 62714
3461, 0.5703, 62732
3462, 0.5704, 62750
3463, 0.5705, 62769
3464, 0.5705, 62787
3465, 0.5705, 62805
3466, 0.5705, 62823
3467, 0.5704, 62841
3468, 0.5704, 62859
3469, 0.5704, 62877
3470, 0.5703, 62896
3471, 0.5704, 62914
3472, 0.5704, 62932
3473, 0.5704, 62950
3474, 0.5705, 62967
3475, 0.5705, 62986
3476, 0.5704, 63007
3477, 0.5705, 63026
3478, 0.5705, 63044
3479, 0.5705, 63065
3480, 0.5705, 63084
3481, 0.5705, 63102
3482, 0.5706, 63123
3483, 0.5707, 63141
3484, 0.5706, 63160
3485, 0.5707, 63178
3486, 0.5708, 63198
3487, 0.5708, 63217
3488, 0.5709, 63235
3489, 0.5709, 63253
3490, 0.5709, 63271
3491, 0.5709, 63289
3492, 0.5708, 63308
3493, 0.5708, 63326
3494, 0.5709, 63344
3495, 0.5709, 63363
3496, 0.5708, 63381
3497, 0.5707, 63401
3498, 0.5707, 63421
3499, 0.5709, 63439
3500, 0.5709, 63457
3501, 0.571, 63476
3502, 0.5712, 63494
3503, 0.5712, 63513
3504, 0.5713, 63531
3505, 0.5714, 63550
3506, 0.5714, 63568
3507, 0.5715, 63586
3508, 0.5717, 63604
3509, 0.5719, 63622
3510, 0.572, 63640
3511, 0.5721, 63658
3512, 0.5721, 63676
3513, 0.5722, 63695
3514, 0.5724, 63713
3515, 0.5727, 63731
3516, 0.5726, 63750
3517, 0.5726, 63768
3518, 0.5726, 63786
3519, 0.5727, 63804
3520, 0.5726, 63822
3521, 0.5727, 63840
3522, 0.5728, 63858
3523, 0.5728, 63877
3524, 0.5727, 63895
3525, 0.5728, 63913
3526, 0.5727, 63931
3527, 0.5727, 63950
3528, 0.5727, 63968
3529, 0.5727, 63986
3530, 0.5729, 64005
3531, 0.5729, 64023
3532, 0.5729, 64041
3533, 0.5729, 64060
3534, 0.5729, 64078
3535, 0.573, 64096
3536, 0.5728, 64115
3537, 0.5729, 64133
3538, 0.573, 64151
3539, 0.5732, 64169
3540, 0.5733, 64187
3541, 0.5734, 64206
3542, 0.5734, 64226
3543, 0.5734, 64246
3544, 0.5736, 64265
3545, 0.5737, 64284
3546, 0.5738, 64303
3547, 0.5739, 64321
3548, 0.574, 64339
3549, 0.5743, 64358
3550, 0.5743, 64377
3551, 0.5744, 64396
3552, 0.5745, 64415
3553, 0.5747, 64434
3554, 0.5748, 64453
3555, 0.5748, 64472
3556, 0.5749, 64490
3557, 0.5751, 64510
3558, 0.5752, 64529
3559, 0.5752, 64548
3560, 0.5752, 64566
3561, 0.5754, 64585
3562, 0.5754, 64605
3563, 0.5753, 64624
3564, 0.5753, 64642
3565, 0.5752, 64661
3566, 0.5753, 64680
3567, 0.5756, 64698
3568, 0.5756, 64716
3569, 0.5755, 64735
3570, 0.5755, 64753
3571, 0.5756, 64771
3572, 0.5756, 64789
3573, 0.5755, 64808
3574, 0.5756, 64826
3575, 0.5756, 64844
3576, 0.5757, 64862
3577, 0.5757, 64881
3578, 0.5757, 64899
3579, 0.5758, 64917
3580, 0.5758, 64935
3581, 0.5758, 64953
3582, 0.5759, 64971
3583, 0.5757, 64989
3584, 0.5757, 65008
3585, 0.5759, 65026
3586, 0.5759, 65044
3587, 0.5759, 65062
3588, 0.5759, 65081
3589, 0.576, 65099
3590, 0.576, 65117
3591, 0.576, 65135
3592, 0.5759, 65154
3593, 0.576, 65171
3594, 0.5758, 65190
3595, 0.5759, 65208
3596, 0.5759, 65226
3597, 0.5762, 65245
3598, 0.5762, 65263
3599, 0.5761, 65281
3600, 0.5762, 65299
3601, 0.5764, 65317
3602, 0.5764, 65335
3603, 0.5764, 65353
3604, 0.5765, 65371
3605, 0.5764, 65389
3606, 0.5765, 65408
3607, 0.5765, 65425
3608, 0.5767, 65443
3609, 0.5767, 65461
3610, 0.5765, 65479
3611, 0.5767, 65497
3612, 0.5767, 65516
3613, 0.5768, 65534
3614, 0.5768, 65552
3615, 0.5769, 65570
3616, 0.577, 65589
3617, 0.5771, 65607
3618, 0.5773, 65625
3619, 0.5772, 65643
3620, 0.5772, 65662
3621, 0.5773, 65680
3622, 0.5774, 65698
3623, 0.5774, 65717
3624, 0.5773, 65735
3625, 0.5773, 65753
3626, 0.5773, 65771
3627, 0.5771, 65789
3628, 0.5771, 65806
3629, 0.5771, 65824
3630, 0.577, 65842
3631, 0.5773, 65860
3632, 0.577, 65878
3633, 0.5772, 65896
3634, 0.5771, 65914
3635, 0.5773, 65933
3636, 0.5774, 65951
3637, 0.5774, 65969
3638, 0.5774, 65987
3639, 0.5773, 66005
3640, 0.5774, 66024
3641, 0.5775, 66042
3642, 0.5775, 66060
3643, 0.5775, 66078
3644, 0.5776, 66096
3645, 0.5775, 66115
3646, 0.5774, 66133
3647, 0.5775, 66151
3648, 0.5776, 66170
3649, 0.5774, 66188
3650, 0.5776, 66206
3651, 0.5777, 66224
3652, 0.5775, 66242
3653, 0.5778, 66260
3654, 0.5778, 66279
3655, 0.5778, 66297
3656, 0.5778, 66315
3657, 0.5778, 66333
3658, 0.5779, 66351
3659, 0.578, 66369
3660, 0.5781, 66386
3661, 0.5781, 66405
3662, 0.5782, 66423
3663, 0.5781, 66441
3664, 0.5784, 66458
3665, 0.5785, 66477
3666, 0.5785, 66495
3667, 0.5786, 66513
3668, 0.5784, 66531
3669, 0.5786, 66550
3670, 0.5785, 66568
3671, 0.5789, 66586
3672, 0.5789, 66604
3673, 0.5789, 66622
3674, 0.5788, 66640
3675, 0.5788, 66658
3676, 0.5786, 66677
3677, 0.5787, 66695
3678, 0.5787, 66713
3679, 0.5786, 66730
3680, 0.5786, 66748
3681, 0.5786, 66767
3682, 0.5786, 66785
3683, 0.5785, 66803
3684, 0.5785, 66821
3685, 0.5785, 66839
3686, 0.5785, 66857
3687, 0.5786, 66875
3688, 0.5787, 66893
3689, 0.5788, 66911
3690, 0.5788, 66929
3691, 0.5788, 66948
3692, 0.5788, 66966
3693, 0.5788, 66984
3694, 0.5788, 67002
3695, 0.5789, 67020
3696, 0.5788, 67039
3697, 0.579, 67057
3698, 0.579, 67075
3699, 0.5792, 67093
3700, 0.5792, 67111
3701, 0.5792, 67129
3702, 0.5793, 67148
3703, 0.5793, 67166
3704, 0.5793, 67184
3705, 0.5791, 67202
3706, 0.579, 67220
3707, 0.579, 67238
3708, 0.5791, 67256
3709, 0.579, 67274
3710, 0.5791, 67292
3711, 0.5792, 67310
3712, 0.5792, 67328
3713, 0.5792, 67346
3714, 0.5792, 67364
3715, 0.5792, 67382
3716, 0.5793, 67400
3717, 0.5794, 67418
3718, 0.5792, 67436
3719, 0.5791, 67454
3720, 0.5791, 67472
3721, 0.5792, 67490
3722, 0.5794, 67508
3723, 0.5795, 67526
3724, 0.5797, 67544
3725, 0.5798, 67562
3726, 0.5798, 67580
3727, 0.5799, 67599
3728, 0.5801, 67617
3729, 0.5801, 67635
3730, 0.5803, 67653
3731, 0.5802, 67671
3732, 0.5803, 67689
3733, 0.5802, 67707
3734, 0.5803, 67726
3735, 0.5801, 67744
3736, 0.5803, 67762
3737, 0.5801, 67780
3738, 0.5801, 67798
3739, 0.5799, 67816
3740, 0.5799, 67834
3741, 0.5798, 67852
3742, 0.5798, 67870
3743, 0.5797, 67888
3744, 0.5798, 67906
3745, 0.5797, 67924
3746, 0.5798, 67942
3747, 0.5798, 67961
3748, 0.5798, 67979
3749, 0.5799, 67997
3750, 0.5801, 68015
3751, 0.58, 68033
3752, 0.5801, 68051
3753, 0.58, 68069
3754, 0.58, 68087
3755, 0.5799, 68105
3756, 0.58, 68123
3757, 0.5799, 68142
3758, 0.5801, 68160
3759, 0.5802, 68178
3760, 0.5804, 68196
3761, 0.5803, 68214
3762, 0.5805, 68231
3763, 0.5805, 68250
3764, 0.5806, 68267
3765, 0.5804, 68285
3766, 0.5803, 68303
3767, 0.5801, 68322
3768, 0.5802, 68340
3769, 0.5801, 68359
3770, 0.5802, 68377
3771, 0.5802, 68395
3772, 0.5803, 68413
3773, 0.5802, 68431
3774, 0.5803, 68449
3775, 0.5802, 68467
3776, 0.5802, 68485
3777, 0.5802, 68503
3778, 0.5802, 68521
3779, 0.5802, 68539
3780, 0.5803, 68558
3781, 0.5804, 68576
3782, 0.5804, 68594
3783, 0.5805, 68613
3784, 0.5807, 68631
3785, 0.5807, 68649
3786, 0.5806, 68667
3787, 0.5805, 68686
3788, 0.5805, 68704
3789, 0.5805, 68722
3790, 0.5806, 68740
3791, 0.5806, 68758
3792, 0.5807, 68776
3793, 0.5806, 68794
3794, 0.5809, 68812
3795, 0.5808, 68830
3796, 0.5808, 68848
3797, 0.5808, 68866
3798, 0.5809, 68884
3799, 0.5809, 68902
3800, 0.5809, 68921
3801, 0.5808, 68938
3802, 0.5808, 68957
3803, 0.5808, 68975
3804, 0.5809, 68992
3805, 0.581, 69010
3806, 0.581, 69028
3807, 0.5812, 69046
3808, 0.5812, 69065
3809, 0.5811, 69083
3810, 0.5808, 69101
3811, 0.5807, 69119
3812, 0.5808, 69138
3813, 0.5808, 69156
3814, 0.5808, 69174
3815, 0.5809, 69192
3816, 0.5809, 69210
3817, 0.5809, 69228
3818, 0.5809, 69246
3819, 0.581, 69264
3820, 0.5809, 69282
3821, 0.5812, 69300
3822, 0.5811, 69319
3823, 0.5812, 69337
3824, 0.5812, 69356
3825, 0.5811, 69374
3826, 0.5812, 69393
3827, 0.5811, 69411
3828, 0.5813, 69429
3829, 0.5814, 69447
3830, 0.5814, 69465
3831, 0.5815, 69484
3832, 0.5816, 69502
3833, 0.5816, 69520
3834, 0.5818, 69538
3835, 0.5818, 69557
3836, 0.5818, 69575
3837, 0.582, 69593
3838, 0.5819, 69611
3839, 0.582, 69629
3840, 0.582, 69648
3841, 0.5821, 69666
3842, 0.5821, 69684
3843, 0.582, 69702
3844, 0.582, 69720
3845, 0.582, 69738
3846, 0.582, 69756
3847, 0.5823, 69774
3848, 0.5822, 69792
3849, 0.5823, 69810
3850, 0.5823, 69829
3851, 0.5822, 69846
3852, 0.5822, 69864
3853, 0.5823, 69882
3854, 0.5822, 69900
3855, 0.5824, 69918
3856, 0.5823, 69936
3857, 0.5827, 69955
3858, 0.5827, 69973
3859, 0.5827, 69991
3860, 0.5827, 70008
3861, 0.5827, 70026
3862, 0.5827, 70044
3863, 0.5828, 70063
3864, 0.5827, 70081
3865, 0.5828, 70099
3866, 0.5828, 70117
3867, 0.5825, 70135
3868, 0.5825, 70153
3869, 0.5825, 70171
3870, 0.5824, 70189
3871, 0.5823, 70206
3872, 0.5824, 70224
3873, 0.5824, 70243
3874, 0.5823, 70261
3875, 0.5823, 70279
3876, 0.5826, 70297
3877, 0.5827, 70315
3878, 0.5827, 70333
3879, 0.5829, 70351
3880, 0.5829, 70369
3881, 0.5829, 70387
3882, 0.583, 70405
3883, 0.583, 70424
3884, 0.5832, 70442
3885, 0.5832, 70460
3886, 0.5834, 70478
3887, 0.5833, 70496
3888, 0.5834, 70514
3889, 0.5833, 70532
3890, 0.5832, 70550
3891, 0.5833, 70569
3892, 0.5832, 70587
3893, 0.5833, 70605
3894, 0.5833, 70623
3895, 0.5833, 70641
3896, 0.5834, 70659
3897, 0.5833, 70677
3898, 0.5834, 70695
3899, 0.5834, 70713
3900, 0.5834, 70732
3901, 0.5831, 70750
3902, 0.5832, 70769
3903, 0.5831, 70787
3904, 0.5831, 70805
3905, 0.583, 70823
3906, 0.583, 70841
3907, 0.583, 70859
3908, 0.583, 70877
3909, 0.583, 70894
3910, 0.5831, 70912
3911, 0.5831, 70931
3912, 0.5831, 70949
3913, 0.5834, 70967
3914, 0.5834, 70985
3915, 0.5832, 71003
3916, 0.5834, 71021
3917, 0.5835, 71039
3918, 0.5835, 71058
3919, 0.5834, 71076
3920, 0.5834, 71094
3921, 0.5834, 71112
3922, 0.5835, 71131
3923, 0.5835, 71149
3924, 0.5835, 71167
3925, 0.5835, 71184
3926, 0.5836, 71203
3927, 0.5835, 71220
3928, 0.5838, 71238
3929, 0.5838, 71256
3930, 0.5839, 71274
3931, 0.5839, 71293
3932, 0.5839, 71311
3933, 0.584, 71329
3934, 0.584, 71347
3935, 0.5838, 71366
3936, 0.5841, 71384
3937, 0.584, 71402
3938, 0.5841, 71420
3939, 0.584, 71438
3940, 0.5841, 71455
3941, 0.5839, 71474
3942, 0.5838, 71492
3943, 0.5837, 71509
3944, 0.5836, 71527
3945, 0.5837, 71545
3946, 0.5836, 71563
3947, 0.5836, 71581
3948, 0.5837, 71599
3949, 0.5838, 71617
3950, 0.5836, 71636
3951, 0.5836, 71654
3952, 0.5836, 71672
3953, 0.5836, 71691
3954, 0.5836, 71709
3955, 0.5837, 71726
3956, 0.5836, 71744
3957, 0.5838, 71762
3958, 0.5838, 71780
3959, 0.5839, 71798
3960, 0.5839, 71816
3961, 0.5838, 71834
3962, 0.5838, 71852
3963, 0.5838, 71870
3964, 0.5838, 71888
3965, 0.5838, 71906
3966, 0.5838, 71924
3967, 0.5839, 71942
3968, 0.584, 71961
3969, 0.5839, 71979
3970, 0.584, 71997
3971, 0.5839, 72015
3972, 0.5839, 72034
3973, 0.584, 72052
3974, 0.584, 72070
3975, 0.5841, 72088
3976, 0.584, 72106
3977, 0.5841, 72124
3978, 0.5842, 72142
3979, 0.5841, 72160
3980, 0.5842, 72178
3981, 0.5841, 72197
3982, 0.584, 72215
3983, 0.5841, 72233
3984, 0.5842, 72251
3985, 0.5842, 72269
3986, 0.5841, 72287
3987, 0.5841, 72305
3988, 0.5841, 72323
3989, 0.5841, 72341
3990, 0.5843, 72359
3991, 0.5845, 72377
3992, 0.5846, 72396
3993, 0.5845, 72414
3994, 0.5845, 72432
3995, 0.5846, 72450
3996, 0.5847, 72468
3997, 0.5848, 72486
3998, 0.5848, 72504
3999, 0.5848, 72522
4000, 0.5849, 72540
4001, 0.585, 72559
4002, 0.5851, 72577
4003, 0.5851, 72594
4004, 0.5851, 72612
4005, 0.5851, 72631
4006, 0.5852, 72649
4007, 0.5852, 72667
4008, 0.5853, 72685
4009, 0.5853, 72703
4010, 0.5853, 72722
4011, 0.5853, 72740
4012, 0.5851, 72758
4013, 0.5852, 72776
4014, 0.5852, 72794
4015, 0.5852, 72813
4016, 0.5852, 72830
4017, 0.5853, 72849
4018, 0.5852, 72866
4019, 0.5852, 72885
4020, 0.5853, 72903
4021, 0.5853, 72921
4022, 0.5853, 72940
4023, 0.5853, 72958
4024, 0.5853, 72976
4025, 0.5853, 72994
4026, 0.5854, 73012
4027, 0.5853, 73030
4028, 0.5853, 73048
4029, 0.5855, 73066
4030, 0.5854, 73085
4031, 0.5854, 73103
4032, 0.5855, 73121
4033, 0.5853, 73139
4034, 0.5854, 73157
4035, 0.5853, 73176
4036, 0.5854, 73195
4037, 0.5852, 73215
4038, 0.5852, 73233
4039, 0.5852, 73252
4040, 0.5855, 73272
