1, 0.0776, 27
2, 0.0789, 45
3, 0.0807, 62
4, 0.0822, 79
5, 0.0848, 97
6, 0.0873, 115
7, 0.0885, 132
8, 0.0901, 150
9, 0.0932, 168
10, 0.0957, 185
11, 0.0965, 203
12, 0.0984, 220
13, 0.1012, 238
14, 0.1029, 256
15, 0.105, 274
16, 0.1081, 292
17, 0.1095, 309
18, 0.1104, 327
19, 0.1115, 345
20, 0.1129, 363
21, 0.1143, 380
22, 0.1152, 398
23, 0.116, 416
24, 0.1175, 434
25, 0.1179, 452
26, 0.1178, 469
27, 0.1183, 487
28, 0.1187, 505
29, 0.1191, 523
30, 0.1199, 541
31, 0.1209, 558
32, 0.1209, 577
33, 0.1214, 595
34, 0.1221, 613
35, 0.123, 631
36, 0.1228, 649
37, 0.123, 667
38, 0.123, 685
39, 0.1237, 703
40, 0.1242, 720
41, 0.125, 738
42, 0.1258, 756
43, 0.1265, 774
44, 0.1272, 791
45, 0.1275, 809
46, 0.1281, 827
47, 0.128, 844
48, 0.1281, 862
49, 0.1284, 880
50, 0.129, 898
51, 0.1295, 916
52, 0.1296, 933
53, 0.1299, 952
54, 0.13, 969
55, 0.1299, 987
56, 0.13, 1005
57, 0.1304, 1023
58, 0.1307, 1041
59, 0.1307, 1058
60, 0.1317, 1076
61, 0.1328, 1094
62, 0.1326, 1111
63, 0.1334, 1130
64, 0.1345, 1147
65, 0.1354, 1165
66, 0.1364, 1183
67, 0.1369, 1201
68, 0.1373, 1218
69, 0.1379, 1236
70, 0.1383, 1254
71, 0.1393, 1272
72, 0.1393, 1289
73, 0.1389, 1307
74, 0.1392, 1324
75, 0.1396, 1343
76, 0.1392, 1360
77, 0.1394, 1378
78, 0.1398, 1395
79, 0.1396, 1413
80, 0.14, 1431
81, 0.14, 1448
82, 0.14, 1466
83, 0.1399, 1484
84, 0.1408, 1502
85, 0.1413, 1520
86, 0.1406, 1538
87, 0.1402, 1556
88, 0.1396, 1574
89, 0.1397, 1592
90, 0.1403, 1609
91, 0.1404, 1627
92, 0.1413, 1644
93, 0.1436, 1662
94, 0.1446, 1680
95, 0.1453, 1697
96, 0.1451, 1715
97, 0.1447, 1733
98, 0.1447, 1750
99, 0.145, 1768
100, 0.1446, 1786
101, 0.1444, 1803
102, 0.1444, 1821
103, 0.1441, 1839
104, 0.1441, 1857
105, 0.1442, 1875
106, 0.144, 1892
107, 0.1439, 1910
108, 0.1442, 1928
109, 0.1441, 1945
110, 0.1448, 1963
111, 0.1451, 1981
112, 0.1447, 1998
113, 0.1437, 2016
114, 0.1447, 2033
115, 0.1443, 2051
116, 0.1443, 2069
117, 0.1443, 2087
118, 0.1445, 2104
119, 0.1452, 2122
120, 0.1464, 2140
121, 0.1473, 2158
122, 0.1473, 2176
123, 0.1478, 2193
124, 0.148, 2211
125, 0.1494, 2229
126, 0.1503, 2247
127, 0.1509, 2264
128, 0.1521, 2282
129, 0.1529, 2299
130, 0.1537, 2317
131, 0.1545, 2334
132, 0.1555, 2352
133, 0.1561, 2369
134, 0.1574, 2387
135, 0.1591, 2405
136, 0.1606, 2423
137, 0.1614, 2441
138, 0.1627, 2458
139, 0.1648, 2476
140, 0.1655, 2493
141, 0.1675, 2511
142, 0.1684, 2528
143, 0.1697, 2546
144, 0.1704, 2564
145, 0.1717, 2582
146, 0.1721, 2600
147, 0.1719, 2617
148, 0.1729, 2635
149, 0.1737, 2653
150, 0.1744, 2671
151, 0.1755, 2688
152, 0.1769, 2706
153, 0.177, 2724
154, 0.1776, 2742
155, 0.1779, 2760
156, 0.1796, 2778
157, 0.1795, 2795
158, 0.1802, 2813
159, 0.1805, 2830
160, 0.181, 2848
161, 0.1817, 2865
162, 0.1826, 2883
163, 0.183, 2901
164, 0.183, 2919
165, 0.1825, 2937
166, 0.1828, 2954
167, 0.1838, 2972
168, 0.1841, 2990
169, 0.1843, 3008
170, 0.1852, 3025
171, 0.1865, 3043
172, 0.1876, 3061
173, 0.1893, 3079
174, 0.1898, 3096
175, 0.191, 3114
176, 0.1914, 3132
177, 0.193, 3149
178, 0.1944, 3167
179, 0.1957, 3184
180, 0.1965, 3202
181, 0.1975, 3220
182, 0.198, 3238
183, 0.1991, 3255
184, 0.2002, 3273
185, 0.2016, 3291
186, 0.2035, 3308
187, 0.2055, 3326
188, 0.2065, 3343
189, 0.2074, 3361
190, 0.2091, 3379
191, 0.2113, 3397
192, 0.2143, 3414
193, 0.2167, 3432
194, 0.2185, 3450
195, 0.22, 3467
196, 0.2221, 3485
197, 0.2236, 3503
198, 0.2253, 3521
199, 0.2274, 3539
200, 0.2293, 3556
201, 0.2316, 3574
202, 0.2316, 3592
203, 0.232, 3610
204, 0.232, 3627
205, 0.233, 3645
206, 0.2327, 3663
207, 0.2334, 3680
208, 0.2339, 3698
209, 0.2338, 3716
210, 0.2345, 3733
211, 0.2362, 3751
212, 0.2372, 3769
213, 0.2373, 3787
214, 0.2381, 3805
215, 0.2383, 3823
216, 0.238, 3840
217, 0.2396, 3858
218, 0.2404, 3876
219, 0.2415, 3893
220, 0.243, 3911
221, 0.244, 3930
222, 0.2437, 3948
223, 0.2453, 3966
224, 0.2465, 3984
225, 0.2468, 4001
226, 0.2474, 4019
227, 0.2483, 4037
228, 0.249, 4054
229, 0.2501, 4072
230, 0.2501, 4090
231, 0.2507, 4108
232, 0.2512, 4126
233, 0.251, 4143
234, 0.2522, 4161
235, 0.254, 4179
236, 0.2555, 4196
237, 0.2572, 4214
238, 0.2575, 4232
239, 0.2581, 4250
240, 0.2597, 4267
241, 0.2602, 4285
242, 0.2602, 4303
243, 0.2614, 4321
244, 0.262, 4339
245, 0.2625, 4356
246, 0.2638, 4374
247, 0.2646, 4392
248, 0.2655, 4411
249, 0.2665, 4429
250, 0.2678, 4446
251, 0.2689, 4464
252, 0.2699, 4482
253, 0.2695, 4499
254, 0.271, 4517
255, 0.2717, 4535
256, 0.2726, 4552
257, 0.2735, 4570
258, 0.2747, 4588
259, 0.2758, 4606
260, 0.2766, 4624
261, 0.2783, 4641
262, 0.2795, 4659
263, 0.2809, 4677
264, 0.2814, 4695
265, 0.2823, 4712
266, 0.2833, 4731
267, 0.2841, 4748
268, 0.2843, 4767
269, 0.285, 4785
270, 0.2865, 4803
271, 0.2873, 4821
272, 0.288, 4839
273, 0.2884, 4857
274, 0.289, 4875
275, 0.2892, 4893
276, 0.2899, 4910
277, 0.2908, 4928
278, 0.2922, 4946
279, 0.2923, 4964
280, 0.293, 4981
281, 0.2946, 4999
282, 0.295, 5017
283, 0.2956, 5035
284, 0.2968, 5053
285, 0.2979, 5071
286, 0.2979, 5089
287, 0.2992, 5107
288, 0.2996, 5125
289, 0.2998, 5143
290, 0.2994, 5160
291, 0.3006, 5179
292, 0.3009, 5197
293, 0.302, 5214
294, 0.3021, 5232
295, 0.3035, 5249
296, 0.3049, 5267
297, 0.306, 5285
298, 0.3064, 5303
299, 0.3066, 5320
300, 0.307, 5338
301, 0.3079, 5356
302, 0.3078, 5374
303, 0.3082, 5392
304, 0.309, 5409
305, 0.3085, 5427
306, 0.3087, 5444
307, 0.3088, 5462
308, 0.31, 5480
309, 0.3103, 5497
310, 0.3104, 5515
311, 0.3107, 5533
312, 0.3113, 5550
313, 0.3115, 5568
314, 0.312, 5586
315, 0.3127, 5603
316, 0.3131, 5621
317, 0.3133, 5639
318, 0.3134, 5657
319, 0.3135, 5675
320, 0.3142, 5692
321, 0.3146, 5710
322, 0.3143, 5728
323, 0.3149, 5746
324, 0.3156, 5764
325, 0.3164, 5782
326, 0.3172, 5799
327, 0.3177, 5817
328, 0.318, 5835
329, 0.3184, 5852
330, 0.3185, 5870
331, 0.3195, 5888
332, 0.3202, 5906
333, 0.3205, 5924
334, 0.3209, 5941
335, 0.3215, 5959
336, 0.3225, 5977
337, 0.3225, 5994
338, 0.3238, 6012
339, 0.3248, 6030
340, 0.3257, 6048
341, 0.3265, 6066
342, 0.3271, 6084
343, 0.3286, 6102
344, 0.3288, 6119
345, 0.33, 6137
346, 0.3304, 6155
347, 0.3308, 6172
348, 0.3309, 6190
349, 0.3317, 6208
350, 0.3327, 6225
351, 0.3333, 6243
352, 0.3337, 6261
353, 0.3339, 6278
354, 0.3344, 6296
355, 0.3352, 6314
356, 0.3351, 6331
357, 0.3359, 6349
358, 0.3367, 6367
359, 0.337, 6385
360, 0.3373, 6402
361, 0.3376, 6420
362, 0.3386, 6437
363, 0.3386, 6455
364, 0.3385, 6472
365, 0.3382, 6490
366, 0.3381, 6508
367, 0.3385, 6526
368, 0.3385, 6543
369, 0.3388, 6561
370, 0.3389, 6579
371, 0.3389, 6597
372, 0.3392, 6615
373, 0.3399, 6632
374, 0.3393, 6650
375, 0.3398, 6668
376, 0.3399, 6686
377, 0.3397, 6703
378, 0.3406, 6721
379, 0.341, 6739
380, 0.342, 6756
381, 0.3421, 6774
382, 0.342, 6792
383, 0.3426, 6810
384, 0.343, 6828
385, 0.3431, 6845
386, 0.3441, 6863
387, 0.344, 6881
388, 0.3442, 6899
389, 0.3441, 6916
390, 0.3441, 6934
391, 0.3444, 6952
392, 0.3452, 6969
393, 0.3457, 6987
394, 0.3457, 7005
395, 0.3463, 7023
396, 0.3462, 7040
397, 0.3467, 7058
398, 0.3476, 7076
399, 0.3479, 7093
400, 0.3487, 7111
401, 0.3491, 7129
402, 0.3499, 7146
403, 0.3501, 7164
404, 0.3506, 7182
405, 0.3509, 7200
406, 0.351, 7217
407, 0.3516, 7235
408, 0.3518, 7252
409, 0.3528, 7270
410, 0.3533, 7288
411, 0.3538, 7306
412, 0.3535, 7324
413, 0.3539, 7342
414, 0.3538, 7360
415, 0.3535, 7377
416, 0.3541, 7396
417, 0.3548, 7413
418, 0.355, 7431
419, 0.3554, 7449
420, 0.3556, 7467
421, 0.3564, 7484
422, 0.3573, 7502
423, 0.3578, 7520
424, 0.3592, 7538
425, 0.3602, 7556
426, 0.3605, 7574
427, 0.3609, 7592
428, 0.3615, 7610
429, 0.3618, 7628
430, 0.3619, 7645
431, 0.3618, 7663
432, 0.3617, 7681
433, 0.362, 7698
434, 0.3623, 7716
435, 0.3628, 7734
436, 0.3636, 7752
437, 0.3633, 7770
438, 0.3637, 7788
439, 0.3642, 7805
440, 0.3644, 7823
441, 0.3649, 7841
442, 0.3657, 7859
443, 0.3657, 7876
444, 0.366, 7894
445, 0.3665, 7911
446, 0.3668, 7929
447, 0.3666, 7947
448, 0.3665, 7965
449, 0.3673, 7983
450, 0.3673, 8001
451, 0.3671, 8019
452, 0.3674, 8036
453, 0.3675, 8054
454, 0.3673, 8072
455, 0.3683, 8089
456, 0.3683, 8107
457, 0.3687, 8125
458, 0.3692, 8143
459, 0.3693, 8161
460, 0.3696, 8178
461, 0.3702, 8197
462, 0.3711, 8215
463, 0.3714, 8233
464, 0.3714, 8251
465, 0.3719, 8268
466, 0.3726, 8286
467, 0.3731, 8304
468, 0.3726, 8322
469, 0.3728, 8340
470, 0.3728, 8358
471, 0.3727, 8375
472, 0.3724, 8393
473, 0.3724, 8411
474, 0.3731, 8429
475, 0.3732, 8447
476, 0.3734, 8464
477, 0.3736, 8482
478, 0.3742, 8499
479, 0.3747, 8517
480, 0.3745, 8534
481, 0.3748, 8552
482, 0.3754, 8570
483, 0.3759, 8588
484, 0.3761, 8605
485, 0.3764, 8623
486, 0.377, 8641
487, 0.3769, 8659
488, 0.3771, 8677
489, 0.3773, 8695
490, 0.3779, 8712
491, 0.3789, 8730
492, 0.3797, 8748
493, 0.3797, 8766
494, 0.3801, 8783
495, 0.3806, 8801
496, 0.381, 8819
497, 0.3814, 8837
498, 0.3812, 8855
499, 0.3819, 8873
500, 0.3822, 8891
501, 0.3829, 8909
502, 0.3828, 8927
503, 0.3828, 8944
504, 0.3828, 8962
505, 0.383, 8980
506, 0.3832, 8997
507, 0.3839, 9015
508, 0.3844, 9033
509, 0.3852, 9051
510, 0.385, 9069
511, 0.3855, 9087
512, 0.386, 9104
513, 0.3868, 9122
514, 0.387, 9140
515, 0.3879, 9157
516, 0.3881, 9175
517, 0.3883, 9192
518, 0.3885, 9210
519, 0.3891, 9228
520, 0.3894, 9246
521, 0.3897, 9264
522, 0.3897, 9282
523, 0.39, 9299
524, 0.39, 9317
525, 0.3902, 9335
526, 0.3904, 9353
527, 0.3906, 9371
528, 0.3912, 9389
529, 0.3916, 9406
530, 0.3917, 9425
531, 0.3922, 9443
532, 0.3926, 9460
533, 0.3928, 9478
534, 0.3929, 9495
535, 0.3933, 9513
536, 0.3935, 9531
537, 0.3935, 9549
538, 0.3938, 9566
539, 0.3937, 9584
540, 0.3938, 9602
541, 0.394, 9620
542, 0.3943, 9638
543, 0.3946, 9656
544, 0.3956, 9673
545, 0.3955, 9691
546, 0.3963, 9709
547, 0.3967, 9726
548, 0.3973, 9744
549, 0.3972, 9762
550, 0.3972, 9779
551, 0.3978, 9797
552, 0.3979, 9815
553, 0.3984, 9833
554, 0.3989, 9850
555, 0.3988, 9868
556, 0.3985, 9886
557, 0.3987, 9903
558, 0.3986, 9921
559, 0.399, 9939
560, 0.3993, 9957
561, 0.3995, 9975
562, 0.4, 9993
563, 0.4002, 10010
564, 0.4003, 10028
565, 0.401, 10045
566, 0.4011, 10063
567, 0.4016, 10081
568, 0.402, 10099
569, 0.4022, 10116
570, 0.4022, 10134
571, 0.4025, 10152
572, 0.403, 10169
573, 0.4033, 10187
574, 0.4039, 10205
575, 0.4044, 10223
576, 0.4044, 10241
577, 0.4048, 10259
578, 0.405, 10277
579, 0.4051, 10295
580, 0.4059, 10313
581, 0.4065, 10331
582, 0.4069, 10349
583, 0.4072, 10367
584, 0.4071, 10384
585, 0.4074, 10402
586, 0.4078, 10420
587, 0.4082, 10438
588, 0.4086, 10455
589, 0.409, 10473
590, 0.4094, 10491
591, 0.4094, 10509
592, 0.4096, 10527
593, 0.4101, 10544
594, 0.4101, 10562
595, 0.411, 10580
596, 0.4114, 10598
597, 0.4111, 10616
598, 0.4116, 10634
599, 0.4117, 10652
600, 0.4119, 10669
601, 0.4116, 10687
602, 0.4119, 10704
603, 0.4117, 10722
604, 0.4121, 10740
605, 0.4125, 10758
606, 0.4127, 10776
607, 0.4131, 10794
608, 0.4135, 10811
609, 0.4142, 10829
610, 0.4149, 10847
611, 0.4154, 10864
612, 0.4149, 10882
613, 0.4158, 10900
614, 0.4155, 10918
615, 0.4158, 10936
616, 0.416, 10954
617, 0.4163, 10972
618, 0.4164, 10989
619, 0.4168, 11008
620, 0.4168, 11025
621, 0.417, 11043
622, 0.4175, 11060
623, 0.4176, 11078
624, 0.4179, 11096
625, 0.4182, 11114
626, 0.4181, 11132
627, 0.4181, 11149
628, 0.4185, 11167
629, 0.4188, 11185
630, 0.4191, 11202
631, 0.4193, 11220
632, 0.4196, 11238
633, 0.4195, 11255
634, 0.4197, 11273
635, 0.4205, 11291
636, 0.4201, 11309
637, 0.4201, 11327
638, 0.4204, 11344
639, 0.4204, 11362
640, 0.4204, 11380
641, 0.4206, 11398
642, 0.4205, 11416
643, 0.4207, 11434
644, 0.4206, 11451
645, 0.4205, 11469
646, 0.4204, 11487
647, 0.4206, 11505
648, 0.4206, 11522
649, 0.4206, 11540
650, 0.4207, 11557
651, 0.4211, 11575
652, 0.4212, 11593
653, 0.4218, 11611
654, 0.4219, 11629
655, 0.4223, 11647
656, 0.4222, 11664
657, 0.4224, 11682
658, 0.4227, 11700
659, 0.4226, 11718
660, 0.4227, 11736
661, 0.423, 11754
662, 0.4238, 11771
663, 0.424, 11789
664, 0.424, 11808
665, 0.424, 11826
666, 0.4245, 11843
667, 0.4246, 11861
668, 0.4246, 11879
669, 0.4248, 11896
670, 0.4247, 11914
671, 0.4255, 11932
672, 0.4258, 11950
673, 0.4263, 11968
674, 0.4264, 11985
675, 0.4264, 12003
676, 0.4263, 12021
677, 0.4269, 12038
678, 0.4265, 12056
679, 0.4272, 12074
680, 0.4275, 12092
681, 0.4275, 12110
682, 0.4278, 12127
683, 0.4283, 12144
684, 0.4288, 12162
685, 0.4287, 12180
686, 0.4294, 12197
687, 0.4293, 12215
688, 0.4298, 12233
689, 0.4304, 12251
690, 0.4305, 12269
691, 0.4303, 12286
692, 0.4307, 12304
693, 0.4303, 12322
694, 0.4305, 12340
695, 0.4304, 12358
696, 0.4307, 12375
697, 0.4307, 12393
698, 0.4314, 12411
699, 0.4316, 12429
700, 0.4314, 12447
701, 0.4318, 12464
702, 0.4322, 12482
703, 0.4318, 12500
704, 0.4314, 12518
705, 0.4319, 12536
706, 0.4317, 12554
707, 0.4319, 12572
708, 0.4316, 12589
709, 0.4316, 12607
710, 0.4319, 12625
711, 0.4322, 12642
712, 0.4322, 12660
713, 0.4325, 12678
714, 0.4325, 12695
715, 0.433, 12713
716, 0.4332, 12730
717, 0.4331, 12748
718, 0.4327, 12766
719, 0.433, 12783
720, 0.4331, 12801
721, 0.4334, 12819
722, 0.4338, 12837
723, 0.4339, 12854
724, 0.434, 12873
725, 0.434, 12891
726, 0.4343, 12910
727, 0.4345, 12928
728, 0.4348, 12946
729, 0.4354, 12965
730, 0.4356, 12982
731, 0.4354, 13000
732, 0.4358, 13018
733, 0.4358, 13036
734, 0.4359, 13054
735, 0.4362, 13072
736, 0.4367, 13090
737, 0.4368, 13108
738, 0.4369, 13126
739, 0.4367, 13144
740, 0.437, 13162
741, 0.4372, 13180
742, 0.4373, 13197
743, 0.4375, 13215
744, 0.4386, 13233
745, 0.4384, 13251
746, 0.4388, 13269
747, 0.4385, 13287
748, 0.439, 13305
749, 0.4393, 13323
750, 0.4389, 13340
751, 0.4395, 13358
752, 0.4395, 13376
753, 0.4396, 13394
754, 0.4397, 13412
755, 0.4399, 13430
756, 0.4402, 13447
757, 0.4406, 13465
758, 0.4406, 13483
759, 0.4407, 13501
760, 0.4411, 13519
761, 0.4412, 13537
762, 0.4417, 13555
763, 0.4418, 13573
764, 0.4422, 13590
765, 0.4422, 13608
766, 0.4427, 13626
767, 0.443, 13644
768, 0.4431, 13662
769, 0.4434, 13680
770, 0.4436, 13697
771, 0.444, 13715
772, 0.4441, 13733
773, 0.4446, 13750
774, 0.4445, 13768
775, 0.445, 13786
776, 0.4453, 13803
777, 0.4455, 13821
778, 0.4458, 13839
779, 0.4461, 13857
780, 0.4463, 13875
781, 0.4469, 13892
782, 0.4468, 13911
783, 0.4471, 13928
784, 0.4471, 13946
785, 0.4475, 13964
786, 0.4476, 13982
787, 0.4484, 14000
788, 0.4484, 14017
789, 0.4482, 14035
790, 0.4483, 14053
791, 0.4484, 14070
792, 0.4486, 14088
793, 0.4484, 14106
794, 0.4484, 14124
795, 0.4487, 14142
796, 0.449, 14159
797, 0.4495, 14177
798, 0.4497, 14195
799, 0.4497, 14212
800, 0.4499, 14230
801, 0.4499, 14247
802, 0.4501, 14265
803, 0.4504, 14283
804, 0.4507, 14300
805, 0.4505, 14318
806, 0.451, 14336
807, 0.4511, 14354
808, 0.4513, 14372
809, 0.4515, 14389
810, 0.452, 14408
811, 0.4526, 14426
812, 0.4527, 14443
813, 0.4526, 14461
814, 0.4535, 14478
815, 0.4535, 14496
816, 0.4539, 14514
817, 0.4543, 14532
818, 0.4546, 14550
819, 0.4542, 14567
820, 0.4551, 14585
821, 0.4551, 14603
822, 0.4552, 14621
823, 0.4554, 14638
824, 0.4554, 14656
825, 0.4556, 14674
826, 0.4559, 14692
827, 0.4562, 14709
828, 0.4564, 14727
829, 0.4568, 14745
830, 0.4566, 14763
831, 0.4571, 14781
832, 0.4572, 14799
833, 0.4576, 14817
834, 0.4574, 14834
835, 0.4572, 14852
836, 0.4572, 14870
837, 0.4575, 14887
838, 0.4574, 14905
839, 0.4575, 14922
840, 0.4577, 14940
841, 0.4579, 14958
842, 0.4583, 14975
843, 0.4578, 14993
844, 0.4582, 15011
845, 0.4582, 15029
846, 0.4585, 15047
847, 0.4584, 15065
848, 0.458, 15082
849, 0.4585, 15100
850, 0.4588, 15118
851, 0.4587, 15136
852, 0.4591, 15153
853, 0.4591, 15171
854, 0.4595, 15189
855, 0.4594, 15207
856, 0.4594, 15225
857, 0.4597, 15243
858, 0.4596, 15261
859, 0.4598, 15279
860, 0.4598, 15297
861, 0.4599, 15314
862, 0.4601, 15332
863, 0.4603, 15350
864, 0.4606, 15368
865, 0.4604, 15385
866, 0.4606, 15404
867, 0.4613, 15422
868, 0.461, 15440
869, 0.4614, 15458
870, 0.4616, 15475
871, 0.462, 15493
872, 0.4621, 15511
873, 0.4623, 15529
874, 0.4624, 15547
875, 0.4625, 15564
876, 0.4625, 15582
877, 0.4626, 15600
878, 0.4623, 15618
879, 0.4625, 15636
880, 0.4624, 15654
881, 0.4633, 15672
882, 0.4636, 15689
883, 0.4641, 15707
884, 0.464, 15725
885, 0.4642, 15743
886, 0.4643, 15761
887, 0.4648, 15779
888, 0.4647, 15797
889, 0.4651, 15814
890, 0.4649, 15832
891, 0.4645, 15850
892, 0.4646, 15867
893, 0.4651, 15885
894, 0.4652, 15903
895, 0.4654, 15921
896, 0.4655, 15939
897, 0.4656, 15957
898, 0.4651, 15974
899, 0.4651, 15993
900, 0.4661, 16011
901, 0.4659, 16028
902, 0.4662, 16046
903, 0.4663, 16064
904, 0.4664, 16082
905, 0.4665, 16100
906, 0.467, 16118
907, 0.4669, 16136
908, 0.4675, 16153
909, 0.4674, 16171
910, 0.4676, 16189
911, 0.468, 16207
912, 0.4679, 16225
913, 0.468, 16243
914, 0.4681, 16261
915, 0.4681, 16279
916, 0.4689, 16296
917, 0.4688, 16314
918, 0.4689, 16332
919, 0.4693, 16350
920, 0.4693, 16368
921, 0.4692, 16385
922, 0.4699, 16403
923, 0.4697, 16421
924, 0.4699, 16439
925, 0.4705, 16457
926, 0.4705, 16475
927, 0.4707, 16493
928, 0.4712, 16510
929, 0.4714, 16528
930, 0.4718, 16546
931, 0.472, 16564
932, 0.4719, 16581
933, 0.4717, 16599
934, 0.4723, 16617
935, 0.4723, 16634
936, 0.4721, 16652
937, 0.4724, 16670
938, 0.4724, 16688
939, 0.4727, 16706
940, 0.4729, 16724
941, 0.473, 16742
942, 0.4733, 16760
943, 0.4742, 16777
944, 0.4744, 16795
945, 0.4744, 16813
946, 0.4746, 16830
947, 0.4746, 16848
948, 0.4747, 16866
949, 0.4747, 16883
950, 0.475, 16901
951, 0.4752, 16919
952, 0.4749, 16937
953, 0.4752, 16955
954, 0.4755, 16973
955, 0.4754, 16990
956, 0.4757, 17009
957, 0.4758, 17027
958, 0.4762, 17044
959, 0.4762, 17062
960, 0.4765, 17080
961, 0.4766, 17098
962, 0.4766, 17116
963, 0.4766, 17134
964, 0.4764, 17152
965, 0.4766, 17169
966, 0.4769, 17187
967, 0.4772, 17205
968, 0.4775, 17222
969, 0.4775, 17240
970, 0.4776, 17258
971, 0.4778, 17276
972, 0.4781, 17294
973, 0.4782, 17311
974, 0.4781, 17329
975, 0.4783, 17347
976, 0.4787, 17364
977, 0.4788, 17382
978, 0.4789, 17400
979, 0.479, 17418
980, 0.4791, 17436
981, 0.479, 17454
982, 0.4789, 17472
983, 0.4794, 17490
984, 0.4798, 17507
985, 0.48, 17525
986, 0.4803, 17542
987, 0.481, 17560
988, 0.4811, 17578
989, 0.4812, 17596
990, 0.4814, 17613
991, 0.4814, 17631
992, 0.4814, 17649
993, 0.4814, 17667
994, 0.4814, 17685
995, 0.4811, 17703
996, 0.481, 17720
997, 0.4811, 17738
998, 0.4813, 17756
999, 0.4814, 17774
1000, 0.4813, 17792
1001, 0.4816, 17810
1002, 0.4817, 17827
1003, 0.4821, 17845
1004, 0.4821, 17863
1005, 0.4826, 17881
1006, 0.4827, 17898
1007, 0.4831, 17916
1008, 0.483, 17934
1009, 0.4835, 17952
1010, 0.4833, 17969
1011, 0.484, 17987
1012, 0.4834, 18005
1013, 0.4837, 18023
1014, 0.4834, 18041
1015, 0.4832, 18058
1016, 0.4836, 18076
1017, 0.4838, 18093
1018, 0.484, 18112
1019, 0.484, 18130
1020, 0.4841, 18147
1021, 0.4843, 18165
1022, 0.4842, 18183
1023, 0.484, 18201
1024, 0.4842, 18219
1025, 0.4838, 18237
1026, 0.4837, 18255
1027, 0.4835, 18273
1028, 0.4834, 18291
1029, 0.4834, 18309
1030, 0.4831, 18327
1031, 0.4837, 18344
1032, 0.4838, 18363
1033, 0.4842, 18380
1034, 0.4842, 18398
1035, 0.4847, 18416
1036, 0.4844, 18434
1037, 0.4839, 18452
1038, 0.4844, 18470
1039, 0.4849, 18487
1040, 0.4846, 18505
1041, 0.4849, 18524
1042, 0.4848, 18541
1043, 0.4852, 18559
1044, 0.4851, 18577
1045, 0.4854, 18595
1046, 0.4854, 18612
1047, 0.4855, 18630
1048, 0.4857, 18648
1049, 0.4859, 18666
1050, 0.4858, 18684
1051, 0.486, 18701
1052, 0.4861, 18719
1053, 0.4862, 18737
1054, 0.4864, 18755
1055, 0.4867, 18773
1056, 0.487, 18792
1057, 0.4871, 18809
1058, 0.4872, 18827
1059, 0.4872, 18845
1060, 0.4871, 18863
1061, 0.4872, 18880
1062, 0.4873, 18898
1063, 0.4877, 18916
1064, 0.4879, 18934
1065, 0.4882, 18952
1066, 0.4882, 18969
1067, 0.4883, 18987
1068, 0.4885, 19006
1069, 0.4884, 19024
1070, 0.4884, 19042
1071, 0.4887, 19060
1072, 0.4887, 19077
1073, 0.4888, 19095
1074, 0.4886, 19113
1075, 0.4888, 19130
1076, 0.4889, 19148
1077, 0.4893, 19166
1078, 0.4892, 19185
1079, 0.4898, 19202
1080, 0.4899, 19220
1081, 0.49, 19238
1082, 0.4898, 19256
1083, 0.4904, 19274
1084, 0.4902, 19292
1085, 0.4897, 19310
1086, 0.4899, 19327
1087, 0.4896, 19345
1088, 0.4896, 19363
1089, 0.4897, 19380
1090, 0.4899, 19398
1091, 0.4896, 19416
1092, 0.4896, 19434
1093, 0.4899, 19452
1094, 0.4895, 19470
1095, 0.49, 19487
1096, 0.4896, 19505
1097, 0.4898, 19523
1098, 0.4898, 19540
1099, 0.4899, 19558
1100, 0.4901, 19576
1101, 0.4904, 19594
1102, 0.4905, 19612
1103, 0.4903, 19629
1104, 0.4903, 19647
1105, 0.4908, 19665
1106, 0.4904, 19683
1107, 0.4906, 19701
1108, 0.4904, 19719
1109, 0.4906, 19737
1110, 0.4906, 19755
1111, 0.4906, 19773
1112, 0.4907, 19791
1113, 0.4909, 19808
1114, 0.4911, 19826
1115, 0.4909, 19844
1116, 0.491, 19862
1117, 0.4912, 19880
1118, 0.4912, 19897
1119, 0.4913, 19915
1120, 0.4912, 19933
1121, 0.4913, 19951
1122, 0.4914, 19969
1123, 0.4916, 19987
1124, 0.4916, 20005
1125, 0.4915, 20022
1126, 0.492, 20040
1127, 0.492, 20058
1128, 0.492, 20077
1129, 0.492, 20095
1130, 0.492, 20113
1131, 0.4918, 20131
1132, 0.4923, 20149
1133, 0.492, 20167
1134, 0.492, 20184
1135, 0.4919, 20202
1136, 0.4918, 20220
1137, 0.4922, 20238
1138, 0.4922, 20256
1139, 0.4921, 20274
1140, 0.4928, 20292
1141, 0.4928, 20309
1142, 0.4932, 20327
1143, 0.4936, 20345
1144, 0.4938, 20363
1145, 0.494, 20380
1146, 0.495, 20398
1147, 0.495, 20415
1148, 0.4955, 20433
1149, 0.4955, 20451
1150, 0.4957, 20469
1151, 0.4956, 20486
1152, 0.4959, 20504
1153, 0.4956, 20521
1154, 0.4958, 20539
1155, 0.4957, 20557
1156, 0.4961, 20575
1157, 0.496, 20594
1158, 0.4962, 20611
1159, 0.4964, 20629
1160, 0.4966, 20647
1161, 0.4965, 20665
1162, 0.4966, 20683
1163, 0.497, 20701
1164, 0.4967, 20718
1165, 0.4973, 20736
1166, 0.4976, 20754
1167, 0.4976, 20772
1168, 0.4976, 20790
1169, 0.4977, 20807
1170, 0.498, 20825
1171, 0.498, 20843
1172, 0.4984, 20861
1173, 0.4984, 20879
1174, 0.4989, 20897
1175, 0.4988, 20915
1176, 0.4989, 20932
1177, 0.4993, 20950
1178, 0.4995, 20968
1179, 0.4996, 20985
1180, 0.4999, 21003
1181, 0.4999, 21021
1182, 0.5001, 21039
1183, 0.5005, 21057
1184, 0.5008, 21075
1185, 0.5012, 21093
1186, 0.5013, 21110
1187, 0.5015, 21128
1188, 0.5016, 21146
1189, 0.5018, 21164
1190, 0.5018, 21182
1191, 0.502, 21200
1192, 0.5018, 21218
1193, 0.5021, 21235
1194, 0.5021, 21253
1195, 0.5023, 21271
1196, 0.5022, 21290
1197, 0.5023, 21308
1198, 0.5022, 21326
1199, 0.5022, 21343
1200, 0.5025, 21361
1201, 0.5027, 21379
1202, 0.5027, 21397
1203, 0.5029, 21415
1204, 0.5029, 21432
1205, 0.5034, 21450
1206, 0.5034, 21468
1207, 0.5034, 21485
1208, 0.5035, 21503
1209, 0.5037, 21521
1210, 0.5037, 21539
1211, 0.5038, 21556
1212, 0.5038, 21574
1213, 0.5045, 21592
1214, 0.5041, 21610
1215, 0.5045, 21627
1216, 0.5047, 21645
1217, 0.5048, 21663
1218, 0.5048, 21680
1219, 0.5051, 21698
1220, 0.505, 21715
1221, 0.5052, 21733
1222, 0.5053, 21751
1223, 0.5052, 21769
1224, 0.5055, 21787
1225, 0.5059, 21805
1226, 0.5053, 21823
1227, 0.5056, 21840
1228, 0.5056, 21858
1229, 0.5058, 21876
1230, 0.5061, 21894
1231, 0.5062, 21912
1232, 0.5059, 21929
1233, 0.5062, 21947
1234, 0.5066, 21965
1235, 0.5066, 21983
1236, 0.5069, 22000
1237, 0.5071, 22018
1238, 0.5069, 22036
1239, 0.507, 22054
1240, 0.507, 22072
1241, 0.5067, 22090
1242, 0.5067, 22108
1243, 0.507, 22126
1244, 0.5071, 22143
1245, 0.5076, 22161
1246, 0.5076, 22179
1247, 0.5077, 22197
1248, 0.5079, 22215
1249, 0.5078, 22233
1250, 0.5078, 22251
1251, 0.5075, 22268
1252, 0.5081, 22286
1253, 0.5082, 22304
1254, 0.5084, 22322
1255, 0.5087, 22339
1256, 0.5092, 22357
1257, 0.5091, 22375
1258, 0.5094, 22393
1259, 0.5094, 22410
1260, 0.5096, 22428
1261, 0.5096, 22446
1262, 0.5099, 22464
1263, 0.5101, 22482
1264, 0.5103, 22500
1265, 0.5107, 22517
1266, 0.5103, 22535
1267, 0.5103, 22552
1268, 0.5104, 22570
1269, 0.5107, 22588
1270, 0.5111, 22606
1271, 0.5112, 22624
1272, 0.5112, 22642
1273, 0.5113, 22660
1274, 0.5115, 22678
1275, 0.5113, 22695
1276, 0.5116, 22713
1277, 0.5118, 22731
1278, 0.5118, 22749
1279, 0.5121, 22767
1280, 0.512, 22784
1281, 0.512, 22802
1282, 0.5121, 22820
1283, 0.5122, 22838
1284, 0.512, 22856
1285, 0.5121, 22873
1286, 0.5122, 22891
1287, 0.5122, 22909
1288, 0.5117, 22927
1289, 0.5118, 22945
1290, 0.5122, 22962
1291, 0.5121, 22980
1292, 0.5122, 22998
1293, 0.5125, 23016
1294, 0.5126, 23034
1295, 0.5127, 23051
1296, 0.5128, 23069
1297, 0.5131, 23087
1298, 0.5133, 23104
1299, 0.5132, 23122
1300, 0.5134, 23140
1301, 0.5136, 23158
1302, 0.5136, 23176
1303, 0.5137, 23194
1304, 0.5136, 23212
1305, 0.5138, 23231
1306, 0.5139, 23249
1307, 0.5139, 23268
1308, 0.514, 23285
1309, 0.5144, 23303
1310, 0.5141, 23321
1311, 0.514, 23339
1312, 0.5141, 23357
1313, 0.514, 23375
1314, 0.5142, 23393
1315, 0.5142, 23411
1316, 0.5143, 23429
1317, 0.5144, 23447
1318, 0.5145, 23465
1319, 0.5148, 23482
1320, 0.5148, 23501
1321, 0.5152, 23519
1322, 0.5152, 23536
1323, 0.5152, 23555
1324, 0.5154, 23572
1325, 0.5154, 23590
1326, 0.5155, 23608
1327, 0.5156, 23626
1328, 0.5158, 23644
1329, 0.5161, 23662
1330, 0.5162, 23680
1331, 0.5162, 23698
1332, 0.5163, 23716
1333, 0.5163, 23734
1334, 0.5164, 23752
1335, 0.5165, 23770
1336, 0.5168, 23787
1337, 0.5167, 23805
1338, 0.5169, 23823
1339, 0.517, 23840
1340, 0.5172, 23858
1341, 0.5172, 23876
1342, 0.5174, 23894
1343, 0.5175, 23912
1344, 0.5179, 23930
1345, 0.5179, 23947
1346, 0.518, 23966
1347, 0.5183, 23983
1348, 0.5186, 24002
1349, 0.5186, 24020
1350, 0.5184, 24037
1351, 0.5186, 24055
1352, 0.5184, 24073
1353, 0.5184, 24090
1354, 0.5182, 24108
1355, 0.5183, 24126
1356, 0.5183, 24143
1357, 0.5184, 24161
1358, 0.5184, 24179
1359, 0.5186, 24197
1360, 0.5187, 24215
1361, 0.519, 24233
1362, 0.5189, 24250
1363, 0.5191, 24268
1364, 0.5191, 24286
1365, 0.5194, 24304
1366, 0.5195, 24321
1367, 0.5195, 24339
1368, 0.5193, 24357
1369, 0.5197, 24375
1370, 0.5195, 24393
1371, 0.52, 24410
1372, 0.5199, 24428
1373, 0.52, 24446
1374, 0.52, 24463
1375, 0.5199, 24481
1376, 0.5203, 24499
1377, 0.5202, 24516
1378, 0.5203, 24534
1379, 0.5205, 24552
1380, 0.5205, 24569
1381, 0.5206, 24587
1382, 0.5205, 24605
1383, 0.5206, 24623
1384, 0.5209, 24641
1385, 0.5209, 24659
1386, 0.5211, 24677
1387, 0.521, 24695
1388, 0.5212, 24713
1389, 0.5213, 24731
1390, 0.5215, 24749
1391, 0.5217, 24767
1392, 0.5217, 24785
1393, 0.522, 24808
1394, 0.5218, 24826
1395, 0.5217, 24845
1396, 0.522, 24866
1397, 0.522, 24885
1398, 0.5221, 24903
1399, 0.5222, 24920
1400, 0.5224, 24938
1401, 0.5224, 24956
1402, 0.5223, 24974
1403, 0.5226, 24992
1404, 0.5223, 25010
1405, 0.5226, 25028
1406, 0.5229, 25046
1407, 0.523, 25064
1408, 0.5231, 25082
1409, 0.5234, 25099
1410, 0.5232, 25117
1411, 0.5235, 25135
1412, 0.5235, 25153
1413, 0.5239, 25171
1414, 0.5233, 25189
1415, 0.5238, 25207
1416, 0.5236, 25225
1417, 0.5238, 25243
1418, 0.5239, 25261
1419, 0.524, 25279
1420, 0.5237, 25297
1421, 0.5239, 25315
1422, 0.5238, 25333
1423, 0.5237, 25351
1424, 0.5241, 25369
1425, 0.5241, 25387
1426, 0.5242, 25405
1427, 0.5241, 25423
1428, 0.5244, 25441
1429, 0.524, 25459
1430, 0.5242, 25482
1431, 0.5245, 25500
1432, 0.5244, 25518
1433, 0.5242, 25536
1434, 0.5246, 25555
1435, 0.5246, 25573
1436, 0.5249, 25590
1437, 0.525, 25608
1438, 0.5254, 25627
1439, 0.5256, 25649
1440, 0.5257, 25667
1441, 0.5262, 25685
1442, 0.5263, 25703
1443, 0.5262, 25721
1444, 0.5263, 25739
1445, 0.5263, 25757
1446, 0.5263, 25775
1447, 0.5264, 25793
1448, 0.5262, 25811
1449, 0.5266, 25829
1450, 0.5268, 25847
1451, 0.5269, 25865
1452, 0.5269, 25884
1453, 0.5269, 25902
1454, 0.527, 25920
1455, 0.527, 25938
1456, 0.5267, 25956
1457, 0.527, 25974
1458, 0.5271, 25993
1459, 0.5271, 26010
1460, 0.5272, 26028
1461, 0.5272, 26046
1462, 0.5273, 26064
1463, 0.5273, 26082
1464, 0.5274, 26099
1465, 0.5273, 26118
1466, 0.5274, 26136
1467, 0.5273, 26154
1468, 0.5276, 26172
1469, 0.5273, 26189
1470, 0.5276, 26208
1471, 0.5276, 26226
1472, 0.5276, 26243
1473, 0.5275, 26261
1474, 0.5274, 26279
1475, 0.5276, 26297
1476, 0.5278, 26314
1477, 0.5276, 26332
1478, 0.5277, 26350
1479, 0.5278, 26369
1480, 0.5276, 26387
1481, 0.5279, 26405
1482, 0.528, 26423
1483, 0.5283, 26441
1484, 0.528, 26458
1485, 0.5282, 26476
1486, 0.5283, 26494
1487, 0.5283, 26512
1488, 0.5282, 26530
1489, 0.5284, 26547
1490, 0.5284, 26565
1491, 0.5285, 26583
1492, 0.5287, 26601
1493, 0.5288, 26619
1494, 0.529, 26637
1495, 0.5287, 26655
1496, 0.5292, 26673
1497, 0.5293, 26691
1498, 0.5296, 26709
1499, 0.5298, 26727
1500, 0.5297, 26745
1501, 0.5296, 26762
1502, 0.5294, 26780
1503, 0.5296, 26798
1504, 0.5301, 26815
1505, 0.5301, 26833
1506, 0.5301, 26851
1507, 0.5304, 26869
1508, 0.5303, 26887
1509, 0.5299, 26905
1510, 0.5297, 26922
1511, 0.5301, 26940
1512, 0.5301, 26958
1513, 0.5308, 26976
1514, 0.5307, 26994
1515, 0.5314, 27012
1516, 0.5318, 27030
1517, 0.5316, 27048
1518, 0.532, 27066
1519, 0.5322, 27084
1520, 0.532, 27101
1521, 0.532, 27120
1522, 0.5321, 27137
1523, 0.532, 27156
1524, 0.5323, 27173
1525, 0.5322, 27191
1526, 0.5322, 27209
1527, 0.5319, 27227
1528, 0.5322, 27245
1529, 0.5325, 27263
1530, 0.5324, 27281
1531, 0.5326, 27299
1532, 0.5329, 27317
1533, 0.5325, 27335
1534, 0.5331, 27353
1535, 0.5334, 27371
1536, 0.5331, 27389
1537, 0.5336, 27406
1538, 0.5335, 27425
1539, 0.5333, 27442
1540, 0.5339, 27460
1541, 0.5344, 27477
1542, 0.5343, 27495
1543, 0.5343, 27513
1544, 0.5344, 27531
1545, 0.5342, 27549
1546, 0.5345, 27566
1547, 0.5347, 27584
1548, 0.5343, 27602
1549, 0.5347, 27620
1550, 0.5347, 27638
1551, 0.5348, 27656
1552, 0.5345, 27674
1553, 0.5344, 27691
1554, 0.5346, 27709
1555, 0.5351, 27726
1556, 0.5351, 27745
1557, 0.5356, 27762
1558, 0.5353, 27780
1559, 0.5356, 27798
1560, 0.5353, 27816
1561, 0.5353, 27834
1562, 0.5354, 27852
1563, 0.5355, 27869
1564, 0.5355, 27887
1565, 0.535, 27905
1566, 0.5353, 27922
1567, 0.5355, 27940
1568, 0.535, 27958
1569, 0.5353, 27976
1570, 0.5353, 27994
1571, 0.5352, 28012
1572, 0.5347, 28029
1573, 0.5348, 28047
1574, 0.5348, 28065
1575, 0.5348, 28083
1576, 0.5346, 28101
1577, 0.5347, 28119
1578, 0.5349, 28136
1579, 0.5347, 28154
1580, 0.5348, 28172
1581, 0.5352, 28190
1582, 0.5348, 28207
1583, 0.5348, 28225
1584, 0.535, 28242
1585, 0.5352, 28260
1586, 0.5349, 28277
1587, 0.5351, 28295
1588, 0.5351, 28313
1589, 0.5348, 28331
1590, 0.5353, 28348
1591, 0.5354, 28366
1592, 0.5355, 28384
1593, 0.5355, 28402
1594, 0.5358, 28419
1595, 0.5357, 28437
1596, 0.536, 28455
1597, 0.5359, 28473
1598, 0.5361, 28491
1599, 0.536, 28508
1600, 0.5365, 28526
1601, 0.5366, 28544
1602, 0.5368, 28562
1603, 0.5367, 28580
1604, 0.5368, 28597
1605, 0.537, 28615
1606, 0.5372, 28633
1607, 0.5374, 28651
1608, 0.5372, 28668
1609, 0.5373, 28686
1610, 0.5375, 28704
1611, 0.5375, 28722
1612, 0.5375, 28740
1613, 0.5376, 28758
1614, 0.5376, 28776
1615, 0.5376, 28794
1616, 0.5376, 28812
1617, 0.5377, 28829
1618, 0.5375, 28847
1619, 0.5377, 28865
1620, 0.5372, 28883
1621, 0.5378, 28901
1622, 0.5378, 28918
1623, 0.5376, 28937
1624, 0.5376, 28954
1625, 0.5376, 28972
1626, 0.5377, 28990
1627, 0.5374, 29007
1628, 0.5379, 29025
1629, 0.5377, 29043
1630, 0.5378, 29061
1631, 0.5378, 29079
1632, 0.5378, 29096
1633, 0.5379, 29114
1634, 0.5381, 29132
1635, 0.5383, 29150
1636, 0.5383, 29168
1637, 0.5383, 29186
1638, 0.5385, 29203
1639, 0.5389, 29221
1640, 0.5388, 29239
1641, 0.5397, 29257
1642, 0.5395, 29274
1643, 0.5398, 29293
1644, 0.5395, 29310
1645, 0.5399, 29328
1646, 0.5399, 29346
1647, 0.5399, 29363
1648, 0.5403, 29381
1649, 0.54, 29399
1650, 0.54, 29417
1651, 0.5406, 29435
1652, 0.5406, 29452
1653, 0.541, 29470
1654, 0.5411, 29488
1655, 0.5411, 29505
1656, 0.5414, 29523
1657, 0.5411, 29541
1658, 0.5411, 29559
1659, 0.5412, 29577
1660, 0.5412, 29595
1661, 0.5412, 29613
1662, 0.5414, 29630
1663, 0.5414, 29648
1664, 0.5417, 29666
1665, 0.5419, 29684
1666, 0.5416, 29702
1667, 0.5417, 29720
1668, 0.5421, 29738
1669, 0.5418, 29756
1670, 0.5421, 29773
1671, 0.5419, 29792
1672, 0.5417, 29810
1673, 0.5419, 29828
1674, 0.5421, 29845
1675, 0.5424, 29863
1676, 0.5419, 29881
1677, 0.5428, 29899
1678, 0.5425, 29917
1679, 0.5427, 29934
1680, 0.5426, 29952
1681, 0.5426, 29970
1682, 0.5427, 29988
1683, 0.5426, 30006
1684, 0.543, 30024
1685, 0.5429, 30043
1686, 0.5429, 30061
1687, 0.543, 30078
1688, 0.5431, 30096
1689, 0.5433, 30113
1690, 0.5436, 30131
1691, 0.5435, 30149
1692, 0.5435, 30167
1693, 0.5439, 30184
1694, 0.5442, 30202
1695, 0.5442, 30220
1696, 0.5442, 30238
1697, 0.5443, 30256
1698, 0.5445, 30274
1699, 0.5445, 30292
1700, 0.5442, 30310
1701, 0.5443, 30328
1702, 0.5446, 30346
1703, 0.5448, 30364
1704, 0.5446, 30382
1705, 0.5448, 30399
1706, 0.5451, 30417
1707, 0.5452, 30435
1708, 0.5453, 30452
1709, 0.5454, 30470
1710, 0.5454, 30488
1711, 0.5454, 30506
1712, 0.5456, 30524
1713, 0.5452, 30541
1714, 0.5458, 30560
1715, 0.5453, 30577
1716, 0.5458, 30595
1717, 0.5457, 30613
1718, 0.5458, 30631
1719, 0.546, 30649
1720, 0.5461, 30667
1721, 0.5465, 30685
1722, 0.5465, 30702
1723, 0.5466, 30720
1724, 0.5468, 30738
1725, 0.5467, 30755
1726, 0.5469, 30773
1727, 0.5467, 30790
1728, 0.5468, 30808
1729, 0.5468, 30826
1730, 0.5468, 30843
1731, 0.5468, 30861
1732, 0.5467, 30879
1733, 0.5469, 30897
1734, 0.5469, 30915
1735, 0.5469, 30933
1736, 0.5469, 30951
1737, 0.5469, 30969
1738, 0.5472, 30987
1739, 0.547, 31005
1740, 0.5474, 31023
1741, 0.5473, 31041
1742, 0.5471, 31059
1743, 0.5471, 31077
1744, 0.547, 31094
1745, 0.547, 31113
1746, 0.547, 31131
1747, 0.5471, 31150
1748, 0.5471, 31167
1749, 0.5472, 31185
1750, 0.5474, 31203
1751, 0.5472, 31221
1752, 0.5475, 31239
1753, 0.5477, 31257
1754, 0.5479, 31275
1755, 0.548, 31293
1756, 0.548, 31311
1757, 0.5483, 31329
1758, 0.5479, 31347
1759, 0.548, 31364
1760, 0.5481, 31382
1761, 0.5481, 31400
1762, 0.548, 31418
1763, 0.548, 31435
1764, 0.5479, 31453
1765, 0.5486, 31471
1766, 0.5484, 31489
1767, 0.5481, 31507
1768, 0.5483, 31525
1769, 0.5484, 31543
1770, 0.5482, 31560
1771, 0.5482, 31578
1772, 0.5484, 31596
1773, 0.5483, 31614
1774, 0.5486, 31632
1775, 0.5488, 31649
1776, 0.5488, 31667
1777, 0.5489, 31685
1778, 0.549, 31703
1779, 0.5489, 31721
1780, 0.549, 31738
1781, 0.549, 31756
1782, 0.5487, 31774
1783, 0.5489, 31792
1784, 0.5487, 31810
1785, 0.5489, 31828
1786, 0.5493, 31846
1787, 0.5493, 31864
1788, 0.5494, 31882
1789, 0.549, 31900
1790, 0.5495, 31918
1791, 0.5492, 31936
1792, 0.5494, 31954
1793, 0.5493, 31971
1794, 0.5494, 31989
1795, 0.5495, 32007
1796, 0.5498, 32025
1797, 0.5497, 32043
1798, 0.5506, 32061
1799, 0.5504, 32080
1800, 0.5503, 32098
1801, 0.5507, 32116
1802, 0.5508, 32133
1803, 0.5507, 32151
1804, 0.5508, 32169
1805, 0.551, 32187
1806, 0.5512, 32204
1807, 0.5511, 32222
1808, 0.5514, 32240
1809, 0.5515, 32257
1810, 0.5519, 32275
1811, 0.5519, 32293
1812, 0.5521, 32311
1813, 0.5519, 32329
1814, 0.5524, 32347
1815, 0.5523, 32364
1816, 0.5525, 32382
1817, 0.5523, 32400
1818, 0.5526, 32418
1819, 0.5527, 32436
1820, 0.5528, 32454
1821, 0.5529, 32471
1822, 0.5527, 32489
1823, 0.5534, 32507
1824, 0.5534, 32525
1825, 0.5533, 32543
1826, 0.5533, 32561
1827, 0.5536, 32579
1828, 0.5536, 32597
1829, 0.5535, 32615
1830, 0.5538, 32633
1831, 0.5539, 32651
1832, 0.554, 32669
1833, 0.5543, 32686
1834, 0.5541, 32704
1835, 0.5543, 32722
1836, 0.5545, 32740
1837, 0.5545, 32758
1838, 0.5546, 32776
1839, 0.5548, 32794
1840, 0.5547, 32812
1841, 0.5547, 32830
1842, 0.5549, 32848
1843, 0.5551, 32866
1844, 0.5558, 32883
1845, 0.5558, 32901
1846, 0.5559, 32919
1847, 0.5559, 32937
1848, 0.5559, 32955
1849, 0.556, 32973
1850, 0.5563, 32991
1851, 0.5557, 33009
1852, 0.5559, 33027
1853, 0.5561, 33045
1854, 0.5564, 33063
1855, 0.5562, 33080
1856, 0.5564, 33098
1857, 0.5563, 33116
1858, 0.5563, 33134
1859, 0.5564, 33152
1860, 0.5565, 33170
1861, 0.5567, 33188
1862, 0.5561, 33205
1863, 0.5566, 33223
1864, 0.5567, 33242
1865, 0.5568, 33259
1866, 0.5567, 33277
1867, 0.5571, 33295
1868, 0.5571, 33313
1869, 0.5571, 33331
1870, 0.5572, 33349
1871, 0.5574, 33367
1872, 0.5573, 33385
1873, 0.5572, 33403
1874, 0.5575, 33421
1875, 0.5574, 33439
1876, 0.5579, 33457
1877, 0.5577, 33476
1878, 0.5579, 33493
1879, 0.5577, 33511
1880, 0.5581, 33529
1881, 0.5581, 33547
1882, 0.5583, 33565
1883, 0.5579, 33583
1884, 0.5585, 33601
1885, 0.5582, 33618
1886, 0.5586, 33636
1887, 0.5584, 33654
1888, 0.5585, 33672
1889, 0.558, 33690
1890, 0.5587, 33708
1891, 0.5585, 33726
1892, 0.5589, 33743
1893, 0.5586, 33761
1894, 0.5587, 33779
1895, 0.5589, 33797
1896, 0.5591, 33815
1897, 0.559, 33833
1898, 0.5589, 33851
1899, 0.5587, 33869
1900, 0.5592, 33887
1901, 0.559, 33905
1902, 0.5592, 33922
1903, 0.5591, 33940
1904, 0.5594, 33958
1905, 0.5591, 33975
1906, 0.5594, 33993
1907, 0.5598, 34011
1908, 0.5599, 34029
1909, 0.5597, 34047
1910, 0.56, 34064
1911, 0.5596, 34082
1912, 0.56, 34100
1913, 0.5602, 34118
1914, 0.56, 34136
1915, 0.5601, 34154
1916, 0.5603, 34172
1917, 0.5601, 34189
1918, 0.5601, 34207
1919, 0.5603, 34225
1920, 0.5604, 34243
1921, 0.5604, 34261
1922, 0.5606, 34279
1923, 0.56, 34296
1924, 0.5604, 34314
1925, 0.5607, 34332
1926, 0.5605, 34349
1927, 0.5604, 34367
1928, 0.5605, 34385
1929, 0.5607, 34403
1930, 0.5608, 34421
1931, 0.5611, 34439
1932, 0.5606, 34457
1933, 0.561, 34475
1934, 0.561, 34493
1935, 0.561, 34511
1936, 0.561, 34529
1937, 0.5611, 34546
1938, 0.5608, 34564
1939, 0.5609, 34582
1940, 0.5609, 34599
1941, 0.561, 34617
1942, 0.5612, 34635
1943, 0.5611, 34653
1944, 0.5611, 34670
1945, 0.5613, 34689
1946, 0.5612, 34706
1947, 0.5615, 34724
1948, 0.5613, 34742
1949, 0.5616, 34760
1950, 0.5614, 34778
1951, 0.5619, 34796
1952, 0.5619, 34813
1953, 0.5621, 34831
1954, 0.5619, 34849
1955, 0.5619, 34866
1956, 0.562, 34884
1957, 0.562, 34902
1958, 0.5619, 34920
1959, 0.5621, 34938
1960, 0.5623, 34956
1961, 0.5621, 34974
1962, 0.5626, 34992
1963, 0.563, 35011
1964, 0.5627, 35029
1965, 0.563, 35047
1966, 0.5633, 35065
1967, 0.5636, 35083
1968, 0.5638, 35101
1969, 0.5636, 35119
1970, 0.564, 35137
1971, 0.5641, 35155
1972, 0.5639, 35172
1973, 0.5641, 35190
1974, 0.5641, 35208
1975, 0.5643, 35226
1976, 0.5644, 35244
1977, 0.5642, 35262
1978, 0.5649, 35280
1979, 0.5644, 35298
1980, 0.5647, 35316
1981, 0.5648, 35333
1982, 0.5647, 35351
1983, 0.5648, 35369
1984, 0.5648, 35388
1985, 0.5647, 35405
1986, 0.5645, 35423
1987, 0.5647, 35441
1988, 0.5647, 35459
1989, 0.5648, 35477
1990, 0.5651, 35494
1991, 0.5654, 35512
1992, 0.5649, 35530
1993, 0.5657, 35548
1994, 0.5651, 35566
1995, 0.5654, 35584
1996, 0.5656, 35602
1997, 0.5659, 35620
1998, 0.566, 35637
1999, 0.5659, 35655
2000, 0.5662, 35673
2001, 0.5661, 35691
2002, 0.5663, 35709
2003, 0.5664, 35727
2004, 0.5666, 35744
2005, 0.5668, 35763
2006, 0.5667, 35781
2007, 0.5665, 35798
2008, 0.5669, 35816
2009, 0.5666, 35834
2010, 0.567, 35852
2011, 0.5667, 35869
2012, 0.5668, 35887
2013, 0.5666, 35905
2014, 0.5668, 35923
2015, 0.5671, 35941
2016, 0.5669, 35959
2017, 0.5669, 35976
2018, 0.5669, 35994
2019, 0.5673, 36012
2020, 0.5673, 36030
2021, 0.5673, 36048
2022, 0.5675, 36066
2023, 0.5674, 36084
2024, 0.5673, 36102
2025, 0.5675, 36119
2026, 0.5673, 36137
2027, 0.5676, 36155
2028, 0.5674, 36173
2029, 0.5677, 36191
2030, 0.5676, 36209
2031, 0.5676, 36227
2032, 0.5676, 36244
2033, 0.5677, 36263
2034, 0.5677, 36281
2035, 0.5678, 36299
2036, 0.5677, 36316
2037, 0.568, 36334
2038, 0.5681, 36352
2039, 0.568, 36370
2040, 0.5682, 36388
2041, 0.5682, 36405
2042, 0.5681, 36423
2043, 0.5682, 36441
2044, 0.5681, 36458
2045, 0.5681, 36476
2046, 0.568, 36494
2047, 0.5682, 36512
2048, 0.5681, 36530
2049, 0.568, 36547
2050, 0.5681, 36565
2051, 0.5682, 36584
2052, 0.5683, 36601
2053, 0.568, 36619
2054, 0.5683, 36638
2055, 0.568, 36655
2056, 0.568, 36673
2057, 0.5681, 36691
2058, 0.5677, 36709
2059, 0.5678, 36727
2060, 0.5685, 36744
2061, 0.568, 36762
2062, 0.5682, 36780
2063, 0.5682, 36798
2064, 0.5682, 36815
2065, 0.5682, 36833
2066, 0.5684, 36851
2067, 0.5683, 36869
2068, 0.5682, 36886
2069, 0.5684, 36904
2070, 0.5685, 36922
2071, 0.5684, 36939
2072, 0.5687, 36957
2073, 0.5683, 36975
2074, 0.5685, 36993
2075, 0.5682, 37011
2076, 0.5686, 37029
2077, 0.5687, 37047
2078, 0.5685, 37065
2079, 0.569, 37083
2080, 0.5688, 37101
2081, 0.5693, 37118
2082, 0.5693, 37136
2083, 0.5692, 37154
2084, 0.5692, 37172
2085, 0.5686, 37190
2086, 0.5693, 37209
2087, 0.5693, 37227
2088, 0.5695, 37245
2089, 0.569, 37263
2090, 0.5694, 37281
2091, 0.5687, 37299
2092, 0.5693, 37317
2093, 0.5691, 37335
2094, 0.5692, 37352
2095, 0.5689, 37371
2096, 0.569, 37389
2097, 0.5693, 37406
2098, 0.5693, 37424
2099, 0.5694, 37442
2100, 0.5691, 37460
2101, 0.5693, 37478
2102, 0.5692, 37495
2103, 0.5693, 37513
2104, 0.5695, 37531
2105, 0.5692, 37548
2106, 0.5695, 37566
2107, 0.5694, 37585
2108, 0.5695, 37603
2109, 0.5696, 37621
2110, 0.57, 37639
2111, 0.5701, 37657
2112, 0.5701, 37675
2113, 0.5707, 37693
2114, 0.5706, 37711
2115, 0.5706, 37728
2116, 0.5709, 37746
2117, 0.5708, 37764
2118, 0.5709, 37782
2119, 0.5713, 37800
2120, 0.5714, 37818
2121, 0.5713, 37836
2122, 0.5715, 37854
2123, 0.5713, 37872
2124, 0.5716, 37889
2125, 0.5717, 37908
2126, 0.5717, 37926
2127, 0.572, 37944
2128, 0.572, 37962
2129, 0.5722, 37979
2130, 0.5721, 37997
2131, 0.5723, 38015
2132, 0.5723, 38033
2133, 0.5727, 38050
2134, 0.572, 38068
2135, 0.5725, 38086
2136, 0.5718, 38104
2137, 0.572, 38122
2138, 0.5719, 38140
2139, 0.5721, 38157
2140, 0.5723, 38175
2141, 0.5725, 38193
2142, 0.5725, 38211
2143, 0.5726, 38229
2144, 0.5727, 38247
2145, 0.5727, 38264
2146, 0.5727, 38282
2147, 0.5729, 38300
2148, 0.573, 38318
2149, 0.5729, 38336
2150, 0.573, 38354
2151, 0.5731, 38372
2152, 0.5734, 38390
2153, 0.5734, 38408
2154, 0.5733, 38426
2155, 0.5732, 38444
2156, 0.5736, 38462
2157, 0.5728, 38480
2158, 0.5733, 38498
2159, 0.5734, 38515
2160, 0.5734, 38533
2161, 0.5736, 38551
2162, 0.5737, 38569
2163, 0.5735, 38586
2164, 0.5738, 38604
2165, 0.5739, 38622
2166, 0.5738, 38640
2167, 0.5739, 38657
2168, 0.5739, 38675
2169, 0.5741, 38693
2170, 0.574, 38710
2171, 0.5746, 38729
2172, 0.5744, 38747
2173, 0.5742, 38765
2174, 0.574, 38782
2175, 0.5748, 38800
2176, 0.5743, 38818
2177, 0.5745, 38835
2178, 0.5739, 38853
2179, 0.5736, 38871
2180, 0.5734, 38889
2181, 0.5739, 38907
2182, 0.5738, 38924
2183, 0.5743, 38942
2184, 0.5739, 38960
2185, 0.5743, 38978
2186, 0.5742, 38996
2187, 0.5742, 39014
2188, 0.5742, 39032
2189, 0.5745, 39049
2190, 0.5742, 39067
2191, 0.5744, 39085
2192, 0.5743, 39103
2193, 0.5745, 39121
2194, 0.5746, 39139
2195, 0.5744, 39157
2196, 0.5746, 39174
2197, 0.5743, 39192
2198, 0.5745, 39210
2199, 0.5741, 39228
2200, 0.5741, 39246
2201, 0.5744, 39263
2202, 0.5742, 39281
2203, 0.5742, 39299
2204, 0.5743, 39317
2205, 0.5743, 39335
2206, 0.5746, 39352
2207, 0.5744, 39370
2208, 0.5749, 39388
2209, 0.5751, 39406
2210, 0.5748, 39423
2211, 0.5748, 39441
2212, 0.575, 39459
2213, 0.5749, 39476
2214, 0.5751, 39495
2215, 0.575, 39513
2216, 0.5754, 39531
2217, 0.5751, 39549
2218, 0.5755, 39567
2219, 0.5751, 39585
2220, 0.5753, 39603
2221, 0.5754, 39621
2222, 0.5754, 39639
2223, 0.5756, 39657
2224, 0.5755, 39675
2225, 0.5758, 39693
2226, 0.5759, 39711
2227, 0.5758, 39729
2228, 0.5757, 39747
2229, 0.5758, 39765
2230, 0.5759, 39783
2231, 0.5759, 39801
2232, 0.5761, 39819
2233, 0.576, 39837
2234, 0.576, 39855
2235, 0.576, 39873
2236, 0.5764, 39891
2237, 0.5764, 39909
2238, 0.5765, 39927
2239, 0.5764, 39944
2240, 0.5766, 39963
2241, 0.5767, 39980
2242, 0.5769, 39998
2243, 0.5767, 40016
2244, 0.5768, 40034
2245, 0.577, 40052
2246, 0.5771, 40070
2247, 0.5772, 40087
2248, 0.5771, 40106
2249, 0.5772, 40123
2250, 0.5771, 40141
2251, 0.5773, 40159
2252, 0.5773, 40177
2253, 0.5769, 40195
2254, 0.5769, 40213
2255, 0.5769, 40231
2256, 0.5774, 40249
2257, 0.5769, 40267
2258, 0.5772, 40284
2259, 0.5773, 40302
2260, 0.5771, 40320
2261, 0.5772, 40338
2262, 0.5774, 40356
2263, 0.5773, 40374
2264, 0.5773, 40392
2265, 0.5774, 40410
2266, 0.5774, 40428
2267, 0.5773, 40445
2268, 0.5776, 40463
2269, 0.5775, 40481
2270, 0.5778, 40498
2271, 0.5777, 40517
2272, 0.5778, 40534
2273, 0.5776, 40552
2274, 0.5777, 40570
2275, 0.5779, 40587
2276, 0.5775, 40605
2277, 0.5774, 40623
2278, 0.5776, 40641
2279, 0.5776, 40659
2280, 0.5776, 40676
2281, 0.5778, 40694
2282, 0.578, 40712
2283, 0.5778, 40729
2284, 0.5779, 40747
2285, 0.5778, 40765
2286, 0.5779, 40783
2287, 0.578, 40801
2288, 0.5779, 40819
2289, 0.5779, 40837
2290, 0.5777, 40854
2291, 0.5781, 40872
2292, 0.5781, 40890
2293, 0.5781, 40908
2294, 0.578, 40925
2295, 0.5781, 40943
2296, 0.578, 40961
2297, 0.578, 40979
2298, 0.5785, 40997
2299, 0.5779, 41015
2300, 0.578, 41033
2301, 0.5779, 41050
2302, 0.5783, 41069
2303, 0.578, 41086
2304, 0.5783, 41104
2305, 0.5786, 41122
2306, 0.5783, 41140
2307, 0.5783, 41157
2308, 0.5787, 41175
2309, 0.5784, 41193
2310, 0.5785, 41211
2311, 0.5783, 41228
2312, 0.5786, 41246
2313, 0.5786, 41264
2314, 0.5782, 41282
2315, 0.5784, 41300
2316, 0.5787, 41318
2317, 0.5783, 41335
2318, 0.5786, 41353
2319, 0.5785, 41371
2320, 0.5784, 41389
2321, 0.5786, 41407
2322, 0.5784, 41425
2323, 0.5784, 41443
2324, 0.5785, 41461
2325, 0.5785, 41479
2326, 0.5784, 41497
2327, 0.5783, 41515
2328, 0.5781, 41533
2329, 0.5784, 41551
2330, 0.5782, 41568
2331, 0.5783, 41586
2332, 0.5778, 41604
2333, 0.5781, 41622
2334, 0.5782, 41639
2335, 0.5781, 41657
2336, 0.5782, 41674
2337, 0.5783, 41692
2338, 0.5782, 41710
2339, 0.5785, 41728
2340, 0.5782, 41745
2341, 0.5786, 41763
2342, 0.578, 41781
2343, 0.5785, 41798
2344, 0.5784, 41816
2345, 0.5783, 41834
2346, 0.5783, 41852
2347, 0.5784, 41870
2348, 0.5784, 41887
2349, 0.5784, 41905
2350, 0.5786, 41922
2351, 0.5786, 41941
2352, 0.5788, 41959
2353, 0.5786, 41979
2354, 0.5791, 41996
2355, 0.5792, 42014
2356, 0.579, 42032
2357, 0.5789, 42049
2358, 0.5793, 42067
2359, 0.5789, 42085
2360, 0.579, 42102
2361, 0.5791, 42120
2362, 0.5788, 42138
2363, 0.579, 42156
2364, 0.5789, 42174
2365, 0.5791, 42192
2366, 0.5786, 42209
2367, 0.579, 42227
2368, 0.5785, 42244
2369, 0.5788, 42262
2370, 0.5786, 42281
2371, 0.5786, 42299
2372, 0.5784, 42317
2373, 0.5786, 42335
2374, 0.5785, 42353
2375, 0.5782, 42370
2376, 0.5784, 42388
2377, 0.5785, 42406
2378, 0.5783, 42424
2379, 0.5785, 42442
2380, 0.5788, 42460
2381, 0.5786, 42477
2382, 0.5782, 42495
2383, 0.5785, 42513
2384, 0.5786, 42531
2385, 0.5786, 42548
2386, 0.5786, 42566
2387, 0.5789, 42584
2388, 0.5786, 42602
2389, 0.5785, 42620
2390, 0.5786, 42638
2391, 0.5792, 42656
2392, 0.5787, 42674
2393, 0.5792, 42692
2394, 0.5788, 42710
2395, 0.5792, 42727
2396, 0.5788, 42745
2397, 0.579, 42763
2398, 0.5788, 42781
2399, 0.5794, 42799
2400, 0.5785, 42817
2401, 0.5791, 42835
2402, 0.5787, 42853
2403, 0.5788, 42871
2404, 0.5788, 42889
2405, 0.5788, 42907
2406, 0.5786, 42925
2407, 0.5788, 42943
2408, 0.5788, 42960
2409, 0.5787, 42978
2410, 0.5787, 42996
2411, 0.579, 43014
2412, 0.579, 43032
2413, 0.5791, 43050
2414, 0.579, 43068
2415, 0.5792, 43086
2416, 0.5793, 43104
2417, 0.5791, 43122
2418, 0.5791, 43139
2419, 0.5793, 43157
2420, 0.5796, 43175
2421, 0.5795, 43193
2422, 0.5797, 43211
2423, 0.5794, 43229
2424, 0.5799, 43247
2425, 0.5795, 43265
2426, 0.5795, 43283
2427, 0.5796, 43300
2428, 0.5795, 43318
2429, 0.5796, 43336
2430, 0.5799, 43355
2431, 0.5796, 43372
2432, 0.5797, 43390
2433, 0.5796, 43408
2434, 0.5797, 43426
2435, 0.5799, 43444
2436, 0.5798, 43461
2437, 0.5803, 43480
2438, 0.5798, 43497
2439, 0.5801, 43515
2440, 0.5802, 43533
2441, 0.5803, 43550
2442, 0.5801, 43568
2443, 0.5805, 43586
2444, 0.5804, 43604
2445, 0.5807, 43622
2446, 0.5809, 43640
2447, 0.5808, 43658
2448, 0.5808, 43677
2449, 0.5811, 43695
2450, 0.5811, 43713
2451, 0.581, 43731
2452, 0.5809, 43748
2453, 0.581, 43766
2454, 0.5812, 43785
2455, 0.5808, 43802
2456, 0.5813, 43820
2457, 0.5813, 43838
2458, 0.5813, 43856
2459, 0.5815, 43874
2460, 0.5813, 43892
2461, 0.5814, 43910
2462, 0.5814, 43928
2463, 0.5815, 43945
2464, 0.5816, 43964
2465, 0.5814, 43982
2466, 0.5815, 43999
2467, 0.5818, 44017
2468, 0.5815, 44035
2469, 0.5817, 44053
2470, 0.5819, 44071
2471, 0.5816, 44089
2472, 0.5823, 44107
2473, 0.5818, 44125
2474, 0.5826, 44143
2475, 0.5822, 44161
2476, 0.5826, 44179
2477, 0.5822, 44197
2478, 0.5829, 44215
2479, 0.5827, 44233
2480, 0.5831, 44251
2481, 0.5827, 44269
2482, 0.5831, 44287
2483, 0.5829, 44305
2484, 0.583, 44322
2485, 0.583, 44340
2486, 0.5831, 44358
2487, 0.583, 44376
2488, 0.583, 44394
2489, 0.583, 44412
2490, 0.5829, 44429
2491, 0.583, 44447
2492, 0.5829, 44466
2493, 0.5829, 44483
2494, 0.583, 44501
2495, 0.5832, 44518
2496, 0.5827, 44536
2497, 0.5827, 44554
2498, 0.583, 44572
2499, 0.5828, 44590
2500, 0.5834, 44608
2501, 0.5834, 44626
2502, 0.5835, 44644
2503, 0.5836, 44661
2504, 0.5835, 44680
2505, 0.5837, 44697
2506, 0.5835, 44715
2507, 0.5837, 44733
2508, 0.5834, 44750
2509, 0.5835, 44768
2510, 0.5839, 44786
2511, 0.5835, 44804
2512, 0.5834, 44822
2513, 0.5835, 44840
2514, 0.5836, 44858
2515, 0.5832, 44876
2516, 0.583, 44893
2517, 0.5832, 44911
2518, 0.5832, 44929
2519, 0.5832, 44947
2520, 0.5831, 44965
2521, 0.5832, 44983
2522, 0.583, 45001
2523, 0.5832, 45019
2524, 0.5831, 45037
2525, 0.5832, 45055
2526, 0.5831, 45073
2527, 0.5831, 45090
2528, 0.5835, 45108
2529, 0.5833, 45126
2530, 0.5835, 45143
2531, 0.5833, 45161
2532, 0.5836, 45179
2533, 0.5833, 45197
2534, 0.5836, 45215
2535, 0.5837, 45232
2536, 0.5839, 45251
2537, 0.5841, 45268
2538, 0.5841, 45286
2539, 0.5842, 45304
2540, 0.5843, 45322
2541, 0.5842, 45339
2542, 0.5843, 45357
2543, 0.5844, 45375
2544, 0.5843, 45393
2545, 0.5843, 45411
2546, 0.5843, 45428
2547, 0.5845, 45446
2548, 0.5843, 45464
2549, 0.5848, 45482
2550, 0.5847, 45499
2551, 0.5852, 45517
2552, 0.5849, 45535
2553, 0.5851, 45553
2554, 0.585, 45571
2555, 0.5852, 45588
2556, 0.5851, 45607
2557, 0.5849, 45625
2558, 0.5852, 45642
2559, 0.5849, 45660
2560, 0.585, 45678
2561, 0.585, 45696
2562, 0.585, 45713
2563, 0.5853, 45731
2564, 0.5853, 45749
2565, 0.5851, 45766
2566, 0.5855, 45784
2567, 0.5858, 45802
2568, 0.5861, 45820
2569, 0.5858, 45838
2570, 0.5861, 45855
2571, 0.5862, 45873
2572, 0.5861, 45891
2573, 0.5861, 45909
2574, 0.5863, 45927
2575, 0.5862, 45945
2576, 0.5864, 45962
2577, 0.5867, 45980
2578, 0.5867, 45998
2579, 0.5868, 46016
2580, 0.5867, 46034
2581, 0.5867, 46052
2582, 0.5868, 46069
2583, 0.5868, 46088
2584, 0.5867, 46105
2585, 0.5869, 46123
2586, 0.5869, 46141
2587, 0.5871, 46158
2588, 0.5871, 46177
2589, 0.587, 46194
2590, 0.5874, 46212
2591, 0.587, 46231
2592, 0.5874, 46249
2593, 0.5876, 46266
2594, 0.5876, 46284
2595, 0.5876, 46302
2596, 0.5874, 46320
2597, 0.5874, 46338
2598, 0.5877, 46356
2599, 0.5876, 46373
2600, 0.5877, 46391
2601, 0.5877, 46409
2602, 0.5876, 46427
2603, 0.5877, 46445
2604, 0.5878, 46463
2605, 0.5878, 46481
2606, 0.5882, 46499
2607, 0.5876, 46517
2608, 0.5881, 46535
2609, 0.5879, 46553
2610, 0.5883, 46571
2611, 0.5882, 46588
2612, 0.5879, 46606
2613, 0.5883, 46624
2614, 0.5884, 46642
2615, 0.5883, 46660
2616, 0.5884, 46678
2617, 0.5886, 46696
2618, 0.588, 46713
2619, 0.5881, 46731
2620, 0.5882, 46749
2621, 0.588, 46767
2622, 0.5883, 46785
2623, 0.5883, 46803
2624, 0.5879, 46821
2625, 0.588, 46839
2626, 0.5881, 46857
2627, 0.5883, 46875
2628, 0.5887, 46893
2629, 0.5887, 46911
2630, 0.5882, 46929
2631, 0.5886, 46946
2632, 0.5885, 46965
2633, 0.5885, 46982
2634, 0.5888, 47000
2635, 0.5885, 47018
2636, 0.5885, 47036
2637, 0.5888, 47054
2638, 0.5889, 47072
2639, 0.5885, 47090
2640, 0.5887, 47108
2641, 0.5887, 47126
2642, 0.5886, 47144
2643, 0.5884, 47161
2644, 0.5886, 47179
2645, 0.5882, 47197
2646, 0.5886, 47215
2647, 0.5882, 47233
2648, 0.5883, 47250
2649, 0.5884, 47268
2650, 0.5883, 47286
2651, 0.5883, 47305
2652, 0.5889, 47323
2653, 0.5885, 47341
2654, 0.589, 47359
2655, 0.5885, 47377
2656, 0.5888, 47395
2657, 0.5881, 47413
2658, 0.5892, 47431
2659, 0.589, 47449
2660, 0.5893, 47467
2661, 0.5889, 47485
2662, 0.5894, 47503
2663, 0.5889, 47520
2664, 0.5897, 47539
2665, 0.5891, 47557
2666, 0.5895, 47575
2667, 0.5892, 47593
2668, 0.5896, 47611
2669, 0.589, 47629
2670, 0.5899, 47647
2671, 0.5893, 47665
2672, 0.5898, 47684
2673, 0.5896, 47702
2674, 0.5902, 47719
2675, 0.5899, 47737
2676, 0.5902, 47755
2677, 0.59, 47773
2678, 0.59, 47792
2679, 0.5898, 47810
2680, 0.5903, 47828
2681, 0.5902, 47846
2682, 0.5902, 47863
2683, 0.5902, 47881
2684, 0.5903, 47899
2685, 0.5904, 47917
2686, 0.5901, 47935
2687, 0.5905, 47954
2688, 0.5908, 47972
2689, 0.5904, 47990
2690, 0.5903, 48008
2691, 0.5904, 48026
2692, 0.5903, 48044
2693, 0.5901, 48062
2694, 0.5902, 48080
2695, 0.5903, 48098
2696, 0.5899, 48116
2697, 0.5901, 48134
2698, 0.5901, 48152
2699, 0.5904, 48170
2700, 0.59, 48188
2701, 0.5901, 48206
2702, 0.5899, 48224
2703, 0.5904, 48241
2704, 0.5902, 48260
2705, 0.59, 48278
2706, 0.5902, 48296
2707, 0.5902, 48314
2708, 0.5903, 48333
2709, 0.5904, 48350
2710, 0.5903, 48368
2711, 0.5903, 48386
2712, 0.5902, 48404
2713, 0.5903, 48422
2714, 0.5904, 48440
2715, 0.5902, 48458
2716, 0.5904, 48476
2717, 0.5903, 48494
2718, 0.5904, 48511
2719, 0.5904, 48529
2720, 0.5901, 48547
2721, 0.5899, 48566
2722, 0.59, 48584
2723, 0.5904, 48602
2724, 0.5898, 48619
2725, 0.59, 48638
2726, 0.5901, 48656
2727, 0.59, 48674
2728, 0.5907, 48692
2729, 0.5908, 48710
2730, 0.5905, 48727
2731, 0.5904, 48745
2732, 0.5904, 48763
2733, 0.5905, 48781
2734, 0.5903, 48799
2735, 0.5906, 48817
2736, 0.5904, 48835
2737, 0.5906, 48852
2738, 0.5907, 48870
2739, 0.5906, 48888
2740, 0.5908, 48906
2741, 0.591, 48924
2742, 0.591, 48941
2743, 0.5911, 48959
2744, 0.591, 48977
2745, 0.591, 48995
2746, 0.591, 49013
2747, 0.5911, 49031
2748, 0.5911, 49049
2749, 0.5908, 49067
2750, 0.5911, 49085
2751, 0.5909, 49103
2752, 0.5909, 49121
2753, 0.5907, 49139
2754, 0.5907, 49157
2755, 0.5909, 49175
2756, 0.5908, 49192
2757, 0.5908, 49210
2758, 0.591, 49228
2759, 0.591, 49247
2760, 0.5908, 49265
2761, 0.591, 49283
2762, 0.5913, 49302
2763, 0.5913, 49320
2764, 0.5913, 49338
2765, 0.5912, 49355
2766, 0.5913, 49374
2767, 0.5914, 49391
2768, 0.5916, 49409
2769, 0.5915, 49427
2770, 0.5919, 49445
2771, 0.592, 49463
2772, 0.5917, 49482
2773, 0.5919, 49500
2774, 0.592, 49517
2775, 0.5922, 49535
2776, 0.5922, 49553
2777, 0.592, 49571
2778, 0.5925, 49589
2779, 0.5923, 49607
2780, 0.5924, 49625
2781, 0.5924, 49643
2782, 0.5924, 49661
2783, 0.5923, 49679
2784, 0.5928, 49697
2785, 0.5925, 49715
2786, 0.5925, 49733
2787, 0.5928, 49751
2788, 0.5929, 49769
2789, 0.593, 49787
2790, 0.5928, 49805
2791, 0.593, 49823
2792, 0.5928, 49841
2793, 0.5927, 49858
2794, 0.5932, 49876
2795, 0.5928, 49893
2796, 0.5931, 49911
2797, 0.5928, 49929
2798, 0.5933, 49947
2799, 0.5932, 49965
2800, 0.5934, 49983
2801, 0.5935, 50001
2802, 0.5935, 50019
2803, 0.5936, 50037
2804, 0.5933, 50054
2805, 0.5935, 50072
2806, 0.5937, 50090
2807, 0.5936, 50108
2808, 0.5935, 50126
2809, 0.594, 50144
2810, 0.5936, 50162
2811, 0.5939, 50180
2812, 0.5937, 50197
2813, 0.5938, 50215
2814, 0.5938, 50233
2815, 0.5938, 50251
2816, 0.5941, 50268
2817, 0.5937, 50286
2818, 0.5939, 50304
2819, 0.5941, 50322
2820, 0.5938, 50340
2821, 0.5938, 50358
2822, 0.5938, 50376
2823, 0.5939, 50395
2824, 0.594, 50413
2825, 0.594, 50431
2826, 0.5942, 50449
2827, 0.594, 50467
2828, 0.5942, 50485
2829, 0.5942, 50503
2830, 0.5942, 50521
2831, 0.5945, 50539
2832, 0.5941, 50557
2833, 0.5941, 50575
2834, 0.594, 50592
2835, 0.5945, 50610
2836, 0.5946, 50628
2837, 0.5945, 50646
2838, 0.5944, 50665
2839, 0.5946, 50682
2840, 0.5946, 50701
2841, 0.5949, 50718
2842, 0.5949, 50736
2843, 0.595, 50754
2844, 0.5952, 50771
2845, 0.595, 50789
2846, 0.595, 50807
2847, 0.5949, 50826
2848, 0.5952, 50843
2849, 0.5953, 50861
2850, 0.5954, 50879
2851, 0.5955, 50897
2852, 0.595, 50915
2853, 0.5954, 50933
2854, 0.5951, 50951
2855, 0.5955, 50969
2856, 0.5949, 50987
2857, 0.595, 51006
2858, 0.595, 51023
2859, 0.5956, 51041
2860, 0.5947, 51059
2861, 0.5952, 51077
2862, 0.5954, 51096
2863, 0.595, 51113
2864, 0.5948, 51131
2865, 0.5954, 51149
2866, 0.5951, 51168
2867, 0.5952, 51186
2868, 0.5952, 51204
2869, 0.5955, 51222
2870, 0.5954, 51240
2871, 0.5953, 51258
2872, 0.5953, 51276
2873, 0.5954, 51294
2874, 0.5954, 51312
2875, 0.5954, 51330
2876, 0.5955, 51348
2877, 0.5953, 51366
2878, 0.5952, 51383
2879, 0.5957, 51402
2880, 0.5952, 51420
2881, 0.5953, 51438
2882, 0.5952, 51455
2883, 0.5954, 51473
2884, 0.595, 51491
2885, 0.5952, 51509
2886, 0.595, 51527
2887, 0.595, 51545
2888, 0.595, 51563
2889, 0.5951, 51580
2890, 0.5951, 51598
2891, 0.5951, 51617
2892, 0.5951, 51635
2893, 0.5952, 51652
2894, 0.5949, 51670
2895, 0.5951, 51688
2896, 0.5955, 51705
2897, 0.5955, 51724
2898, 0.5955, 51742
2899, 0.595, 51760
2900, 0.5952, 51777
2901, 0.5952, 51795
2902, 0.5953, 51813
2903, 0.5952, 51831
2904, 0.5954, 51849
2905, 0.5953, 51867
2906, 0.5951, 51885
2907, 0.595, 51903
2908, 0.5952, 51921
2909, 0.5949, 51938
2910, 0.5953, 51956
2911, 0.5952, 51974
2912, 0.5951, 51992
2913, 0.5955, 52010
2914, 0.5959, 52028
2915, 0.5952, 52046
2916, 0.5953, 52063
2917, 0.5954, 52081
2918, 0.5956, 52099
2919, 0.5954, 52117
2920, 0.5956, 52135
2921, 0.5954, 52153
2922, 0.5956, 52171
2923, 0.5955, 52189
2924, 0.5957, 52207
2925, 0.5954, 52225
2926, 0.5958, 52243
2927, 0.5961, 52261
2928, 0.5956, 52279
2929, 0.5957, 52297
2930, 0.596, 52315
2931, 0.5956, 52334
2932, 0.5958, 52352
2933, 0.5961, 52369
2934, 0.5959, 52387
2935, 0.5956, 52405
2936, 0.5958, 52423
2937, 0.5957, 52440
2938, 0.5954, 52458
2939, 0.5957, 52475
2940, 0.5958, 52493
2941, 0.5953, 52511
2942, 0.5958, 52529
2943, 0.5957, 52547
2944, 0.5958, 52565
2945, 0.5955, 52582
2946, 0.5959, 52600
2947, 0.5954, 52618
2948, 0.5962, 52636
2949, 0.5954, 52654
2950, 0.5962, 52672
2951, 0.5954, 52691
2952, 0.5962, 52708
2953, 0.5958, 52726
2954, 0.596, 52744
2955, 0.5956, 52762
2956, 0.596, 52781
2957, 0.5959, 52798
2958, 0.5964, 52816
2959, 0.596, 52834
2960, 0.5966, 52852
2961, 0.5961, 52870
2962, 0.596, 52888
2963, 0.5963, 52906
2964, 0.5964, 52924
2965, 0.5961, 52941
2966, 0.5966, 52960
2967, 0.5963, 52978
2968, 0.5962, 52995
2969, 0.5966, 53013
2970, 0.5967, 53031
2971, 0.5965, 53049
2972, 0.5966, 53066
2973, 0.5965, 53084
2974, 0.5967, 53102
2975, 0.5967, 53120
2976, 0.597, 53138
2977, 0.5968, 53156
2978, 0.5966, 53173
2979, 0.5972, 53191
2980, 0.5974, 53209
2981, 0.5971, 53227
2982, 0.5973, 53246
2983, 0.597, 53264
2984, 0.5971, 53282
2985, 0.5972, 53300
2986, 0.5975, 53318
2987, 0.5974, 53336
2988, 0.5975, 53354
2989, 0.5973, 53372
2990, 0.5976, 53390
2991, 0.5978, 53408
2992, 0.5978, 53425
2993, 0.5973, 53443
2994, 0.5978, 53462
2995, 0.5979, 53479
2996, 0.5981, 53497
2997, 0.5979, 53515
2998, 0.5979, 53533
2999, 0.5979, 53551
3000, 0.5979, 53568
3001, 0.5982, 53586
3002, 0.5978, 53604
3003, 0.5983, 53622
3004, 0.5979, 53640
3005, 0.5982, 53658
3006, 0.5978, 53676
3007, 0.5984, 53694
3008, 0.5981, 53712
3009, 0.5982, 53730
3010, 0.5977, 53748
3011, 0.598, 53766
3012, 0.598, 53784
3013, 0.5981, 53802
3014, 0.5977, 53820
3015, 0.598, 53838
3016, 0.5978, 53856
3017, 0.598, 53874
3018, 0.5979, 53891
3019, 0.598, 53909
3020, 0.5982, 53927
3021, 0.5981, 53945
3022, 0.5982, 53963
3023, 0.5979, 53981
3024, 0.5982, 53999
3025, 0.598, 54017
3026, 0.5981, 54035
3027, 0.5976, 54053
3028, 0.598, 54070
3029, 0.5978, 54088
3030, 0.5981, 54106
3031, 0.598, 54125
3032, 0.5979, 54143
3033, 0.5976, 54161
3034, 0.5979, 54178
3035, 0.5976, 54196
3036, 0.598, 54213
3037, 0.5975, 54231
3038, 0.5977, 54249
3039, 0.5976, 54266
3040, 0.598, 54284
3041, 0.5978, 54302
3042, 0.598, 54320
3043, 0.5982, 54338
3044, 0.598, 54356
3045, 0.5977, 54374
3046, 0.598, 54392
3047, 0.5982, 54410
3048, 0.5977, 54428
3049, 0.5983, 54446
3050, 0.5982, 54464
3051, 0.5981, 54481
3052, 0.5984, 54499
3053, 0.5982, 54517
3054, 0.5982, 54535
3055, 0.5982, 54553
3056, 0.5985, 54571
3057, 0.5983, 54589
3058, 0.5982, 54607
3059, 0.5983, 54625
3060, 0.5985, 54643
3061, 0.5983, 54661
3062, 0.5982, 54680
3063, 0.5979, 54697
3064, 0.5983, 54716
3065, 0.5984, 54734
3066, 0.5981, 54751
3067, 0.5984, 54770
3068, 0.5984, 54788
3069, 0.5984, 54806
3070, 0.5987, 54823
3071, 0.5983, 54841
3072, 0.5986, 54858
3073, 0.5985, 54876
3074, 0.5987, 54894
3075, 0.5984, 54912
3076, 0.5987, 54930
3077, 0.5986, 54948
3078, 0.599, 54966
3079, 0.599, 54984
3080, 0.5985, 55003
3081, 0.5986, 55021
3082, 0.5983, 55039
3083, 0.5987, 55057
3084, 0.5987, 55075
3085, 0.5985, 55093
3086, 0.5984, 55111
3087, 0.5985, 55128
3088, 0.5984, 55147
3089, 0.5982, 55165
3090, 0.5983, 55183
3091, 0.5988, 55201
3092, 0.5985, 55220
3093, 0.5987, 55237
3094, 0.5988, 55255
3095, 0.5985, 55273
3096, 0.5986, 55291
3097, 0.5987, 55309
3098, 0.5981, 55327
3099, 0.5983, 55345
3100, 0.5988, 55363
3101, 0.5981, 55381
3102, 0.5987, 55399
3103, 0.5987, 55418
3104, 0.5986, 55436
3105, 0.5988, 55454
3106, 0.599, 55472
3107, 0.5992, 55490
3108, 0.5996, 55508
3109, 0.5995, 55525
3110, 0.5994, 55543
3111, 0.5996, 55561
3112, 0.5995, 55579
3113, 0.5997, 55597
3114, 0.5994, 55616
3115, 0.5998, 55634
3116, 0.6, 55652
3117, 0.5999, 55670
3118, 0.5997, 55688
3119, 0.5996, 55705
3120, 0.5996, 55724
3121, 0.6002, 55742
3122, 0.5995, 55760
3123, 0.5999, 55778
3124, 0.5992, 55796
3125, 0.5998, 55815
3126, 0.5996, 55833
3127, 0.5996, 55851
3128, 0.5993, 55868
3129, 0.5999, 55886
3130, 0.5996, 55904
3131, 0.5994, 55923
3132, 0.5999, 55941
3133, 0.5996, 55958
3134, 0.5999, 55976
3135, 0.5995, 55994
3136, 0.5995, 56012
3137, 0.5998, 56030
3138, 0.6001, 56048
3139, 0.5997, 56066
3140, 0.5999, 56084
3141, 0.5998, 56102
3142, 0.6001, 56119
3143, 0.5999, 56138
3144, 0.5999, 56155
3145, 0.5999, 56173
3146, 0.6003, 56191
3147, 0.5999, 56209
3148, 0.6, 56227
3149, 0.6, 56245
3150, 0.6004, 56263
3151, 0.6002, 56281
3152, 0.6004, 56299
3153, 0.6005, 56317
3154, 0.6003, 56335
3155, 0.6007, 56353
3156, 0.6006, 56371
3157, 0.6004, 56389
3158, 0.6006, 56407
3159, 0.6008, 56425
3160, 0.6006, 56443
3161, 0.6008, 56461
3162, 0.6009, 56479
3163, 0.6008, 56497
3164, 0.601, 56515
3165, 0.6013, 56532
3166, 0.6012, 56551
3167, 0.6008, 56569
3168, 0.6014, 56587
3169, 0.601, 56605
3170, 0.6016, 56623
3171, 0.6011, 56641
3172, 0.6014, 56659
3173, 0.6012, 56677
3174, 0.6015, 56695
3175, 0.6015, 56713
3176, 0.6015, 56731
3177, 0.6019, 56749
3178, 0.6017, 56767
3179, 0.6019, 56785
3180, 0.6022, 56803
3181, 0.6021, 56820
3182, 0.6023, 56838
3183, 0.6021, 56856
3184, 0.6025, 56874
3185, 0.6023, 56892
3186, 0.6027, 56910
3187, 0.602, 56927
3188, 0.6026, 56946
3189, 0.6024, 56964
3190, 0.6025, 56982
3191, 0.6021, 57000
3192, 0.6027, 57018
3193, 0.6023, 57036
3194, 0.6025, 57053
3195, 0.6023, 57071
3196, 0.6027, 57089
3197, 0.6022, 57107
3198, 0.6024, 57125
3199, 0.6025, 57142
3200, 0.6027, 57160
3201, 0.6026, 57178
3202, 0.6027, 57195
3203, 0.6027, 57213
3204, 0.6027, 57231
3205, 0.6024, 57249
3206, 0.6028, 57267
3207, 0.6023, 57284
3208, 0.6027, 57302
3209, 0.602, 57320
3210, 0.6028, 57337
3211, 0.6023, 57355
3212, 0.6028, 57373
3213, 0.6023, 57391
3214, 0.6029, 57409
3215, 0.6026, 57427
3216, 0.6029, 57444
3217, 0.6026, 57462
3218, 0.603, 57480
3219, 0.6022, 57498
3220, 0.6028, 57516
3221, 0.6025, 57534
3222, 0.603, 57551
3223, 0.6025, 57569
3224, 0.6028, 57587
3225, 0.6028, 57604
3226, 0.6028, 57622
3227, 0.6027, 57640
3228, 0.6029, 57658
3229, 0.6029, 57676
3230, 0.6029, 57694
3231, 0.6027, 57712
3232, 0.6028, 57730
3233, 0.6027, 57747
3234, 0.6031, 57765
3235, 0.603, 57783
3236, 0.6031, 57801
3237, 0.6031, 57818
3238, 0.6032, 57836
3239, 0.6029, 57854
3240, 0.6034, 57872
3241, 0.6033, 57890
3242, 0.6037, 57908
3243, 0.6032, 57925
3244, 0.6036, 57943
3245, 0.6035, 57961
3246, 0.6036, 57979
3247, 0.6036, 57997
3248, 0.6038, 58015
3249, 0.6034, 58033
3250, 0.6041, 58051
3251, 0.6039, 58068
3252, 0.604, 58086
3253, 0.6037, 58104
3254, 0.6038, 58122
3255, 0.604, 58139
3256, 0.6041, 58157
3257, 0.6041, 58175
3258, 0.6044, 58193
3259, 0.6042, 58211
3260, 0.604, 58229
3261, 0.6038, 58247
3262, 0.6045, 58265
3263, 0.6037, 58282
3264, 0.6041, 58300
3265, 0.6039, 58318
3266, 0.6041, 58336
3267, 0.6039, 58354
3268, 0.6043, 58372
3269, 0.6038, 58390
3270, 0.6043, 58407
3271, 0.6037, 58425
3272, 0.6043, 58443
3273, 0.6037, 58461
3274, 0.6045, 58479
3275, 0.6041, 58497
3276, 0.6044, 58515
3277, 0.6044, 58533
3278, 0.6048, 58551
3279, 0.6044, 58568
3280, 0.6048, 58586
3281, 0.6052, 58605
3282, 0.6051, 58622
3283, 0.6049, 58640
3284, 0.6055, 58658
3285, 0.6051, 58676
3286, 0.6053, 58694
3287, 0.6051, 58711
3288, 0.6053, 58729
3289, 0.6051, 58747
3290, 0.6052, 58765
3291, 0.605, 58783
3292, 0.6052, 58801
3293, 0.6054, 58819
3294, 0.6052, 58837
3295, 0.6051, 58855
3296, 0.6053, 58873
3297, 0.605, 58891
3298, 0.6054, 58909
3299, 0.6051, 58927
3300, 0.6054, 58945
3301, 0.6054, 58963
3302, 0.6056, 58981
3303, 0.6051, 58999
3304, 0.6056, 59017
3305, 0.6054, 59035
3306, 0.6054, 59053
3307, 0.6053, 59070
3308, 0.6053, 59088
3309, 0.6056, 59106
3310, 0.6056, 59124
3311, 0.6054, 59142
3312, 0.6056, 59159
3313, 0.6056, 59177
3314, 0.6056, 59194
3315, 0.6054, 59212
3316, 0.6057, 59230
3317, 0.6056, 59248
3318, 0.6057, 59266
3319, 0.6054, 59284
3320, 0.6056, 59302
3321, 0.6052, 59319
3322, 0.6055, 59337
3323, 0.605, 59355
3324, 0.6056, 59374
3325, 0.6053, 59392
3326, 0.6056, 59410
3327, 0.6052, 59428
3328, 0.6055, 59445
3329, 0.6054, 59463
3330, 0.6055, 59481
3331, 0.6053, 59499
3332, 0.6055, 59517
3333, 0.6056, 59535
3334, 0.6058, 59553
3335, 0.6057, 59571
3336, 0.6058, 59589
3337, 0.6056, 59606
3338, 0.6063, 59625
3339, 0.6057, 59643
3340, 0.606, 59661
3341, 0.6058, 59679
3342, 0.6059, 59696
3343, 0.6057, 59714
3344, 0.606, 59732
3345, 0.6058, 59750
3346, 0.606, 59768
3347, 0.606, 59786
3348, 0.6062, 59803
3349, 0.6063, 59821
3350, 0.6063, 59839
3351, 0.6062, 59856
3352, 0.6063, 59874
3353, 0.6061, 59891
3354, 0.6062, 59909
3355, 0.6064, 59927
3356, 0.6065, 59945
3357, 0.6063, 59963
3358, 0.6065, 59981
3359, 0.6063, 59999
3360, 0.6068, 60017
3361, 0.6066, 60034
3362, 0.6066, 60052
3363, 0.6065, 60070
3364, 0.6069, 60087
3365, 0.6065, 60105
3366, 0.6067, 60123
3367, 0.6067, 60141
3368, 0.6065, 60159
3369, 0.6068, 60177
3370, 0.6067, 60195
3371, 0.6068, 60213
3372, 0.6068, 60231
3373, 0.6067, 60248
3374, 0.607, 60266
3375, 0.607, 60284
3376, 0.6067, 60302
3377, 0.607, 60320
3378, 0.6068, 60338
3379, 0.6068, 60356
3380, 0.6073, 60374
3381, 0.6068, 60391
3382, 0.6071, 60408
3383, 0.6068, 60426
3384, 0.6068, 60444
3385, 0.6068, 60462
3386, 0.6072, 60479
3387, 0.6069, 60497
3388, 0.607, 60515
3389, 0.6073, 60533
3390, 0.6069, 60550
3391, 0.607, 60568
3392, 0.6076, 60587
3393, 0.607, 60604
3394, 0.6072, 60622
3395, 0.607, 60640
3396, 0.6071, 60659
3397, 0.6069, 60676
3398, 0.607, 60694
3399, 0.607, 60712
3400, 0.607, 60730
3401, 0.6071, 60748
3402, 0.6071, 60766
3403, 0.6073, 60783
3404, 0.607, 60801
3405, 0.6073, 60819
3406, 0.607, 60837
3407, 0.6073, 60855
3408, 0.6071, 60873
3409, 0.6071, 60891
3410, 0.6072, 60909
3411, 0.6075, 60927
3412, 0.6069, 60944
3413, 0.6072, 60962
3414, 0.6069, 60980
3415, 0.6073, 60998
3416, 0.6072, 61016
3417, 0.6074, 61033
3418, 0.6069, 61051
3419, 0.6073, 61069
3420, 0.6073, 61087
3421, 0.6073, 61105
3422, 0.607, 61122
3423, 0.6072, 61140
3424, 0.6072, 61158
3425, 0.6071, 61176
3426, 0.607, 61194
3427, 0.6074, 61212
3428, 0.6073, 61230
3429, 0.6073, 61247
3430, 0.607, 61265
3431, 0.6073, 61283
3432, 0.6074, 61301
3433, 0.6072, 61319
3434, 0.6075, 61336
3435, 0.6075, 61354
3436, 0.6073, 61372
3437, 0.6076, 61390
3438, 0.6074, 61408
3439, 0.6073, 61426
3440, 0.6074, 61443
3441, 0.6073, 61461
3442, 0.6072, 61479
3443, 0.6076, 61497
3444, 0.6074, 61515
3445, 0.6076, 61533
3446, 0.6074, 61551
3447, 0.6075, 61569
3448, 0.6074, 61586
3449, 0.6073, 61604
3450, 0.6073, 61622
3451, 0.6073, 61639
3452, 0.6071, 61657
3453, 0.6072, 61674
3454, 0.6076, 61692
3455, 0.6073, 61710
3456, 0.6069, 61727
3457, 0.6074, 61745
3458, 0.6075, 61763
3459, 0.6074, 61781
3460, 0.6075, 61798
3461, 0.6075, 61816
3462, 0.6071, 61834
3463, 0.6077, 61852
3464, 0.6075, 61869
3465, 0.6073, 61887
3466, 0.6073, 61905
3467, 0.6075, 61923
3468, 0.6077, 61940
3469, 0.6076, 61958
3470, 0.6075, 61976
3471, 0.6078, 61993
3472, 0.6073, 62011
3473, 0.6078, 62029
3474, 0.6077, 62047
3475, 0.6076, 62064
3476, 0.6078, 62082
3477, 0.6079, 62100
3478, 0.6078, 62118
3479, 0.6076, 62136
3480, 0.6079, 62153
3481, 0.6076, 62171
3482, 0.6077, 62190
3483, 0.6079, 62208
3484, 0.6076, 62226
3485, 0.6079, 62244
3486, 0.6078, 62262
3487, 0.6078, 62279
3488, 0.6076, 62297
3489, 0.6077, 62315
3490, 0.6078, 62333
3491, 0.6074, 62351
3492, 0.6077, 62369
3493, 0.6077, 62386
3494, 0.6077, 62404
3495, 0.6073, 62422
3496, 0.608, 62440
3497, 0.6075, 62458
3498, 0.6076, 62476
3499, 0.6074, 62493
3500, 0.6074, 62511
3501, 0.6076, 62529
3502, 0.6073, 62547
3503, 0.6074, 62565
3504, 0.6075, 62583
3505, 0.6074, 62601
3506, 0.6073, 62619
3507, 0.6074, 62637
3508, 0.6071, 62655
3509, 0.6076, 62672
3510, 0.6069, 62690
3511, 0.6074, 62707
3512, 0.6072, 62724
3513, 0.6074, 62742
3514, 0.6073, 62760
3515, 0.6074, 62778
3516, 0.6071, 62796
3517, 0.6074, 62814
3518, 0.6068, 62831
3519, 0.6073, 62849
3520, 0.6069, 62867
3521, 0.6073, 62886
3522, 0.6071, 62904
3523, 0.6073, 62921
3524, 0.6067, 62939
3525, 0.6073, 62957
3526, 0.6071, 62975
3527, 0.6071, 62993
3528, 0.6067, 63011
3529, 0.6073, 63029
3530, 0.6069, 63047
3531, 0.6068, 63065
3532, 0.6066, 63083
3533, 0.607, 63100
3534, 0.6069, 63118
3535, 0.6069, 63136
3536, 0.6071, 63153
3537, 0.6066, 63171
3538, 0.6069, 63189
3539, 0.6063, 63207
3540, 0.6068, 63225
3541, 0.6069, 63243
3542, 0.6065, 63260
3543, 0.6067, 63278
3544, 0.6065, 63296
3545, 0.6063, 63313
3546, 0.6065, 63331
3547, 0.6063, 63349
3548, 0.6067, 63367
3549, 0.6067, 63384
3550, 0.6069, 63402
3551, 0.6066, 63420
3552, 0.6067, 63438
3553, 0.6066, 63456
3554, 0.6071, 63474
3555, 0.6069, 63492
3556, 0.6069, 63510
3557, 0.6069, 63528
3558, 0.6069, 63546
3559, 0.6069, 63564
3560, 0.6065, 63583
3561, 0.6067, 63600
3562, 0.6067, 63618
3563, 0.6067, 63636
3564, 0.6068, 63653
3565, 0.6068, 63671
3566, 0.6065, 63688
3567, 0.6063, 63706
3568, 0.6067, 63724
3569, 0.6066, 63742
3570, 0.6067, 63760
3571, 0.6064, 63778
3572, 0.6065, 63796
3573, 0.6062, 63814
3574, 0.6068, 63832
3575, 0.6062, 63850
3576, 0.6064, 63868
3577, 0.6066, 63888
3578, 0.6065, 63906
3579, 0.6065, 63923
3580, 0.6068, 63941
3581, 0.6064, 63959
3582, 0.6067, 63977
3583, 0.6065, 63995
3584, 0.6063, 64013
3585, 0.6065, 64031
3586, 0.6065, 64049
3587, 0.6067, 64067
3588, 0.6065, 64086
3589, 0.6064, 64104
3590, 0.6065, 64122
3591, 0.6066, 64140
3592, 0.6065, 64158
3593, 0.607, 64176
3594, 0.6067, 64194
3595, 0.6068, 64212
3596, 0.6067, 64230
3597, 0.6068, 64248
3598, 0.6065, 64266
3599, 0.6068, 64284
3600, 0.6068, 64302
3601, 0.6063, 64320
3602, 0.6067, 64338
3603, 0.6069, 64356
3604, 0.6068, 64374
3605, 0.6068, 64392
3606, 0.607, 64410
3607, 0.6069, 64428
3608, 0.607, 64446
3609, 0.607, 64465
3610, 0.6071, 64483
3611, 0.607, 64501
3612, 0.6073, 64519
3613, 0.6071, 64538
3614, 0.6073, 64555
3615, 0.6073, 64574
3616, 0.6074, 64592
3617, 0.607, 64610
3618, 0.6072, 64628
3619, 0.6073, 64646
3620, 0.6072, 64664
3621, 0.607, 64682
3622, 0.6071, 64700
3623, 0.6071, 64719
3624, 0.6072, 64737
3625, 0.6068, 64755
3626, 0.6068, 64773
3627, 0.607, 64792
3628, 0.6072, 64810
3629, 0.6069, 64828
3630, 0.6074, 64846
3631, 0.6069, 64864
3632, 0.6068, 64882
3633, 0.607, 64900
3634, 0.607, 64918
3635, 0.607, 64936
3636, 0.6068, 64955
3637, 0.6071, 64972
3638, 0.6066, 64990
3639, 0.6064, 65009
3640, 0.6069, 65027
3641, 0.6067, 65045
3642, 0.6068, 65063
3643, 0.6068, 65081
3644, 0.6071, 65099
3645, 0.6071, 65117
3646, 0.6075, 65135
3647, 0.6072, 65153
3648, 0.6073, 65171
3649, 0.6066, 65189
3650, 0.6073, 65208
3651, 0.6069, 65226
3652, 0.607, 65244
3653, 0.6069, 65262
3654, 0.6073, 65280
3655, 0.6071, 65298
3656, 0.607, 65315
3657, 0.6071, 65333
3658, 0.6071, 65351
3659, 0.6072, 65369
3660, 0.6074, 65387
3661, 0.6073, 65406
3662, 0.6071, 65424
3663, 0.6074, 65442
3664, 0.6073, 65460
3665, 0.6073, 65478
3666, 0.607, 65496
3667, 0.6076, 65514
3668, 0.6072, 65532
3669, 0.6073, 65550
3670, 0.6073, 65568
3671, 0.6076, 65586
3672, 0.6074, 65604
3673, 0.6075, 65622
3674, 0.6074, 65640
3675, 0.6073, 65658
3676, 0.6075, 65676
3677, 0.6079, 65695
3678, 0.6077, 65713
3679, 0.6081, 65731
3680, 0.6076, 65749
3681, 0.6078, 65767
3682, 0.6077, 65785
3683, 0.6075, 65803
3684, 0.6079, 65821
3685, 0.6079, 65840
3686, 0.6076, 65858
3687, 0.608, 65876
3688, 0.6076, 65894
3689, 0.6078, 65912
3690, 0.6078, 65930
3691, 0.6081, 65948
3692, 0.6076, 65966
3693, 0.608, 65984
3694, 0.6078, 66002
3695, 0.6077, 66020
3696, 0.6084, 66038
3697, 0.608, 66056
3698, 0.6079, 66074
3699, 0.6078, 66091
3700, 0.6081, 66109
3701, 0.608, 66127
3702, 0.6081, 66146
3703, 0.6078, 66164
3704, 0.6079, 66182
3705, 0.6074, 66199
3706, 0.6077, 66217
3707, 0.6074, 66235
3708, 0.6072, 66254
3709, 0.6075, 66272
3710, 0.6074, 66290
3711, 0.6074, 66308
3712, 0.6072, 66326
3713, 0.6071, 66344
3714, 0.6074, 66362
3715, 0.6074, 66379
3716, 0.6072, 66398
3717, 0.6072, 66416
3718, 0.6072, 66434
3719, 0.6075, 66452
3720, 0.6071, 66471
3721, 0.6071, 66489
3722, 0.6072, 66507
3723, 0.6074, 66525
3724, 0.6071, 66543
3725, 0.6075, 66561
3726, 0.6074, 66580
3727, 0.6072, 66598
3728, 0.6074, 66616
3729, 0.6075, 66634
3730, 0.6073, 66652
3731, 0.6077, 66670
3732, 0.6073, 66688
3733, 0.6076, 66706
3734, 0.6075, 66724
3735, 0.6073, 66742
3736, 0.6073, 66760
3737, 0.6074, 66778
3738, 0.6072, 66796
3739, 0.6074, 66814
3740, 0.6071, 66832
3741, 0.6073, 66850
3742, 0.6074, 66868
3743, 0.6074, 66886
3744, 0.6075, 66904
3745, 0.6075, 66922
3746, 0.6074, 66941
3747, 0.6077, 66959
3748, 0.6073, 66978
3749, 0.6073, 66996
3750, 0.6075, 67014
3751, 0.6072, 67032
3752, 0.6074, 67050
3753, 0.6072, 67068
3754, 0.6072, 67085
3755, 0.6072, 67104
3756, 0.6075, 67121
3757, 0.6075, 67139
3758, 0.6075, 67157
3759, 0.6072, 67176
3760, 0.6078, 67194
3761, 0.6074, 67212
3762, 0.6076, 67230
3763, 0.6073, 67248
3764, 0.6073, 67266
3765, 0.6074, 67284
3766, 0.6077, 67302
3767, 0.6073, 67321
3768, 0.608, 67339
3769, 0.6076, 67357
3770, 0.6077, 67375
3771, 0.6075, 67393
3772, 0.6077, 67411
3773, 0.6076, 67429
3774, 0.6076, 67447
3775, 0.6076, 67465
3776, 0.6081, 67484
3777, 0.6073, 67502
3778, 0.6079, 67520
3779, 0.6076, 67538
3780, 0.6082, 67557
3781, 0.608, 67574
3782, 0.608, 67593
3783, 0.608, 67611
3784, 0.6084, 67629
3785, 0.6084, 67647
3786, 0.6081, 67665
3787, 0.6089, 67683
3788, 0.6082, 67701
3789, 0.6084, 67719
3790, 0.6083, 67737
3791, 0.6088, 67755
3792, 0.6084, 67773
3793, 0.6087, 67791
3794, 0.6081, 67809
3795, 0.6085, 67828
3796, 0.6085, 67846
3797, 0.6083, 67864
3798, 0.6087, 67882
3799, 0.6086, 67900
3800, 0.6082, 67918
3801, 0.6084, 67937
3802, 0.6082, 67955
3803, 0.6086, 67973
3804, 0.6083, 67991
3805, 0.6082, 68009
3806, 0.6081, 68026
3807, 0.6084, 68045
3808, 0.608, 68063
3809, 0.6081, 68081
3810, 0.6083, 68099
3811, 0.6081, 68118
3812, 0.6084, 68136
3813, 0.6083, 68154
3814, 0.6083, 68172
3815, 0.6084, 68190
3816, 0.6082, 68207
3817, 0.6081, 68226
3818, 0.6082, 68244
3819, 0.6082, 68262
3820, 0.6082, 68280
3821, 0.6087, 68298
3822, 0.6086, 68316
3823, 0.6085, 68334
3824, 0.6084, 68352
3825, 0.6085, 68370
3826, 0.6087, 68388
3827, 0.6086, 68406
3828, 0.6086, 68425
3829, 0.6087, 68443
3830, 0.6086, 68461
3831, 0.6086, 68479
3832, 0.6087, 68497
3833, 0.6087, 68515
3834, 0.6084, 68533
3835, 0.6085, 68551
3836, 0.6089, 68569
3837, 0.6084, 68587
3838, 0.6086, 68605
3839, 0.6088, 68623
3840, 0.6083, 68641
3841, 0.6089, 68659
3842, 0.6089, 68677
3843, 0.6086, 68695
3844, 0.6088, 68713
3845, 0.6087, 68731
3846, 0.6087, 68749
3847, 0.6091, 68767
3848, 0.6088, 68785
3849, 0.6089, 68803
3850, 0.6089, 68821
3851, 0.6087, 68840
3852, 0.609, 68857
3853, 0.6088, 68875
3854, 0.609, 68894
3855, 0.6087, 68912
3856, 0.6091, 68930
3857, 0.6087, 68948
3858, 0.609, 68966
3859, 0.6087, 68984
3860, 0.6087, 69002
3861, 0.6088, 69020
3862, 0.6093, 69038
3863, 0.6087, 69056
3864, 0.6092, 69074
3865, 0.609, 69092
3866, 0.6092, 69110
3867, 0.6088, 69128
3868, 0.6095, 69146
3869, 0.6091, 69165
3870, 0.6093, 69183
3871, 0.6092, 69201
3872, 0.6093, 69219
3873, 0.6092, 69237
3874, 0.6092, 69254
3875, 0.6088, 69273
3876, 0.6091, 69291
3877, 0.6088, 69309
3878, 0.6091, 69327
3879, 0.6088, 69346
3880, 0.6089, 69364
3881, 0.6089, 69382
3882, 0.6092, 69400
3883, 0.609, 69419
3884, 0.6092, 69436
3885, 0.609, 69454
3886, 0.6093, 69472
3887, 0.609, 69490
3888, 0.6092, 69508
3889, 0.6091, 69526
3890, 0.609, 69544
3891, 0.6088, 69563
3892, 0.6093, 69580
3893, 0.6091, 69598
3894, 0.609, 69616
3895, 0.6094, 69635
3896, 0.6091, 69653
3897, 0.6093, 69671
3898, 0.6093, 69688
3899, 0.6094, 69707
3900, 0.6095, 69724
3901, 0.6091, 69742
3902, 0.6092, 69760
3903, 0.6094, 69778
3904, 0.609, 69796
3905, 0.6094, 69814
3906, 0.6089, 69832
3907, 0.6093, 69850
3908, 0.6093, 69868
3909, 0.6091, 69886
3910, 0.6092, 69904
3911, 0.6093, 69922
3912, 0.6089, 69940
3913, 0.609, 69958
3914, 0.6089, 69976
3915, 0.6087, 69994
3916, 0.609, 70012
3917, 0.6088, 70030
3918, 0.609, 70048
3919, 0.6089, 70066
3920, 0.6091, 70084
3921, 0.6088, 70102
3922, 0.6091, 70120
3923, 0.6087, 70138
3924, 0.609, 70156
3925, 0.609, 70174
3926, 0.609, 70191
3927, 0.6086, 70209
3928, 0.609, 70227
3929, 0.609, 70245
3930, 0.6088, 70263
3931, 0.609, 70281
3932, 0.6089, 70299
3933, 0.6093, 70316
3934, 0.6088, 70334
3935, 0.6089, 70352
3936, 0.6095, 70371
3937, 0.6091, 70388
3938, 0.6097, 70407
3939, 0.6094, 70424
3940, 0.6097, 70442
3941, 0.6092, 70460
3942, 0.6094, 70479
3943, 0.6095, 70496
3944, 0.6098, 70514
3945, 0.6094, 70532
3946, 0.6096, 70550
3947, 0.6095, 70568
3948, 0.6099, 70586
3949, 0.6097, 70604
3950, 0.61, 70622
3951, 0.6098, 70639
3952, 0.6101, 70658
3953, 0.6099, 70676
3954, 0.6099, 70694
3955, 0.6098, 70712
3956, 0.61, 70730
3957, 0.6097, 70748
3958, 0.6096, 70766
3959, 0.6095, 70784
3960, 0.6095, 70802
3961, 0.6099, 70820
3962, 0.6094, 70838
3963, 0.6096, 70856
3964, 0.6098, 70874
3965, 0.6099, 70892
3966, 0.6097, 70909
3967, 0.6096, 70928
3968, 0.6099, 70946
3969, 0.6098, 70963
3970, 0.6101, 70981
3971, 0.6099, 70999
3972, 0.6102, 71017
3973, 0.6096, 71035
3974, 0.6105, 71053
3975, 0.6095, 71071
3976, 0.61, 71089
3977, 0.6099, 71107
3978, 0.6103, 71125
3979, 0.6098, 71143
3980, 0.6103, 71161
3981, 0.6099, 71179
3982, 0.6101, 71197
3983, 0.6098, 71215
3984, 0.61, 71233
3985, 0.6101, 71251
3986, 0.6099, 71269
3987, 0.6099, 71286
3988, 0.6097, 71304
3989, 0.6099, 71322
3990, 0.61, 71340
3991, 0.61, 71358
3992, 0.6097, 71376
3993, 0.6098, 71394
3994, 0.6101, 71411
3995, 0.6101, 71430
3996, 0.6102, 71447
3997, 0.6099, 71465
3998, 0.6097, 71483
3999, 0.6099, 71501
4000, 0.61, 71519
4001, 0.6097, 71537
4002, 0.61, 71555
4003, 0.61, 71573
4004, 0.61, 71591
4005, 0.61, 71609
4006, 0.61, 71626
4007, 0.6096, 71644
4008, 0.6096, 71662
4009, 0.6101, 71680
4010, 0.6101, 71698
4011, 0.6101, 71716
4012, 0.6102, 71734
4013, 0.6105, 71752
4014, 0.6103, 71769
4015, 0.6103, 71787
4016, 0.6103, 71805
4017, 0.6106, 71823
4018, 0.61, 71840
4019, 0.6106, 71858
4020, 0.61, 71876
4021, 0.6104, 71894
4022, 0.6105, 71912
4023, 0.6107, 71930
4024, 0.6099, 71948
4025, 0.6102, 71966
4026, 0.6102, 71984
4027, 0.6104, 72002
4028, 0.6101, 72020
4029, 0.6098, 72038
4030, 0.61, 72056
4031, 0.6101, 72074
4032, 0.6102, 72092
4033, 0.6102, 72110
4034, 0.6101, 72128
4035, 0.6099, 72146
4036, 0.6101, 72164
4037, 0.6099, 72181
4038, 0.6101, 72199
4039, 0.6098, 72217
4040, 0.6101, 72235
4041, 0.6101, 72253
4042, 0.6099, 72271
4043, 0.6098, 72289
4044, 0.6098, 72307
4045, 0.6099, 72325
4046, 0.6097, 72343
4047, 0.6099, 72361
4048, 0.6098, 72379
4049, 0.6097, 72397
4050, 0.6097, 72415
4051, 0.6099, 72433
4052, 0.6097, 72451
4053, 0.6098, 72469
4054, 0.6098, 72487
4055, 0.6101, 72505
4056, 0.6096, 72524
4057, 0.6101, 72542
4058, 0.6098, 72560
4059, 0.6103, 72578
4060, 0.61, 72596
4061, 0.6102, 72614
4062, 0.6098, 72632
4063, 0.6102, 72649
4064, 0.61, 72667
4065, 0.6101, 72685
4066, 0.6099, 72703
4067, 0.6099, 72721
4068, 0.6098, 72739
4069, 0.61, 72757
4070, 0.6098, 72775
4071, 0.6101, 72793
4072, 0.6099, 72811
4073, 0.61, 72829
4074, 0.61, 72847
4075, 0.61, 72864
4076, 0.61, 72882
4077, 0.6099, 72900
4078, 0.61, 72918
4079, 0.6099, 72936
4080, 0.6099, 72954
4081, 0.6099, 72972
4082, 0.6096, 72990
4083, 0.6099, 73009
4084, 0.61, 73027
4085, 0.6099, 73045
4086, 0.6097, 73062
4087, 0.6104, 73080
4088, 0.6101, 73098
4089, 0.61, 73116
4090, 0.6098, 73133
4091, 0.6103, 73152
4092, 0.6104, 73170
4093, 0.6101, 73188
4094, 0.61, 73206
4095, 0.6102, 73224
4096, 0.6102, 73242
4097, 0.61, 73260
4098, 0.6103, 73278
4099, 0.6103, 73296
4100, 0.61, 73314
4101, 0.6105, 73331
4102, 0.61, 73349
4103, 0.6104, 73367
4104, 0.6103, 73384
4105, 0.6105, 73402
4106, 0.6104, 73420
4107, 0.6105, 73437
4108, 0.6105, 73455
4109, 0.6103, 73473
4110, 0.6106, 73491
4111, 0.6102, 73509
4112, 0.6104, 73528
4113, 0.6105, 73545
4114, 0.6104, 73563
4115, 0.6104, 73581
4116, 0.6102, 73598
4117, 0.6103, 73616
4118, 0.6102, 73634
4119, 0.6102, 73651
4120, 0.6101, 73669
4121, 0.6101, 73687
4122, 0.6101, 73705
4123, 0.6099, 73723
4124, 0.6099, 73741
4125, 0.61, 73759
4126, 0.6101, 73776
4127, 0.6096, 73794
4128, 0.6097, 73812
4129, 0.6102, 73830
4130, 0.6099, 73848
4131, 0.6098, 73866
4132, 0.6098, 73884
4133, 0.6099, 73902
4134, 0.6097, 73920
4135, 0.61, 73938
4136, 0.6098, 73955
4137, 0.6098, 73974
4138, 0.61, 73991
4139, 0.6101, 74009
4140, 0.6101, 74027
4141, 0.6101, 74045
4142, 0.61, 74063
4143, 0.6102, 74081
4144, 0.6099, 74099
4145, 0.6101, 74117
4146, 0.61, 74135
4147, 0.61, 74153
4148, 0.6097, 74171
4149, 0.61, 74189
4150, 0.61, 74207
4151, 0.61, 74226
4152, 0.61, 74244
4153, 0.6102, 74262
4154, 0.61, 74280
4155, 0.61, 74297
4156, 0.6104, 74315
4157, 0.6102, 74333
4158, 0.6102, 74351
4159, 0.6102, 74369
4160, 0.6104, 74387
4161, 0.6099, 74405
4162, 0.6103, 74424
4163, 0.6097, 74442
4164, 0.6101, 74460
4165, 0.61, 74478
4166, 0.6101, 74496
4167, 0.6101, 74514
4168, 0.6102, 74532
4169, 0.6101, 74550
4170, 0.6102, 74568
4171, 0.6101, 74586
4172, 0.6103, 74604
4173, 0.6102, 74622
4174, 0.6106, 74640
4175, 0.6105, 74657
4176, 0.6105, 74676
4177, 0.6107, 74694
4178, 0.6109, 74711
4179, 0.6102, 74730
4180, 0.6103, 74748
4181, 0.6106, 74766
4182, 0.6105, 74784
4183, 0.6106, 74801
4184, 0.6109, 74819
4185, 0.6106, 74837
4186, 0.6107, 74855
4187, 0.6108, 74873
4188, 0.6109, 74891
4189, 0.6108, 74909
4190, 0.6109, 74926
4191, 0.6106, 74944
4192, 0.6112, 74962
4193, 0.611, 74980
4194, 0.6108, 74998
4195, 0.6107, 75016
4196, 0.6112, 75034
4197, 0.611, 75052
4198, 0.6106, 75070
4199, 0.6109, 75088
4200, 0.611, 75106
4201, 0.6111, 75124
4202, 0.6107, 75142
4203, 0.6111, 75160
4204, 0.6106, 75178
4205, 0.6111, 75196
4206, 0.611, 75214
4207, 0.6111, 75233
4208, 0.6108, 75251
4209, 0.6109, 75269
4210, 0.6108, 75287
4211, 0.611, 75305
4212, 0.6107, 75324
4213, 0.6109, 75342
4214, 0.6106, 75359
4215, 0.6109, 75377
4216, 0.6105, 75395
4217, 0.6104, 75413
4218, 0.6107, 75431
4219, 0.6104, 75449
4220, 0.6106, 75467
4221, 0.6104, 75485
4222, 0.6106, 75503
4223, 0.6105, 75521
4224, 0.6106, 75539
4225, 0.6107, 75557
4226, 0.6109, 75575
4227, 0.6105, 75593
4228, 0.6109, 75611
4229, 0.6106, 75629
4230, 0.6109, 75647
4231, 0.6106, 75665
4232, 0.6112, 75683
4233, 0.611, 75701
4234, 0.6108, 75719
4235, 0.6106, 75737
4236, 0.611, 75755
4237, 0.611, 75773
4238, 0.6108, 75791
4239, 0.6109, 75808
4240, 0.6111, 75826
4241, 0.6112, 75843
4242, 0.611, 75861
4243, 0.6115, 75880
4244, 0.6113, 75898
4245, 0.6111, 75916
4246, 0.6114, 75933
4247, 0.6116, 75952
4248, 0.6112, 75970
4249, 0.6113, 75988
4250, 0.6111, 76006
4251, 0.6113, 76024
4252, 0.6113, 76042
4253, 0.6112, 76060
4254, 0.6108, 76078
4255, 0.6114, 76097
4256, 0.6111, 76114
4257, 0.6115, 76133
4258, 0.6112, 76150
4259, 0.6112, 76168
4260, 0.6107, 76187
4261, 0.6113, 76205
4262, 0.6109, 76223
4263, 0.6113, 76241
4264, 0.6109, 76258
4265, 0.6109, 76276
4266, 0.6107, 76294
4267, 0.611, 76311
4268, 0.6108, 76329
4269, 0.6109, 76347
4270, 0.6109, 76365
4271, 0.6109, 76383
4272, 0.6109, 76401
4273, 0.6112, 76419
4274, 0.6109, 76437
4275, 0.6114, 76455
4276, 0.6109, 76473
4277, 0.6112, 76491
4278, 0.611, 76509
4279, 0.6112, 76527
4280, 0.611, 76545
4281, 0.6111, 76563
4282, 0.6112, 76581
4283, 0.6112, 76600
4284, 0.611, 76618
4285, 0.6111, 76636
4286, 0.6113, 76654
4287, 0.6113, 76672
4288, 0.6113, 76689
4289, 0.6116, 76707
4290, 0.6117, 76725
4291, 0.6112, 76743
4292, 0.6114, 76761
4293, 0.6115, 76779
4294, 0.6115, 76797
4295, 0.6114, 76815
4296, 0.6114, 76833
4297, 0.6117, 76850
4298, 0.6114, 76868
4299, 0.6114, 76886
4300, 0.6113, 76904
4301, 0.6115, 76922
4302, 0.6115, 76940
4303, 0.6116, 76958
4304, 0.6112, 76975
4305, 0.6117, 76993
4306, 0.6115, 77011
4307, 0.6116, 77029
4308, 0.6117, 77047
4309, 0.6112, 77065
4310, 0.6117, 77083
4311, 0.6117, 77101
4312, 0.6117, 77119
4313, 0.6119, 77137
4314, 0.6117, 77155
4315, 0.6119, 77172
4316, 0.6118, 77190
4317, 0.612, 77208
4318, 0.6116, 77226
4319, 0.6116, 77244
4320, 0.6115, 77262
4321, 0.6117, 77279
4322, 0.6115, 77297
4323, 0.6118, 77315
4324, 0.6116, 77333
4325, 0.6114, 77351
4326, 0.6117, 77369
4327, 0.6115, 77386
4328, 0.6121, 77404
4329, 0.6116, 77422
4330, 0.6114, 77440
4331, 0.6116, 77458
4332, 0.6116, 77476
4333, 0.6117, 77494
4334, 0.6117, 77512
4335, 0.6117, 77530
4336, 0.6115, 77548
4337, 0.6123, 77566
4338, 0.6119, 77583
4339, 0.612, 77601
4340, 0.6119, 77620
4341, 0.612, 77638
4342, 0.6122, 77656
4343, 0.6116, 77674
4344, 0.6115, 77692
4345, 0.612, 77710
4346, 0.6113, 77727
4347, 0.6118, 77745
4348, 0.6118, 77764
4349, 0.6115, 77782
4350, 0.6117, 77800
4351, 0.6116, 77817
4352, 0.6114, 77836
4353, 0.6116, 77853
4354, 0.6115, 77872
4355, 0.6116, 77889
4356, 0.6118, 77907
4357, 0.6115, 77925
4358, 0.6115, 77943
4359, 0.6115, 77961
4360, 0.6114, 77979
4361, 0.6115, 77997
4362, 0.6112, 78015
4363, 0.6117, 78033
4364, 0.6115, 78051
4365, 0.6113, 78068
4366, 0.6115, 78086
4367, 0.6114, 78104
4368, 0.6116, 78122
4369, 0.6111, 78140
4370, 0.6111, 78157
4371, 0.6113, 78176
4372, 0.6114, 78194
4373, 0.6114, 78212
4374, 0.6114, 78230
4375, 0.6111, 78248
4376, 0.6112, 78266
4377, 0.6113, 78284
4378, 0.6112, 78302
4379, 0.6111, 78320
4380, 0.6112, 78337
4381, 0.6112, 78355
4382, 0.611, 78373
4383, 0.6113, 78391
4384, 0.6111, 78410
4385, 0.611, 78428
4386, 0.6111, 78446
4387, 0.6112, 78464
4388, 0.6116, 78481
4389, 0.6111, 78499
4390, 0.6114, 78518
4391, 0.6114, 78536
4392, 0.6115, 78554
4393, 0.6114, 78572
4394, 0.6117, 78590
4395, 0.6115, 78607
4396, 0.6118, 78625
4397, 0.6114, 78643
4398, 0.6118, 78661
4399, 0.6117, 78680
4400, 0.6115, 78697
4401, 0.6117, 78715
4402, 0.6115, 78734
4403, 0.6116, 78751
4404, 0.6115, 78769
4405, 0.6114, 78787
4406, 0.6115, 78805
4407, 0.6114, 78823
4408, 0.6114, 78841
4409, 0.6113, 78858
4410, 0.6118, 78876
4411, 0.6116, 78895
4412, 0.6116, 78913
4413, 0.6113, 78931
4414, 0.6115, 78949
4415, 0.6117, 78967
4416, 0.6111, 78985
4417, 0.6113, 79003
4418, 0.6115, 79021
4419, 0.6115, 79040
4420, 0.6113, 79058
4421, 0.6116, 79076
4422, 0.6114, 79094
4423, 0.6114, 79112
4424, 0.6114, 79129
4425, 0.6115, 79147
4426, 0.6113, 79165
4427, 0.611, 79183
4428, 0.6113, 79201
4429, 0.6116, 79219
4430, 0.6115, 79236
4431, 0.6115, 79255
4432, 0.6116, 79273
4433, 0.6116, 79290
4434, 0.6118, 79308
4435, 0.6115, 79326
4436, 0.6118, 79344
4437, 0.6116, 79362
4438, 0.6117, 79380
4439, 0.6116, 79398
4440, 0.6112, 79415
4441, 0.6117, 79433
4442, 0.6115, 79451
4443, 0.6116, 79469
4444, 0.6116, 79488
4445, 0.6116, 79506
4446, 0.6119, 79524
4447, 0.6115, 79541
4448, 0.6116, 79560
4449, 0.6116, 79578
4450, 0.6118, 79596
4451, 0.6116, 79613
4452, 0.612, 79632
4453, 0.6117, 79650
4454, 0.6117, 79667
4455, 0.6113, 79685
4456, 0.6117, 79704
4457, 0.6118, 79721
4458, 0.6118, 79739
4459, 0.6114, 79758
4460, 0.6116, 79776
4461, 0.6115, 79794
4462, 0.6118, 79812
4463, 0.6115, 79830
4464, 0.6119, 79848
4465, 0.6115, 79866
4466, 0.6116, 79884
4467, 0.6117, 79902
4468, 0.6116, 79920
4469, 0.6117, 79938
4470, 0.6118, 79957
4471, 0.6116, 79975
4472, 0.6117, 79993
4473, 0.6114, 80011
4474, 0.6117, 80028
4475, 0.6115, 80047
4476, 0.612, 80065
4477, 0.6117, 80083
4478, 0.6118, 80101
4479, 0.6116, 80119
4480, 0.6119, 80137
4481, 0.6116, 80155
4482, 0.6122, 80172
4483, 0.6119, 80191
4484, 0.6121, 80209
4485, 0.6119, 80227
4486, 0.6122, 80245
4487, 0.6116, 80263
4488, 0.6121, 80281
4489, 0.6119, 80299
4490, 0.6117, 80316
4491, 0.6122, 80334
4492, 0.6118, 80352
4493, 0.6117, 80370
4494, 0.6121, 80388
4495, 0.6118, 80406
4496, 0.6116, 80424
4497, 0.6117, 80442
4498, 0.6115, 80460
4499, 0.6118, 80478
4500, 0.6118, 80496
4501, 0.6114, 80514
4502, 0.6117, 80532
4503, 0.6116, 80550
4504, 0.6115, 80567
4505, 0.6119, 80585
4506, 0.6117, 80603
4507, 0.6115, 80621
4508, 0.6113, 80639
4509, 0.6115, 80657
4510, 0.6111, 80675
4511, 0.6116, 80693
4512, 0.6114, 80711
4513, 0.6119, 80728
4514, 0.6113, 80746
4515, 0.6117, 80764
4516, 0.6114, 80782
4517, 0.6118, 80800
4518, 0.6112, 80818
4519, 0.6118, 80836
4520, 0.6114, 80855
4521, 0.6115, 80873
4522, 0.6114, 80890
4523, 0.6117, 80908
4524, 0.6114, 80926
4525, 0.6118, 80944
4526, 0.6115, 80962
4527, 0.6118, 80980
4528, 0.6112, 80998
4529, 0.6112, 81016
4530, 0.6111, 81034
4531, 0.6109, 81053
4532, 0.6113, 81071
4533, 0.6115, 81089
4534, 0.611, 81107
4535, 0.6116, 81125
4536, 0.6112, 81143
4537, 0.6117, 81161
4538, 0.6113, 81179
4539, 0.6115, 81197
4540, 0.6111, 81215
4541, 0.6114, 81233
4542, 0.611, 81251
4543, 0.6115, 81269
4544, 0.6114, 81287
4545, 0.6113, 81305
4546, 0.6112, 81323
4547, 0.6112, 81341
4548, 0.6113, 81359
4549, 0.6117, 81377
4550, 0.6114, 81395
4551, 0.6118, 81413
4552, 0.6116, 81431
4553, 0.6114, 81449
4554, 0.6117, 81467
4555, 0.6114, 81485
4556, 0.6113, 81504
4557, 0.6111, 81522
4558, 0.6117, 81540
4559, 0.6114, 81558
4560, 0.6117, 81576
4561, 0.6116, 81594
4562, 0.6118, 81612
4563, 0.6111, 81631
4564, 0.612, 81648
4565, 0.6114, 81666
4566, 0.6119, 81684
4567, 0.6117, 81702
4568, 0.6116, 81720
4569, 0.6116, 81738
4570, 0.6119, 81756
4571, 0.6112, 81774
4572, 0.6117, 81792
4573, 0.6116, 81810
4574, 0.6116, 81828
4575, 0.6113, 81845
4576, 0.6117, 81863
4577, 0.6111, 81881
4578, 0.6113, 81898
4579, 0.6109, 81916
4580, 0.6113, 81934
4581, 0.6109, 81952
4582, 0.611, 81970
4583, 0.6113, 81987
4584, 0.6111, 82005
4585, 0.6109, 82023
4586, 0.6109, 82042
4587, 0.6113, 82059
4588, 0.6107, 82077
4589, 0.611, 82095
4590, 0.6107, 82113
4591, 0.6113, 82130
4592, 0.6108, 82148
4593, 0.611, 82166
4594, 0.6109, 82184
4595, 0.6108, 82201
4596, 0.6108, 82219
4597, 0.6109, 82237
4598, 0.6108, 82254
4599, 0.6105, 82272
4600, 0.6113, 82290
4601, 0.6109, 82308
4602, 0.6106, 82326
4603, 0.6112, 82343
4604, 0.6106, 82361
4605, 0.6109, 82378
4606, 0.6109, 82396
4607, 0.6111, 82414
4608, 0.6108, 82432
4609, 0.6106, 82450
4610, 0.6107, 82467
4611, 0.6107, 82486
4612, 0.6104, 82504
4613, 0.6108, 82522
4614, 0.6108, 82539
4615, 0.6107, 82557
4616, 0.6107, 82575
4617, 0.6103, 82593
4618, 0.6105, 82611
4619, 0.6104, 82629
4620, 0.6107, 82646
4621, 0.6107, 82664
4622, 0.6104, 82682
4623, 0.6102, 82699
4624, 0.6102, 82717
4625, 0.6106, 82735
4626, 0.6101, 82753
4627, 0.6107, 82771
4628, 0.6103, 82789
4629, 0.6104, 82806
4630, 0.6102, 82824
4631, 0.6105, 82842
4632, 0.61, 82860
4633, 0.6105, 82878
4634, 0.6103, 82895
4635, 0.6103, 82913
4636, 0.6104, 82931
4637, 0.6106, 82949
4638, 0.6105, 82967
4639, 0.6106, 82984
4640, 0.6102, 83002
4641, 0.6101, 83019
4642, 0.6105, 83037
4643, 0.6103, 83055
4644, 0.6104, 83072
4645, 0.6102, 83091
4646, 0.6105, 83109
4647, 0.6103, 83127
4648, 0.6105, 83145
4649, 0.6102, 83163
4650, 0.6107, 83180
4651, 0.6105, 83198
4652, 0.6106, 83216
4653, 0.6104, 83234
4654, 0.6104, 83252
4655, 0.6103, 83269
4656, 0.6105, 83287
4657, 0.6104, 83305
4658, 0.6102, 83323
4659, 0.6098, 83341
4660, 0.6105, 83359
4661, 0.6102, 83377
4662, 0.6102, 83395
4663, 0.6103, 83413
4664, 0.6103, 83431
4665, 0.61, 83449
4666, 0.6103, 83467
4667, 0.6101, 83484
4668, 0.6102, 83502
4669, 0.6101, 83520
4670, 0.6099, 83538
4671, 0.6101, 83556
4672, 0.6103, 83574
4673, 0.6101, 83592
4674, 0.6102, 83609
4675, 0.6106, 83627
4676, 0.6105, 83645
4677, 0.6104, 83663
4678, 0.6105, 83681
4679, 0.6109, 83699
4680, 0.6106, 83716
4681, 0.6108, 83734
4682, 0.6105, 83752
4683, 0.6106, 83769
4684, 0.6108, 83787
4685, 0.6104, 83806
4686, 0.611, 83824
4687, 0.6107, 83842
4688, 0.6109, 83859
4689, 0.6106, 83877
4690, 0.6106, 83896
4691, 0.6105, 83913
4692, 0.6108, 83931
4693, 0.6105, 83949
4694, 0.6107, 83967
4695, 0.6109, 83985
4696, 0.6108, 84003
4697, 0.6109, 84020
4698, 0.6108, 84038
4699, 0.6112, 84056
4700, 0.6111, 84074
4701, 0.6111, 84092
4702, 0.6111, 84110
4703, 0.6113, 84127
4704, 0.6111, 84145
4705, 0.6112, 84163
4706, 0.6108, 84181
4707, 0.611, 84199
4708, 0.6109, 84217
4709, 0.611, 84235
4710, 0.6106, 84252
4711, 0.6112, 84270
4712, 0.6107, 84288
4713, 0.6107, 84306
4714, 0.6112, 84324
4715, 0.6111, 84342
4716, 0.6112, 84360
4717, 0.6112, 84378
4718, 0.6114, 84396
4719, 0.6114, 84413
4720, 0.6113, 84431
4721, 0.6113, 84449
4722, 0.6113, 84467
4723, 0.6112, 84485
4724, 0.611, 84502
4725, 0.611, 84521
4726, 0.6108, 84538
4727, 0.611, 84557
4728, 0.611, 84575
4729, 0.6108, 84593
4730, 0.6106, 84610
4731, 0.6108, 84628
4732, 0.6108, 84646
4733, 0.6109, 84663
4734, 0.6109, 84681
4735, 0.6104, 84698
4736, 0.611, 84716
4737, 0.6109, 84734
4738, 0.6106, 84752
4739, 0.6111, 84770
4740, 0.6105, 84787
4741, 0.611, 84805
4742, 0.6105, 84823
4743, 0.6109, 84840
4744, 0.6109, 84858
4745, 0.6105, 84876
4746, 0.6103, 84894
4747, 0.6103, 84912
4748, 0.6104, 84929
4749, 0.6103, 84947
4750, 0.6104, 84965
4751, 0.6102, 84984
4752, 0.6106, 85001
4753, 0.6102, 85019
4754, 0.6104, 85037
4755, 0.61, 85055
4756, 0.6102, 85073
4757, 0.6102, 85090
4758, 0.6102, 85108
4759, 0.6102, 85126
4760, 0.6102, 85144
4761, 0.6105, 85161
4762, 0.6102, 85180
4763, 0.61, 85198
4764, 0.6101, 85216
4765, 0.6098, 85234
4766, 0.6102, 85252
4767, 0.6101, 85270
4768, 0.6099, 85287
4769, 0.6098, 85305
4770, 0.61, 85323
4771, 0.6099, 85341
4772, 0.6102, 85359
4773, 0.6102, 85377
4774, 0.6099, 85395
4775, 0.6099, 85412
4776, 0.6099, 85430
4777, 0.61, 85448
4778, 0.6101, 85467
4779, 0.6097, 85484
4780, 0.6097, 85502
4781, 0.6098, 85520
4782, 0.61, 85538
4783, 0.6099, 85557
4784, 0.6098, 85575
4785, 0.6098, 85592
4786, 0.6099, 85610
4787, 0.6098, 85628
4788, 0.6099, 85646
4789, 0.61, 85664
4790, 0.6098, 85682
4791, 0.6097, 85700
4792, 0.6097, 85718
4793, 0.6097, 85736
4794, 0.61, 85754
4795, 0.6095, 85772
4796, 0.61, 85791
4797, 0.6098, 85809
4798, 0.6098, 85828
4799, 0.6098, 85846
4800, 0.6099, 85864
4801, 0.6101, 85881
4802, 0.6102, 85899
4803, 0.6096, 85917
4804, 0.6097, 85935
4805, 0.6096, 85953
4806, 0.6095, 85971
4807, 0.6096, 85989
4808, 0.6099, 86007
4809, 0.6097, 86025
4810, 0.6098, 86043
4811, 0.6094, 86061
4812, 0.6096, 86079
4813, 0.6094, 86097
4814, 0.6094, 86114
4815, 0.6095, 86133
4816, 0.6092, 86151
4817, 0.6095, 86169
4818, 0.6094, 86187
4819, 0.6094, 86205
4820, 0.6091, 86222
4821, 0.6096, 86241
4822, 0.6094, 86259
4823, 0.6097, 86277
4824, 0.6095, 86295
4825, 0.6094, 86313
4826, 0.6092, 86330
4827, 0.6091, 86348
4828, 0.6095, 86366
4829, 0.6093, 86385
4830, 0.6098, 86403
4831, 0.6095, 86421
4832, 0.6099, 86439
4833, 0.6097, 86457
4834, 0.6095, 86475
4835, 0.6095, 86492
4836, 0.6095, 86510
4837, 0.6098, 86528
4838, 0.6096, 86546
4839, 0.6096, 86564
4840, 0.6096, 86582
4841, 0.6097, 86600
4842, 0.6097, 86618
4843, 0.6095, 86637
4844, 0.6098, 86655
4845, 0.6096, 86672
4846, 0.6097, 86690
4847, 0.6099, 86708
4848, 0.6102, 86726
4849, 0.61, 86745
4850, 0.61, 86762
4851, 0.6101, 86781
4852, 0.61, 86799
4853, 0.6104, 86817
4854, 0.6102, 86834
4855, 0.6105, 86852
4856, 0.6104, 86871
4857, 0.6105, 86889
4858, 0.6104, 86907
4859, 0.6104, 86925
4860, 0.6106, 86943
4861, 0.6104, 86961
4862, 0.6105, 86979
4863, 0.6101, 86997
4864, 0.6105, 87015
4865, 0.6104, 87033
4866, 0.6103, 87050
4867, 0.6101, 87068
4868, 0.6102, 87086
4869, 0.6103, 87104
4870, 0.6105, 87122
4871, 0.6106, 87140
4872, 0.6104, 87158
4873, 0.6103, 87175
4874, 0.6105, 87193
4875, 0.6102, 87211
4876, 0.6104, 87229
4877, 0.6102, 87247
4878, 0.6106, 87265
4879, 0.6103, 87283
4880, 0.6104, 87301
4881, 0.6103, 87320
4882, 0.6107, 87337
4883, 0.6104, 87355
4884, 0.6107, 87373
4885, 0.6106, 87391
4886, 0.6101, 87409
4887, 0.6102, 87427
4888, 0.6109, 87445
4889, 0.6102, 87463
4890, 0.6105, 87482
4891, 0.6101, 87499
4892, 0.6106, 87517
4893, 0.6102, 87535
4894, 0.6107, 87553
4895, 0.6103, 87571
4896, 0.6102, 87589
4897, 0.61, 87607
4898, 0.6107, 87625
4899, 0.6104, 87643
4900, 0.6104, 87661
4901, 0.6104, 87680
4902, 0.6107, 87697
4903, 0.6101, 87715
4904, 0.6103, 87733
4905, 0.6103, 87751
4906, 0.6105, 87769
4907, 0.6102, 87787
4908, 0.6105, 87806
4909, 0.6103, 87823
4910, 0.6102, 87841
4911, 0.6101, 87859
4912, 0.6103, 87877
4913, 0.61, 87895
4914, 0.6102, 87913
4915, 0.6101, 87932
4916, 0.6102, 87950
4917, 0.6102, 87968
4918, 0.6102, 87986
4919, 0.6103, 88004
4920, 0.6103, 88022
4921, 0.6103, 88040
4922, 0.6101, 88058
4923, 0.6105, 88076
4924, 0.6102, 88094
4925, 0.61, 88112
4926, 0.6104, 88130
4927, 0.6102, 88148
4928, 0.6105, 88166
4929, 0.6104, 88184
4930, 0.6103, 88202
4931, 0.6104, 88220
4932, 0.6104, 88238
4933, 0.6105, 88256
4934, 0.6106, 88274
4935, 0.6102, 88292
4936, 0.6107, 88309
4937, 0.6102, 88327
4938, 0.6109, 88345
4939, 0.6104, 88363
4940, 0.6108, 88381
4941, 0.6106, 88399
4942, 0.6106, 88417
4943, 0.6103, 88435
4944, 0.6104, 88453
4945, 0.6106, 88471
4946, 0.6106, 88489
4947, 0.6102, 88507
4948, 0.6102, 88525
4949, 0.6103, 88543
4950, 0.6104, 88561
4951, 0.6103, 88579
4952, 0.6105, 88597
4953, 0.6106, 88615
4954, 0.6107, 88633
4955, 0.6105, 88651
4956, 0.6105, 88669
4957, 0.6104, 88687
4958, 0.6108, 88705
4959, 0.6105, 88723
4960, 0.6108, 88741
4961, 0.6109, 88759
4962, 0.6105, 88777
4963, 0.6105, 88795
4964, 0.6104, 88813
4965, 0.6105, 88831
4966, 0.6104, 88849
4967, 0.6105, 88866
4968, 0.6105, 88884
4969, 0.6103, 88902
4970, 0.6104, 88920
4971, 0.6103, 88938
4972, 0.6104, 88955
4973, 0.6106, 88974
4974, 0.6103, 88992
4975, 0.6105, 89010
4976, 0.6104, 89027
4977, 0.6107, 89045
4978, 0.6105, 89063
4979, 0.6103, 89081
4980, 0.6106, 89099
4981, 0.6106, 89117
4982, 0.6109, 89135
4983, 0.6104, 89153
4984, 0.6109, 89171
4985, 0.611, 89189
4986, 0.6107, 89207
4987, 0.6109, 89224
4988, 0.6105, 89242
4989, 0.6106, 89260
4990, 0.6106, 89278
4991, 0.6104, 89296
4992, 0.6105, 89314
4993, 0.6104, 89332
4994, 0.6106, 89349
4995, 0.6106, 89367
4996, 0.6103, 89386
4997, 0.6108, 89404
4998, 0.6104, 89422
4999, 0.6107, 89439
5000, 0.6104, 89457
