1, 0.0943, 36
2, 0.0942, 77
3, 0.0944, 126
4, 0.0945, 175
5, 0.0942, 222
6, 0.094, 272
7, 0.0947, 320
8, 0.0949, 384
9, 0.0951, 439
10, 0.0952, 487
11, 0.0954, 536
12, 0.0957, 584
13, 0.0957, 631
14, 0.0963, 679
15, 0.0966, 726
16, 0.0967, 776
17, 0.0972, 825
18, 0.0976, 872
19, 0.0979, 922
20, 0.0976, 969
21, 0.0978, 1017
22, 0.0981, 1066
23, 0.0983, 1114
24, 0.0983, 1163
25, 0.0984, 1211
26, 0.0987, 1260
27, 0.099, 1308
28, 0.0991, 1356
29, 0.0989, 1404
30, 0.0992, 1455
31, 0.0997, 1505
32, 0.1002, 1554
33, 0.1007, 1601
34, 0.1009, 1648
35, 0.1013, 1696
36, 0.1013, 1744
37, 0.1019, 1792
38, 0.1021, 1842
39, 0.1022, 1891
40, 0.1024, 1941
41, 0.1026, 1989
42, 0.1025, 2038
43, 0.1028, 2086
44, 0.1028, 2135
45, 0.1031, 2181
46, 0.1033, 2230
47, 0.1032, 2280
48, 0.1035, 2328
49, 0.1036, 2376
50, 0.1034, 2423
51, 0.1034, 2471
52, 0.1038, 2520
53, 0.1037, 2568
54, 0.1036, 2618
55, 0.1038, 2665
56, 0.1041, 2714
57, 0.1047, 2762
58, 0.1046, 2810
59, 0.1045, 2860
60, 0.1048, 2909
61, 0.1048, 2957
62, 0.105, 3006
63, 0.1051, 3056
64, 0.1055, 3102
65, 0.1056, 3150
66, 0.1057, 3200
67, 0.1061, 3248
68, 0.106, 3298
69, 0.1064, 3345
70, 0.1065, 3392
71, 0.1065, 3441
72, 0.1068, 3489
73, 0.1069, 3539
74, 0.107, 3585
75, 0.1073, 3632
76, 0.1069, 3679
77, 0.1068, 3730
78, 0.1064, 3778
79, 0.1067, 3826
80, 0.1068, 3877
81, 0.1072, 3925
82, 0.1074, 3974
83, 0.1078, 4021
84, 0.1078, 4069
85, 0.108, 4117
86, 0.1079, 4165
87, 0.1082, 4212
88, 0.1084, 4262
89, 0.1084, 4310
90, 0.1081, 4357
91, 0.1085, 4407
92, 0.1086, 4454
93, 0.1089, 4503
94, 0.109, 4554
95, 0.1096, 4599
96, 0.1094, 4647
97, 0.1097, 4693
98, 0.1099, 4739
99, 0.1104, 4790
100, 0.1105, 4837
101, 0.1106, 4886
102, 0.1106, 4934
103, 0.1109, 4982
104, 0.1111, 5030
105, 0.1114, 5079
106, 0.1115, 5127
107, 0.1121, 5177
108, 0.1121, 5227
109, 0.1121, 5274
110, 0.1121, 5322
111, 0.1117, 5373
112, 0.1117, 5420
113, 0.1122, 5469
114, 0.1124, 5518
115, 0.1122, 5565
116, 0.1127, 5612
117, 0.113, 5662
118, 0.1133, 5710
119, 0.114, 5760
120, 0.1146, 5808
121, 0.1151, 5859
122, 0.1153, 5906
123, 0.1154, 5954
124, 0.1158, 6003
125, 0.1158, 6051
126, 0.1168, 6099
127, 0.1177, 6146
128, 0.1182, 6194
129, 0.1199, 6243
130, 0.1209, 6290
131, 0.1213, 6337
132, 0.1223, 6386
133, 0.1231, 6435
134, 0.1238, 6486
135, 0.1257, 6535
136, 0.1273, 6580
137, 0.1293, 6628
138, 0.1316, 6676
139, 0.1329, 6724
140, 0.135, 6771
141, 0.1364, 6821
142, 0.1371, 6863
143, 0.138, 6889
144, 0.1395, 6918
145, 0.1416, 6946
146, 0.143, 6972
147, 0.1457, 6999
148, 0.1462, 7026
149, 0.1491, 7052
150, 0.1533, 7080
151, 0.1563, 7108
152, 0.1593, 7139
153, 0.1614, 7169
154, 0.1633, 7196
155, 0.1643, 7225
156, 0.1671, 7253
157, 0.1695, 7279
158, 0.1734, 7308
159, 0.1752, 7338
160, 0.1776, 7366
161, 0.1795, 7394
162, 0.1812, 7427
163, 0.1826, 7454
164, 0.1841, 7483
165, 0.1855, 7513
166, 0.1876, 7540
167, 0.189, 7566
168, 0.1915, 7592
169, 0.1918, 7619
170, 0.1932, 7645
171, 0.1953, 7672
172, 0.1971, 7702
173, 0.1977, 7729
174, 0.1999, 7757
175, 0.2011, 7786
176, 0.2029, 7813
177, 0.2044, 7839
178, 0.2067, 7865
179, 0.2074, 7891
180, 0.208, 7917
181, 0.2081, 7943
182, 0.2086, 7970
183, 0.2092, 7996
184, 0.2094, 8023
185, 0.2103, 8048
186, 0.2106, 8075
187, 0.2105, 8101
188, 0.2106, 8128
189, 0.2092, 8154
190, 0.2098, 8180
191, 0.2081, 8206
192, 0.209, 8232
193, 0.2089, 8258
194, 0.2088, 8284
195, 0.2079, 8310
196, 0.208, 8337
197, 0.2086, 8362
198, 0.2067, 8388
199, 0.2062, 8415
200, 0.2059, 8441
201, 0.2045, 8467
202, 0.2031, 8493
203, 0.2017, 8518
204, 0.2017, 8545
205, 0.2014, 8570
206, 0.2008, 8596
207, 0.2016, 8622
208, 0.2016, 8649
209, 0.2009, 8675
210, 0.1998, 8701
211, 0.2, 8727
212, 0.1988, 8753
213, 0.1986, 8779
214, 0.1977, 8805
215, 0.1968, 8831
216, 0.1952, 8858
217, 0.1945, 8883
218, 0.1946, 8910
219, 0.1941, 8936
220, 0.1933, 8962
221, 0.1927, 8988
222, 0.1916, 9013
223, 0.1909, 9039
224, 0.19, 9065
225, 0.189, 9091
226, 0.1881, 9116
227, 0.1873, 9142
228, 0.1875, 9168
229, 0.1866, 9195
230, 0.1865, 9221
231, 0.1867, 9247
232, 0.1859, 9273
233, 0.1854, 9298
234, 0.1855, 9324
235, 0.1849, 9350
236, 0.1844, 9376
237, 0.1847, 9402
238, 0.1848, 9428
239, 0.1849, 9454
240, 0.1851, 9480
241, 0.1846, 9506
242, 0.1845, 9533
243, 0.1842, 9558
244, 0.184, 9584
245, 0.1839, 9610
246, 0.184, 9636
247, 0.1835, 9662
248, 0.1838, 9687
249, 0.185, 9713
250, 0.1849, 9739
251, 0.1852, 9766
252, 0.1854, 9792
253, 0.1854, 9818
254, 0.1854, 9844
255, 0.1852, 9870
256, 0.1853, 9895
257, 0.1863, 9921
258, 0.1877, 9948
259, 0.188, 9973
260, 0.1886, 9999
261, 0.1891, 10025
262, 0.1892, 10052
263, 0.1899, 10079
264, 0.1897, 10105
265, 0.1898, 10132
266, 0.1903, 10158
267, 0.1907, 10184
268, 0.191, 10210
269, 0.1919, 10235
270, 0.193, 10261
271, 0.1934, 10286
272, 0.1946, 10312
273, 0.1952, 10339
274, 0.1961, 10364
275, 0.1972, 10390
276, 0.1978, 10416
277, 0.1991, 10442
278, 0.2, 10469
279, 0.2008, 10494
280, 0.2019, 10521
281, 0.2037, 10547
282, 0.2045, 10573
283, 0.206, 10599
284, 0.207, 10625
285, 0.2063, 10651
286, 0.2073, 10677
287, 0.2074, 10703
288, 0.2076, 10728
289, 0.2078, 10754
290, 0.209, 10780
291, 0.2104, 10806
292, 0.2111, 10832
293, 0.2124, 10858
294, 0.2144, 10884
295, 0.2156, 10910
296, 0.2159, 10937
297, 0.217, 10962
298, 0.218, 10988
299, 0.2196, 11014
300, 0.2209, 11040
301, 0.2218, 11062
302, 0.2223, 11081
303, 0.2227, 11100
304, 0.2247, 11120
305, 0.2258, 11139
306, 0.2266, 11158
307, 0.228, 11177
308, 0.2285, 11197
309, 0.2288, 11215
310, 0.2299, 11235
311, 0.2313, 11255
312, 0.2321, 11274
313, 0.2326, 11293
314, 0.2334, 11312
315, 0.2348, 11331
316, 0.2366, 11351
317, 0.2387, 11370
318, 0.2393, 11390
319, 0.2406, 11410
320, 0.2409, 11429
321, 0.242, 11449
322, 0.2431, 11468
323, 0.2449, 11487
324, 0.2459, 11507
325, 0.2473, 11526
326, 0.2493, 11545
327, 0.2498, 11565
328, 0.2505, 11584
329, 0.2512, 11604
330, 0.2518, 11623
331, 0.2519, 11642
332, 0.2527, 11661
333, 0.2536, 11681
334, 0.2543, 11700
335, 0.2553, 11719
336, 0.2557, 11739
337, 0.256, 11758
338, 0.2563, 11777
339, 0.2568, 11797
340, 0.2567, 11816
341, 0.2568, 11836
342, 0.257, 11855
343, 0.2576, 11874
344, 0.2578, 11893
345, 0.2584, 11912
346, 0.2589, 11931
347, 0.2585, 11951
348, 0.2597, 11970
349, 0.2597, 11990
350, 0.2605, 12009
351, 0.2601, 12028
352, 0.2616, 12047
353, 0.2627, 12066
354, 0.2628, 12085
355, 0.2625, 12105
356, 0.2624, 12124
357, 0.2624, 12143
358, 0.2631, 12162
359, 0.2635, 12181
360, 0.2641, 12201
361, 0.2639, 12220
362, 0.2642, 12239
363, 0.2647, 12259
364, 0.2647, 12278
365, 0.2651, 12297
366, 0.2645, 12316
367, 0.2649, 12335
368, 0.2664, 12355
369, 0.2666, 12374
370, 0.267, 12393
371, 0.2676, 12412
372, 0.2681, 12431
373, 0.2691, 12450
374, 0.2697, 12469
375, 0.2695, 12489
376, 0.2705, 12508
377, 0.2706, 12527
378, 0.272, 12546
379, 0.2724, 12566
380, 0.2723, 12585
381, 0.2719, 12604
382, 0.2728, 12624
383, 0.2735, 12643
384, 0.2734, 12662
385, 0.2738, 12681
386, 0.2744, 12700
387, 0.275, 12720
388, 0.2745, 12739
389, 0.2748, 12758
390, 0.2754, 12777
391, 0.2758, 12797
392, 0.276, 12816
393, 0.2761, 12835
394, 0.2764, 12855
395, 0.2768, 12874
396, 0.2783, 12893
397, 0.2787, 12913
398, 0.279, 12932
399, 0.2794, 12951
400, 0.2794, 12970
401, 0.2794, 12990
402, 0.2796, 13009
403, 0.2798, 13028
404, 0.2809, 13047
405, 0.2812, 13066
406, 0.2817, 13086
407, 0.2819, 13105
408, 0.2818, 13124
409, 0.2818, 13144
410, 0.2828, 13163
411, 0.2831, 13182
412, 0.2841, 13202
413, 0.2846, 13222
414, 0.2857, 13241
415, 0.2861, 13260
416, 0.2866, 13279
417, 0.2875, 13298
418, 0.2871, 13318
419, 0.2874, 13337
420, 0.2881, 13356
421, 0.2888, 13375
422, 0.2893, 13395
423, 0.2902, 13415
424, 0.2906, 13435
425, 0.2911, 13454
426, 0.2918, 13473
427, 0.2915, 13493
428, 0.2917, 13512
429, 0.2914, 13531
430, 0.2918, 13551
431, 0.2914, 13571
432, 0.2918, 13592
433, 0.2917, 13611
434, 0.2917, 13631
435, 0.2925, 13651
436, 0.2925, 13672
437, 0.2924, 13692
438, 0.2929, 13711
439, 0.2928, 13731
440, 0.2934, 13752
441, 0.2938, 13772
442, 0.2944, 13792
443, 0.2948, 13813
444, 0.2948, 13833
445, 0.2951, 13853
446, 0.2958, 13873
447, 0.2959, 13893
448, 0.2964, 13913
449, 0.2965, 13932
450, 0.297, 13952
451, 0.2974, 13972
452, 0.2977, 13992
453, 0.2986, 14013
454, 0.299, 14033
455, 0.299, 14052
456, 0.2997, 14072
457, 0.3005, 14091
458, 0.3012, 14110
459, 0.3017, 14129
460, 0.3021, 14149
461, 0.3017, 14168
462, 0.3016, 14187
463, 0.3024, 14207
464, 0.3028, 14229
465, 0.3029, 14249
466, 0.3035, 14269
467, 0.3041, 14288
468, 0.3044, 14308
469, 0.3046, 14327
470, 0.3049, 14346
471, 0.3056, 14365
472, 0.3061, 14384
473, 0.3064, 14404
474, 0.3066, 14423
475, 0.3067, 14443
476, 0.3076, 14462
477, 0.3078, 14481
478, 0.3087, 14500
479, 0.3098, 14520
480, 0.3101, 14539
481, 0.3109, 14558
482, 0.3111, 14577
483, 0.3118, 14596
484, 0.3122, 14616
485, 0.3123, 14635
486, 0.3131, 14653
487, 0.3132, 14672
488, 0.3133, 14691
489, 0.3133, 14710
490, 0.3136, 14730
491, 0.3141, 14749
492, 0.3146, 14768
493, 0.3149, 14788
494, 0.3148, 14807
495, 0.3151, 14826
496, 0.3159, 14845
497, 0.3162, 14865
498, 0.3168, 14884
499, 0.317, 14903
500, 0.3176, 14922
501, 0.3179, 14942
502, 0.3187, 14961
503, 0.3193, 14980
504, 0.3201, 14999
505, 0.3203, 15018
506, 0.3207, 15038
507, 0.321, 15057
508, 0.3214, 15076
509, 0.3216, 15095
510, 0.322, 15114
511, 0.3224, 15133
512, 0.3228, 15153
513, 0.3231, 15172
514, 0.3234, 15191
515, 0.3237, 15210
516, 0.3244, 15229
517, 0.3255, 15249
518, 0.3258, 15268
519, 0.326, 15287
520, 0.326, 15306
521, 0.3265, 15326
522, 0.3265, 15345
523, 0.3273, 15365
524, 0.3275, 15385
525, 0.3273, 15404
526, 0.3269, 15423
527, 0.3271, 15443
528, 0.3276, 15462
529, 0.3277, 15481
530, 0.3282, 15501
531, 0.3287, 15520
532, 0.329, 15539
533, 0.3292, 15559
534, 0.3295, 15578
535, 0.33, 15597
536, 0.3312, 15616
537, 0.3314, 15635
538, 0.3318, 15655
539, 0.333, 15675
540, 0.3329, 15694
541, 0.333, 15713
542, 0.333, 15732
543, 0.3333, 15751
544, 0.3333, 15770
545, 0.3336, 15789
546, 0.3341, 15810
547, 0.3342, 15829
548, 0.3345, 15848
549, 0.335, 15868
550, 0.3355, 15887
551, 0.336, 15906
552, 0.3363, 15926
553, 0.337, 15945
554, 0.3375, 15964
555, 0.3375, 15984
556, 0.3375, 16003
557, 0.3377, 16022
558, 0.338, 16041
559, 0.3381, 16061
560, 0.3383, 16080
561, 0.3384, 16099
562, 0.339, 16118
563, 0.3391, 16138
564, 0.3394, 16157
565, 0.3398, 16177
566, 0.3408, 16195
567, 0.341, 16214
568, 0.3416, 16233
569, 0.3419, 16252
570, 0.342, 16271
571, 0.3426, 16290
572, 0.3424, 16310
573, 0.3421, 16329
574, 0.3427, 16348
575, 0.3433, 16367
576, 0.3435, 16386
577, 0.3434, 16406
578, 0.3438, 16426
579, 0.3437, 16445
580, 0.3444, 16464
581, 0.3446, 16483
582, 0.3449, 16502
583, 0.3452, 16522
584, 0.3459, 16541
585, 0.3461, 16560
586, 0.3463, 16579
587, 0.3461, 16598
588, 0.3462, 16618
589, 0.347, 16637
590, 0.3472, 16657
591, 0.348, 16676
592, 0.3481, 16695
593, 0.3486, 16714
594, 0.3494, 16734
595, 0.3497, 16753
596, 0.3493, 16772
597, 0.3502, 16792
598, 0.3506, 16811
599, 0.351, 16830
600, 0.3518, 16850
601, 0.3521, 16869
602, 0.3525, 16889
603, 0.3528, 16908
604, 0.3529, 16928
605, 0.3537, 16948
606, 0.3543, 16967
607, 0.3544, 16986
608, 0.3547, 17005
609, 0.3546, 17025
610, 0.3551, 17044
611, 0.3556, 17063
612, 0.3556, 17082
613, 0.356, 17101
614, 0.3566, 17121
615, 0.3573, 17140
616, 0.3575, 17160
617, 0.3582, 17178
618, 0.3584, 17198
619, 0.3589, 17217
620, 0.3587, 17236
621, 0.3592, 17256
622, 0.3592, 17275
623, 0.3595, 17294
624, 0.3599, 17314
625, 0.3605, 17333
626, 0.3611, 17353
627, 0.3612, 17372
628, 0.3615, 17391
629, 0.3624, 17411
630, 0.3627, 17430
631, 0.3628, 17449
632, 0.3634, 17468
633, 0.3638, 17487
634, 0.3646, 17507
635, 0.3651, 17526
636, 0.3654, 17545
637, 0.3657, 17564
638, 0.366, 17583
639, 0.367, 17603
640, 0.3675, 17622
641, 0.3678, 17641
642, 0.3681, 17660
643, 0.3681, 17680
644, 0.3679, 17699
645, 0.3686, 17719
646, 0.3684, 17738
647, 0.3683, 17757
648, 0.3689, 17776
649, 0.3694, 17795
650, 0.3694, 17814
651, 0.3703, 17834
652, 0.3709, 17853
653, 0.3711, 17872
654, 0.3713, 17892
655, 0.372, 17912
656, 0.3724, 17931
657, 0.3725, 17950
658, 0.3731, 17970
659, 0.3731, 17989
660, 0.373, 18008
661, 0.3733, 18027
662, 0.3736, 18047
663, 0.3744, 18066
664, 0.375, 18086
665, 0.3758, 18105
666, 0.3764, 18124
667, 0.3766, 18143
668, 0.377, 18163
669, 0.3769, 18182
670, 0.3774, 18201
671, 0.3778, 18221
672, 0.3777, 18240
673, 0.3779, 18259
674, 0.3783, 18278
675, 0.3786, 18298
676, 0.3793, 18317
677, 0.3795, 18336
678, 0.3801, 18355
679, 0.3803, 18375
680, 0.3808, 18394
681, 0.381, 18413
682, 0.3817, 18432
683, 0.3817, 18451
684, 0.3822, 18471
685, 0.3827, 18490
686, 0.3831, 18509
687, 0.3838, 18529
688, 0.3841, 18549
689, 0.3846, 18568
690, 0.3847, 18587
691, 0.3845, 18606
692, 0.3846, 18626
693, 0.3853, 18645
694, 0.3857, 18664
695, 0.3857, 18684
696, 0.386, 18703
697, 0.3857, 18722
698, 0.386, 18741
699, 0.3865, 18761
700, 0.3866, 18780
701, 0.3869, 18800
702, 0.3871, 18819
703, 0.3874, 18838
704, 0.3878, 18858
705, 0.3881, 18877
706, 0.3883, 18896
707, 0.3887, 18916
708, 0.3888, 18936
709, 0.3889, 18955
710, 0.3893, 18975
711, 0.3894, 18995
712, 0.3899, 19014
713, 0.3902, 19033
714, 0.3906, 19053
715, 0.3912, 19072
716, 0.3911, 19091
717, 0.391, 19111
718, 0.3911, 19130
719, 0.3913, 19149
720, 0.3917, 19169
721, 0.3921, 19188
722, 0.3924, 19207
723, 0.3925, 19226
724, 0.3929, 19245
725, 0.3938, 19264
726, 0.3939, 19284
727, 0.3944, 19303
728, 0.3949, 19321
729, 0.3947, 19340
730, 0.3949, 19360
731, 0.3955, 19380
732, 0.3958, 19399
733, 0.3967, 19418
734, 0.397, 19438
735, 0.3969, 19457
736, 0.3971, 19477
737, 0.3977, 19496
738, 0.3979, 19515
739, 0.3976, 19535
740, 0.3977, 19554
741, 0.3979, 19574
742, 0.398, 19593
743, 0.3986, 19612
744, 0.3988, 19632
745, 0.3989, 19651
746, 0.3994, 19670
747, 0.399, 19690
748, 0.3997, 19709
749, 0.4003, 19729
750, 0.3999, 19748
751, 0.4003, 19767
752, 0.4, 19786
753, 0.4002, 19806
754, 0.4009, 19825
755, 0.4011, 19844
756, 0.4015, 19864
757, 0.4016, 19883
758, 0.402, 19902
759, 0.4023, 19921
760, 0.4027, 19940
761, 0.403, 19960
762, 0.403, 19979
763, 0.4028, 19999
764, 0.4026, 20018
765, 0.4026, 20038
766, 0.4028, 20057
767, 0.4032, 20077
768, 0.4034, 20096
769, 0.4037, 20115
770, 0.4038, 20134
771, 0.4042, 20153
772, 0.4041, 20172
773, 0.4042, 20191
774, 0.4045, 20211
775, 0.4045, 20230
776, 0.4045, 20250
777, 0.4049, 20269
778, 0.4054, 20288
779, 0.4057, 20308
780, 0.406, 20327
781, 0.4063, 20346
782, 0.4063, 20366
783, 0.407, 20385
784, 0.4073, 20405
785, 0.4074, 20424
786, 0.407, 20443
787, 0.4074, 20462
788, 0.4076, 20481
789, 0.4081, 20501
790, 0.4083, 20520
791, 0.4086, 20539
792, 0.4089, 20559
793, 0.4097, 20578
794, 0.4096, 20597
795, 0.4097, 20617
796, 0.4098, 20636
797, 0.4101, 20655
798, 0.4103, 20674
799, 0.4105, 20694
800, 0.4105, 20713
801, 0.4106, 20732
802, 0.4106, 20751
803, 0.4107, 20771
804, 0.411, 20790
805, 0.4112, 20809
806, 0.4109, 20829
807, 0.4107, 20848
808, 0.4108, 20868
809, 0.4107, 20887
810, 0.4109, 20906
811, 0.411, 20926
812, 0.4115, 20946
813, 0.4116, 20965
814, 0.4118, 20985
815, 0.4122, 21004
816, 0.4127, 21024
817, 0.4129, 21043
818, 0.4133, 21062
819, 0.4136, 21082
820, 0.4137, 21101
821, 0.4142, 21120
822, 0.4142, 21140
823, 0.4146, 21159
824, 0.4143, 21178
825, 0.4145, 21198
826, 0.4147, 21217
827, 0.4154, 21237
828, 0.4157, 21256
829, 0.416, 21275
830, 0.4164, 21295
831, 0.4164, 21314
832, 0.4164, 21333
833, 0.417, 21352
834, 0.4176, 21372
835, 0.4179, 21391
836, 0.4179, 21410
837, 0.4179, 21430
838, 0.4175, 21449
839, 0.418, 21469
840, 0.418, 21488
841, 0.4179, 21507
842, 0.4185, 21526
843, 0.4185, 21546
844, 0.4186, 21565
845, 0.4192, 21584
846, 0.4194, 21603
847, 0.4198, 21622
848, 0.42, 21641
849, 0.4201, 21660
850, 0.4203, 21680
851, 0.4204, 21699
852, 0.4204, 21718
853, 0.4201, 21738
854, 0.4202, 21757
855, 0.4206, 21776
856, 0.4216, 21796
857, 0.4215, 21815
858, 0.4217, 21834
859, 0.4217, 21854
860, 0.4219, 21873
861, 0.4225, 21892
862, 0.4223, 21912
863, 0.4225, 21931
864, 0.4231, 21950
865, 0.4233, 21970
866, 0.4236, 21989
867, 0.424, 22008
868, 0.424, 22028
869, 0.4244, 22047
870, 0.4247, 22067
871, 0.425, 22086
872, 0.4251, 22105
873, 0.4255, 22124
874, 0.4255, 22143
875, 0.4259, 22163
876, 0.4262, 22182
877, 0.4262, 22201
878, 0.4267, 22220
879, 0.4266, 22240
880, 0.4268, 22259
881, 0.4268, 22278
882, 0.427, 22298
883, 0.4272, 22317
884, 0.4275, 22336
885, 0.4278, 22355
886, 0.428, 22375
887, 0.4278, 22394
888, 0.4278, 22413
889, 0.4283, 22433
890, 0.4286, 22452
891, 0.4284, 22471
892, 0.4282, 22490
893, 0.4282, 22510
894, 0.4284, 22530
895, 0.4288, 22550
896, 0.4294, 22569
897, 0.4297, 22588
898, 0.4301, 22607
899, 0.4296, 22626
900, 0.4293, 22645
901, 0.4294, 22665
902, 0.4296, 22684
903, 0.4297, 22703
904, 0.4301, 22723
905, 0.4303, 22742
906, 0.4306, 22761
907, 0.4311, 22781
908, 0.4318, 22800
909, 0.432, 22819
910, 0.4322, 22838
911, 0.433, 22857
912, 0.4335, 22877
913, 0.4339, 22896
914, 0.4341, 22915
915, 0.4343, 22935
916, 0.4349, 22955
917, 0.435, 22974
918, 0.4352, 22993
919, 0.4353, 23012
920, 0.4355, 23031
921, 0.4354, 23051
922, 0.4359, 23070
923, 0.4358, 23089
924, 0.4362, 23108
925, 0.4363, 23127
926, 0.4361, 23147
927, 0.4362, 23165
928, 0.4364, 23185
929, 0.4363, 23204
930, 0.4365, 23223
931, 0.4367, 23243
932, 0.4368, 23262
933, 0.437, 23282
934, 0.4372, 23301
935, 0.438, 23320
936, 0.4383, 23339
937, 0.4384, 23359
938, 0.4385, 23378
939, 0.4391, 23397
940, 0.4392, 23416
941, 0.4398, 23436
942, 0.4397, 23455
943, 0.4402, 23474
944, 0.4402, 23493
945, 0.4402, 23513
946, 0.4404, 23532
947, 0.4407, 23551
948, 0.4408, 23571
949, 0.4409, 23590
950, 0.441, 23609
951, 0.4416, 23628
952, 0.442, 23648
953, 0.4423, 23667
954, 0.4425, 23686
955, 0.4427, 23706
956, 0.4431, 23725
957, 0.4437, 23745
958, 0.4437, 23764
959, 0.4438, 23783
960, 0.4439, 23803
961, 0.4438, 23822
962, 0.444, 23841
963, 0.4441, 23860
964, 0.4444, 23880
965, 0.4445, 23899
966, 0.4449, 23918
967, 0.4456, 23937
968, 0.4456, 23957
969, 0.446, 23976
970, 0.4462, 23995
971, 0.4466, 24015
972, 0.4468, 24034
973, 0.4472, 24053
974, 0.4476, 24073
975, 0.4481, 24092
976, 0.4484, 24112
977, 0.4484, 24131
978, 0.4489, 24150
979, 0.4495, 24169
980, 0.4494, 24189
981, 0.4497, 24208
982, 0.4501, 24227
983, 0.4504, 24247
984, 0.4509, 24266
985, 0.4509, 24285
986, 0.4511, 24304
987, 0.4509, 24324
988, 0.4511, 24343
989, 0.4513, 24363
990, 0.4509, 24382
991, 0.4508, 24401
992, 0.4509, 24420
993, 0.4511, 24439
994, 0.4516, 24459
995, 0.452, 24478
996, 0.4522, 24497
997, 0.4523, 24517
998, 0.4522, 24536
999, 0.452, 24555
1000, 0.4522, 24574
1001, 0.4517, 24594
1002, 0.4519, 24613
1003, 0.4521, 24632
1004, 0.4524, 24651
1005, 0.4522, 24670
1006, 0.4522, 24689
1007, 0.4525, 24709
1008, 0.4525, 24727
1009, 0.4524, 24747
1010, 0.4526, 24766
1011, 0.4532, 24786
1012, 0.4533, 24805
1013, 0.4535, 24825
1014, 0.4534, 24844
1015, 0.4537, 24863
1016, 0.4536, 24883
1017, 0.4538, 24902
1018, 0.4536, 24922
1019, 0.4535, 24942
1020, 0.4539, 24960
1021, 0.454, 24980
1022, 0.4541, 24999
1023, 0.4542, 25018
1024, 0.4542, 25037
1025, 0.4542, 25057
1026, 0.4542, 25076
1027, 0.4544, 25095
1028, 0.4542, 25114
1029, 0.4545, 25134
1030, 0.4545, 25153
1031, 0.4544, 25172
1032, 0.4543, 25192
1033, 0.4542, 25211
1034, 0.4543, 25230
1035, 0.4545, 25250
1036, 0.4549, 25269
1037, 0.4544, 25289
1038, 0.4548, 25308
1039, 0.4551, 25327
1040, 0.4548, 25346
1041, 0.4552, 25366
1042, 0.4555, 25385
1043, 0.4563, 25405
1044, 0.4567, 25425
1045, 0.4568, 25444
1046, 0.4569, 25463
1047, 0.4569, 25483
1048, 0.4575, 25502
1049, 0.4578, 25521
1050, 0.4578, 25540
1051, 0.4584, 25560
1052, 0.4589, 25579
1053, 0.459, 25598
1054, 0.4592, 25618
1055, 0.4594, 25637
1056, 0.4599, 25656
1057, 0.4604, 25676
1058, 0.4604, 25695
1059, 0.4609, 25715
1060, 0.4609, 25734
1061, 0.4609, 25754
1062, 0.4608, 25773
1063, 0.4605, 25792
1064, 0.4611, 25812
1065, 0.4612, 25831
1066, 0.4613, 25850
1067, 0.4616, 25869
1068, 0.4619, 25889
1069, 0.4619, 25908
1070, 0.4623, 25927
1071, 0.4625, 25946
1072, 0.4625, 25966
1073, 0.4626, 25986
1074, 0.463, 26005
1075, 0.4632, 26024
1076, 0.4634, 26043
1077, 0.4637, 26063
1078, 0.4637, 26082
1079, 0.4641, 26102
1080, 0.4646, 26122
1081, 0.4647, 26141
1082, 0.465, 26160
1083, 0.4652, 26180
1084, 0.4652, 26199
1085, 0.4653, 26218
1086, 0.4654, 26237
1087, 0.4659, 26256
1088, 0.4658, 26276
1089, 0.4661, 26295
1090, 0.4661, 26314
1091, 0.4662, 26334
1092, 0.4664, 26353
1093, 0.4665, 26372
1094, 0.4669, 26392
1095, 0.4667, 26411
1096, 0.4666, 26431
1097, 0.4666, 26451
1098, 0.4668, 26470
1099, 0.4668, 26489
1100, 0.4668, 26509
1101, 0.467, 26528
1102, 0.4673, 26548
1103, 0.4676, 26567
1104, 0.4681, 26586
1105, 0.4683, 26606
1106, 0.4685, 26625
1107, 0.4684, 26645
1108, 0.4685, 26664
1109, 0.4686, 26683
1110, 0.4685, 26703
1111, 0.4688, 26722
1112, 0.4687, 26741
1113, 0.4688, 26761
1114, 0.469, 26780
1115, 0.469, 26800
1116, 0.4692, 26819
1117, 0.4692, 26839
1118, 0.4695, 26858
1119, 0.47, 26878
1120, 0.4703, 26897
1121, 0.4705, 26917
1122, 0.4707, 26936
1123, 0.4711, 26955
1124, 0.4711, 26975
1125, 0.4711, 26994
1126, 0.4712, 27014
1127, 0.4715, 27032
1128, 0.4717, 27052
1129, 0.4717, 27072
1130, 0.472, 27091
1131, 0.4721, 27110
1132, 0.4725, 27130
1133, 0.4725, 27149
1134, 0.4726, 27168
1135, 0.4727, 27188
1136, 0.4731, 27207
1137, 0.4732, 27226
1138, 0.4732, 27246
1139, 0.4736, 27265
1140, 0.4736, 27284
1141, 0.4738, 27304
1142, 0.4737, 27323
1143, 0.4741, 27342
1144, 0.4742, 27361
1145, 0.474, 27381
1146, 0.474, 27400
1147, 0.474, 27419
1148, 0.4741, 27439
1149, 0.4743, 27458
1150, 0.4743, 27477
1151, 0.4746, 27497
1152, 0.4747, 27516
1153, 0.4752, 27536
1154, 0.4756, 27555
1155, 0.4757, 27574
1156, 0.4757, 27593
1157, 0.4756, 27613
1158, 0.4758, 27632
1159, 0.4758, 27651
1160, 0.4763, 27671
1161, 0.4765, 27690
1162, 0.4768, 27709
1163, 0.477, 27728
1164, 0.4772, 27748
1165, 0.4775, 27767
1166, 0.4776, 27787
1167, 0.4777, 27806
1168, 0.4779, 27826
1169, 0.4781, 27845
1170, 0.4782, 27865
1171, 0.4781, 27884
1172, 0.4781, 27903
1173, 0.4783, 27923
1174, 0.4784, 27942
1175, 0.4784, 27962
1176, 0.4786, 27981
1177, 0.4788, 28001
1178, 0.4788, 28020
1179, 0.4788, 28039
1180, 0.4784, 28058
1181, 0.4785, 28078
1182, 0.4786, 28097
1183, 0.4786, 28116
1184, 0.4789, 28136
1185, 0.479, 28155
1186, 0.4787, 28174
1187, 0.4789, 28193
1188, 0.4791, 28213
1189, 0.4794, 28232
1190, 0.4796, 28251
1191, 0.4796, 28271
1192, 0.4801, 28290
1193, 0.4802, 28310
1194, 0.4802, 28329
1195, 0.4803, 28348
1196, 0.4808, 28368
1197, 0.4805, 28387
1198, 0.4804, 28407
1199, 0.4808, 28427
1200, 0.4812, 28447
1201, 0.4815, 28466
1202, 0.4819, 28485
1203, 0.4822, 28505
1204, 0.482, 28524
1205, 0.482, 28543
1206, 0.4824, 28562
1207, 0.4825, 28582
1208, 0.4822, 28601
1209, 0.4823, 28620
1210, 0.4825, 28640
1211, 0.4825, 28660
1212, 0.4826, 28679
1213, 0.4831, 28698
1214, 0.4829, 28717
1215, 0.483, 28737
1216, 0.4831, 28756
1217, 0.4835, 28776
1218, 0.4836, 28795
1219, 0.4839, 28817
1220, 0.4837, 28838
1221, 0.4841, 28858
1222, 0.4842, 28878
1223, 0.4844, 28898
1224, 0.4851, 28918
1225, 0.4851, 28937
1226, 0.4854, 28957
1227, 0.4857, 28976
1228, 0.4859, 28996
1229, 0.4858, 29015
1230, 0.4858, 29034
1231, 0.486, 29053
1232, 0.486, 29072
1233, 0.4865, 29092
1234, 0.4865, 29111
1235, 0.4868, 29131
1236, 0.4869, 29150
1237, 0.4868, 29170
1238, 0.4864, 29190
1239, 0.4865, 29209
1240, 0.4866, 29228
1241, 0.4869, 29248
1242, 0.4872, 29267
1243, 0.4872, 29286
1244, 0.4876, 29305
1245, 0.4874, 29324
1246, 0.4876, 29344
1247, 0.4876, 29363
1248, 0.4883, 29383
1249, 0.4885, 29402
1250, 0.4889, 29421
1251, 0.4894, 29441
1252, 0.4893, 29460
1253, 0.4893, 29479
1254, 0.4894, 29499
1255, 0.4896, 29518
1256, 0.4895, 29537
1257, 0.4894, 29557
1258, 0.4897, 29576
1259, 0.4898, 29595
1260, 0.4898, 29614
1261, 0.49, 29633
1262, 0.4901, 29653
1263, 0.4903, 29672
1264, 0.4901, 29692
1265, 0.4901, 29711
1266, 0.49, 29731
1267, 0.4901, 29750
1268, 0.49, 29770
1269, 0.4901, 29789
1270, 0.4904, 29808
1271, 0.4906, 29827
1272, 0.4904, 29847
1273, 0.4907, 29866
1274, 0.4909, 29885
1275, 0.4907, 29905
1276, 0.4907, 29924
1277, 0.4908, 29943
1278, 0.4908, 29963
1279, 0.491, 29982
1280, 0.4913, 30001
1281, 0.4917, 30021
1282, 0.4917, 30041
1283, 0.4919, 30060
1284, 0.492, 30080
1285, 0.492, 30099
1286, 0.4918, 30118
1287, 0.4921, 30137
1288, 0.4922, 30156
1289, 0.4925, 30176
1290, 0.4928, 30195
1291, 0.4929, 30214
1292, 0.4931, 30234
1293, 0.4934, 30253
1294, 0.4935, 30272
1295, 0.4936, 30291
1296, 0.4937, 30311
1297, 0.4939, 30330
1298, 0.4938, 30350
1299, 0.4943, 30369
1300, 0.4943, 30388
1301, 0.4946, 30408
1302, 0.4949, 30427
1303, 0.4952, 30446
1304, 0.4951, 30465
1305, 0.4953, 30485
1306, 0.4953, 30505
1307, 0.4955, 30524
1308, 0.4956, 30543
1309, 0.4958, 30563
1310, 0.4957, 30582
1311, 0.4955, 30601
1312, 0.4957, 30620
1313, 0.4961, 30640
1314, 0.4962, 30659
1315, 0.4961, 30678
1316, 0.4961, 30697
1317, 0.4965, 30716
1318, 0.4966, 30736
1319, 0.4971, 30755
1320, 0.4969, 30774
1321, 0.497, 30793
1322, 0.4972, 30813
1323, 0.4972, 30832
1324, 0.4972, 30852
1325, 0.4974, 30871
1326, 0.4973, 30891
1327, 0.4976, 30910
1328, 0.4982, 30929
1329, 0.4985, 30949
1330, 0.4984, 30968
1331, 0.4983, 30987
1332, 0.4984, 31006
1333, 0.4983, 31026
1334, 0.4984, 31045
1335, 0.4983, 31065
1336, 0.4981, 31084
1337, 0.4984, 31104
1338, 0.4988, 31123
1339, 0.4993, 31142
1340, 0.4994, 31161
1341, 0.4995, 31181
1342, 0.4995, 31201
1343, 0.4996, 31220
1344, 0.4997, 31239
1345, 0.4998, 31259
1346, 0.4999, 31279
1347, 0.4999, 31298
1348, 0.5, 31317
1349, 0.5004, 31336
1350, 0.5003, 31356
1351, 0.5004, 31375
1352, 0.5004, 31395
1353, 0.5003, 31414
1354, 0.5005, 31433
1355, 0.5007, 31452
1356, 0.5009, 31472
1357, 0.5009, 31491
1358, 0.501, 31511
1359, 0.5008, 31530
1360, 0.5011, 31549
1361, 0.5011, 31569
1362, 0.5011, 31588
1363, 0.5013, 31607
1364, 0.501, 31626
1365, 0.5014, 31645
1366, 0.5013, 31664
1367, 0.5013, 31683
1368, 0.5016, 31703
1369, 0.5019, 31722
1370, 0.5019, 31741
1371, 0.502, 31761
1372, 0.5021, 31780
1373, 0.5025, 31799
1374, 0.5025, 31819
1375, 0.5031, 31838
1376, 0.5036, 31857
1377, 0.5036, 31877
1378, 0.5038, 31896
1379, 0.5038, 31915
1380, 0.5039, 31935
1381, 0.5036, 31954
1382, 0.5035, 31973
1383, 0.5036, 31992
1384, 0.5035, 32011
1385, 0.5037, 32031
1386, 0.5039, 32050
1387, 0.5037, 32069
1388, 0.5039, 32088
1389, 0.504, 32108
1390, 0.5043, 32127
1391, 0.5046, 32146
1392, 0.5048, 32166
1393, 0.5049, 32185
1394, 0.5047, 32204
1395, 0.5049, 32223
1396, 0.505, 32243
1397, 0.5047, 32263
1398, 0.5047, 32282
1399, 0.5046, 32301
1400, 0.5046, 32320
1401, 0.5047, 32340
1402, 0.5048, 32359
1403, 0.505, 32378
1404, 0.5048, 32397
1405, 0.5051, 32416
1406, 0.505, 32436
1407, 0.505, 32455
1408, 0.5052, 32474
1409, 0.5055, 32493
1410, 0.5056, 32513
1411, 0.5056, 32532
1412, 0.5053, 32551
1413, 0.5056, 32571
1414, 0.506, 32590
1415, 0.5063, 32609
1416, 0.5069, 32629
1417, 0.5066, 32648
1418, 0.507, 32668
1419, 0.5072, 32687
1420, 0.5073, 32706
1421, 0.5072, 32726
1422, 0.5072, 32745
1423, 0.5073, 32764
1424, 0.5074, 32784
1425, 0.5077, 32803
1426, 0.5081, 32822
1427, 0.5082, 32841
1428, 0.5082, 32860
1429, 0.5085, 32879
1430, 0.5085, 32899
1431, 0.509, 32918
1432, 0.5091, 32937
1433, 0.5092, 32956
1434, 0.5093, 32975
1435, 0.5094, 32994
1436, 0.5094, 33013
1437, 0.5092, 33033
1438, 0.5097, 33052
1439, 0.5099, 33071
1440, 0.5105, 33090
1441, 0.5104, 33109
1442, 0.5105, 33129
1443, 0.511, 33148
1444, 0.5111, 33167
1445, 0.5111, 33186
1446, 0.5114, 33206
1447, 0.5115, 33225
1448, 0.5118, 33244
1449, 0.5119, 33264
1450, 0.5119, 33283
1451, 0.5121, 33302
1452, 0.5122, 33322
1453, 0.5123, 33342
1454, 0.5124, 33361
1455, 0.5126, 33380
1456, 0.5132, 33399
1457, 0.5132, 33418
1458, 0.5132, 33438
1459, 0.5137, 33457
1460, 0.5139, 33477
1461, 0.514, 33496
1462, 0.514, 33515
1463, 0.5142, 33534
1464, 0.5142, 33554
1465, 0.5145, 33573
1466, 0.5145, 33592
1467, 0.5146, 33612
1468, 0.5148, 33631
1469, 0.5146, 33650
1470, 0.5149, 33670
1471, 0.5148, 33689
1472, 0.5151, 33708
1473, 0.5149, 33727
1474, 0.5151, 33747
1475, 0.5149, 33766
1476, 0.5152, 33785
1477, 0.5154, 33804
1478, 0.5154, 33824
1479, 0.5157, 33843
1480, 0.5157, 33863
1481, 0.5159, 33882
1482, 0.5159, 33902
1483, 0.5164, 33921
1484, 0.5166, 33941
1485, 0.5167, 33960
1486, 0.5165, 33979
1487, 0.5168, 33999
1488, 0.5168, 34018
1489, 0.5168, 34038
1490, 0.5169, 34057
1491, 0.5173, 34076
1492, 0.5175, 34095
1493, 0.5176, 34115
1494, 0.5177, 34134
1495, 0.5173, 34153
1496, 0.5172, 34172
1497, 0.5172, 34192
1498, 0.5173, 34211
1499, 0.5172, 34230
1500, 0.5172, 34249
1501, 0.5171, 34268
1502, 0.5174, 34288
1503, 0.5174, 34308
1504, 0.5175, 34326
1505, 0.5174, 34346
1506, 0.5173, 34365
1507, 0.5174, 34385
1508, 0.5177, 34404
1509, 0.5176, 34423
1510, 0.5176, 34442
1511, 0.5176, 34462
1512, 0.5181, 34482
1513, 0.5182, 34501
1514, 0.5184, 34520
1515, 0.5184, 34539
1516, 0.5184, 34558
1517, 0.5183, 34578
1518, 0.5186, 34597
1519, 0.5189, 34616
1520, 0.5189, 34636
1521, 0.5193, 34655
1522, 0.5194, 34675
1523, 0.5196, 34694
1524, 0.5193, 34713
1525, 0.5195, 34733
1526, 0.5199, 34752
1527, 0.52, 34771
1528, 0.5204, 34790
1529, 0.5206, 34810
1530, 0.5207, 34829
1531, 0.5207, 34848
1532, 0.5209, 34867
1533, 0.5208, 34886
1534, 0.5209, 34906
1535, 0.5208, 34925
1536, 0.5209, 34944
1537, 0.5209, 34963
1538, 0.5211, 34982
1539, 0.5208, 35002
1540, 0.5211, 35021
1541, 0.5209, 35041
1542, 0.5213, 35060
1543, 0.5211, 35080
1544, 0.5215, 35099
1545, 0.5214, 35118
1546, 0.5219, 35138
1547, 0.5221, 35157
1548, 0.5221, 35177
1549, 0.5222, 35196
1550, 0.5222, 35216
1551, 0.5223, 35235
1552, 0.5221, 35254
1553, 0.5221, 35273
1554, 0.5225, 35293
1555, 0.5223, 35313
1556, 0.5224, 35333
1557, 0.5226, 35352
1558, 0.5227, 35371
1559, 0.5227, 35391
1560, 0.5228, 35410
1561, 0.523, 35430
1562, 0.5231, 35449
1563, 0.523, 35468
1564, 0.5232, 35487
1565, 0.5234, 35506
1566, 0.5235, 35526
1567, 0.5238, 35545
1568, 0.5239, 35564
1569, 0.5241, 35583
1570, 0.524, 35603
1571, 0.5244, 35622
1572, 0.5243, 35642
1573, 0.5248, 35661
1574, 0.5248, 35681
1575, 0.5254, 35700
1576, 0.5259, 35719
1577, 0.526, 35738
1578, 0.5262, 35757
1579, 0.5264, 35777
1580, 0.5267, 35796
1581, 0.5268, 35815
1582, 0.5266, 35834
1583, 0.5269, 35853
1584, 0.5266, 35873
1585, 0.5265, 35892
1586, 0.5264, 35912
1587, 0.5266, 35931
1588, 0.5269, 35950
1589, 0.527, 35969
1590, 0.5269, 35989
1591, 0.5265, 36008
1592, 0.5271, 36027
1593, 0.5273, 36047
1594, 0.5273, 36067
1595, 0.5273, 36086
1596, 0.5274, 36105
1597, 0.5274, 36125
1598, 0.5274, 36144
1599, 0.5277, 36164
1600, 0.5274, 36183
1601, 0.5277, 36202
1602, 0.528, 36222
1603, 0.528, 36241
1604, 0.5277, 36260
1605, 0.5281, 36280
1606, 0.5279, 36299
1607, 0.5283, 36319
1608, 0.528, 36338
1609, 0.528, 36357
1610, 0.5283, 36376
1611, 0.5287, 36396
1612, 0.5286, 36415
1613, 0.5286, 36435
1614, 0.5285, 36454
1615, 0.5286, 36474
1616, 0.5287, 36493
1617, 0.5286, 36512
1618, 0.5289, 36532
1619, 0.5286, 36552
1620, 0.5287, 36571
1621, 0.5286, 36590
1622, 0.5286, 36609
1623, 0.5283, 36629
1624, 0.5289, 36649
1625, 0.5288, 36668
1626, 0.5289, 36688
1627, 0.529, 36707
1628, 0.5291, 36727
1629, 0.5292, 36746
1630, 0.529, 36766
1631, 0.5291, 36785
1632, 0.5292, 36804
1633, 0.5295, 36824
1634, 0.5295, 36843
1635, 0.5296, 36863
1636, 0.5296, 36882
1637, 0.5297, 36901
1638, 0.5298, 36921
1639, 0.53, 36940
1640, 0.5306, 36960
1641, 0.531, 36979
1642, 0.531, 36998
1643, 0.531, 37018
1644, 0.5309, 37037
1645, 0.531, 37057
1646, 0.5308, 37077
1647, 0.5308, 37096
1648, 0.5308, 37115
1649, 0.5307, 37135
1650, 0.5307, 37154
1651, 0.5308, 37174
1652, 0.5309, 37193
1653, 0.5308, 37212
1654, 0.5309, 37232
1655, 0.5307, 37251
1656, 0.5308, 37271
1657, 0.531, 37290
1658, 0.5313, 37309
1659, 0.5314, 37328
1660, 0.5314, 37348
1661, 0.5318, 37367
1662, 0.5319, 37386
1663, 0.5319, 37405
1664, 0.5319, 37424
1665, 0.5321, 37443
1666, 0.532, 37462
1667, 0.5321, 37481
1668, 0.5321, 37501
1669, 0.5323, 37520
1670, 0.5326, 37539
1671, 0.5327, 37559
1672, 0.5328, 37578
1673, 0.533, 37597
1674, 0.5329, 37617
1675, 0.5331, 37636
1676, 0.5331, 37655
1677, 0.5333, 37675
1678, 0.5332, 37694
1679, 0.5333, 37714
1680, 0.5332, 37733
1681, 0.5333, 37752
1682, 0.5334, 37771
1683, 0.5334, 37791
1684, 0.5336, 37810
1685, 0.5336, 37829
1686, 0.5338, 37848
1687, 0.5341, 37867
1688, 0.5339, 37886
1689, 0.5342, 37905
1690, 0.5344, 37925
1691, 0.5344, 37944
1692, 0.5345, 37963
1693, 0.5344, 37982
1694, 0.5346, 38002
1695, 0.5347, 38021
1696, 0.5347, 38040
1697, 0.5349, 38059
1698, 0.5348, 38078
1699, 0.5348, 38098
1700, 0.5349, 38117
1701, 0.5349, 38136
1702, 0.5351, 38155
1703, 0.5352, 38175
1704, 0.5359, 38194
1705, 0.5357, 38214
1706, 0.5357, 38233
1707, 0.536, 38252
1708, 0.536, 38272
1709, 0.5359, 38291
1710, 0.5358, 38310
1711, 0.5362, 38330
1712, 0.5365, 38349
1713, 0.5367, 38368
1714, 0.5367, 38388
1715, 0.5368, 38407
1716, 0.5369, 38427
1717, 0.5367, 38446
1718, 0.5366, 38465
1719, 0.5367, 38484
1720, 0.5368, 38504
1721, 0.5369, 38523
1722, 0.5371, 38543
1723, 0.5372, 38562
1724, 0.5372, 38581
1725, 0.5371, 38600
1726, 0.5373, 38620
1727, 0.5372, 38639
1728, 0.5372, 38658
1729, 0.5374, 38678
1730, 0.5376, 38697
1731, 0.538, 38716
1732, 0.5381, 38735
1733, 0.5381, 38755
1734, 0.5382, 38774
1735, 0.5383, 38794
1736, 0.5386, 38813
1737, 0.5387, 38832
1738, 0.5384, 38852
1739, 0.5386, 38871
1740, 0.5387, 38890
1741, 0.539, 38909
1742, 0.5389, 38928
1743, 0.539, 38948
1744, 0.539, 38967
1745, 0.539, 38986
1746, 0.5392, 39006
1747, 0.5392, 39025
1748, 0.5394, 39045
1749, 0.5394, 39064
1750, 0.5395, 39083
1751, 0.5398, 39103
1752, 0.54, 39122
1753, 0.5397, 39141
1754, 0.5397, 39161
1755, 0.5402, 39180
1756, 0.5402, 39199
1757, 0.5403, 39219
1758, 0.5407, 39238
1759, 0.5405, 39258
1760, 0.5405, 39278
1761, 0.5406, 39298
1762, 0.5409, 39318
1763, 0.5411, 39338
1764, 0.5412, 39357
1765, 0.5411, 39377
1766, 0.5412, 39396
1767, 0.5413, 39415
1768, 0.5413, 39435
1769, 0.5413, 39455
1770, 0.5413, 39474
1771, 0.5413, 39494
1772, 0.5411, 39513
1773, 0.5411, 39532
1774, 0.5411, 39551
1775, 0.541, 39570
1776, 0.5411, 39590
1777, 0.5409, 39609
1778, 0.5412, 39629
1779, 0.5411, 39648
1780, 0.5412, 39668
1781, 0.5412, 39687
1782, 0.541, 39706
1783, 0.5412, 39726
1784, 0.5415, 39745
1785, 0.5416, 39764
1786, 0.5416, 39784
1787, 0.5416, 39803
1788, 0.5417, 39822
1789, 0.5418, 39841
1790, 0.5421, 39860
1791, 0.5418, 39880
1792, 0.5421, 39899
1793, 0.5421, 39918
1794, 0.5423, 39938
1795, 0.5423, 39957
1796, 0.5423, 39976
1797, 0.5425, 39996
1798, 0.5426, 40015
1799, 0.5426, 40034
1800, 0.5427, 40053
1801, 0.5427, 40072
1802, 0.5428, 40091
1803, 0.5431, 40110
1804, 0.5431, 40129
1805, 0.5432, 40149
1806, 0.5432, 40168
1807, 0.5432, 40187
1808, 0.5434, 40206
1809, 0.5436, 40225
1810, 0.5438, 40245
1811, 0.5439, 40264
1812, 0.5437, 40284
1813, 0.5438, 40303
1814, 0.5439, 40322
1815, 0.5438, 40342
1816, 0.5438, 40361
1817, 0.5439, 40380
1818, 0.5441, 40399
1819, 0.5442, 40418
1820, 0.5444, 40438
1821, 0.5447, 40457
1822, 0.5449, 40476
1823, 0.5447, 40495
1824, 0.5447, 40515
1825, 0.5448, 40535
1826, 0.5447, 40554
1827, 0.5447, 40573
1828, 0.5449, 40593
1829, 0.5447, 40613
1830, 0.5452, 40632
1831, 0.5449, 40651
1832, 0.5451, 40670
1833, 0.545, 40689
1834, 0.5452, 40709
1835, 0.5452, 40728
1836, 0.5453, 40747
1837, 0.5453, 40767
1838, 0.5454, 40786
1839, 0.5459, 40805
1840, 0.5461, 40824
1841, 0.5463, 40843
1842, 0.5464, 40863
1843, 0.5467, 40882
1844, 0.5469, 40901
1845, 0.5467, 40920
1846, 0.5467, 40939
1847, 0.5469, 40959
1848, 0.547, 40978
1849, 0.5472, 40997
1850, 0.5471, 41017
1851, 0.5469, 41037
1852, 0.5471, 41056
1853, 0.5471, 41075
1854, 0.5471, 41095
1855, 0.5469, 41114
1856, 0.5471, 41133
1857, 0.5471, 41153
1858, 0.5472, 41172
1859, 0.547, 41192
1860, 0.5466, 41211
1861, 0.5474, 41231
1862, 0.5475, 41250
1863, 0.5473, 41269
1864, 0.5474, 41289
1865, 0.5477, 41308
1866, 0.5478, 41327
1867, 0.548, 41346
1868, 0.548, 41365
1869, 0.5481, 41384
1870, 0.5481, 41403
1871, 0.548, 41422
1872, 0.5485, 41442
1873, 0.5486, 41461
1874, 0.5487, 41480
1875, 0.549, 41500
1876, 0.5489, 41518
1877, 0.5491, 41538
1878, 0.5492, 41557
1879, 0.5492, 41576
1880, 0.5493, 41596
1881, 0.5492, 41615
1882, 0.5493, 41634
1883, 0.5493, 41653
1884, 0.5493, 41673
1885, 0.5493, 41692
1886, 0.5494, 41711
1887, 0.5494, 41730
1888, 0.5494, 41750
1889, 0.5496, 41769
1890, 0.55, 41788
1891, 0.55, 41807
1892, 0.5499, 41826
1893, 0.55, 41845
1894, 0.5498, 41865
1895, 0.5497, 41883
1896, 0.55, 41903
1897, 0.5498, 41922
1898, 0.5501, 41942
1899, 0.5502, 41961
1900, 0.5506, 41981
1901, 0.5499, 42000
1902, 0.5505, 42019
1903, 0.5505, 42039
1904, 0.5506, 42058
1905, 0.5507, 42077
1906, 0.5506, 42096
1907, 0.5504, 42116
1908, 0.5504, 42135
1909, 0.5504, 42154
1910, 0.5504, 42173
1911, 0.5503, 42192
1912, 0.5504, 42211
1913, 0.5504, 42231
1914, 0.5505, 42250
1915, 0.5506, 42269
1916, 0.5507, 42288
1917, 0.5507, 42307
1918, 0.5506, 42326
1919, 0.5509, 42346
1920, 0.5509, 42365
1921, 0.5509, 42384
1922, 0.5512, 42404
1923, 0.5511, 42423
1924, 0.5514, 42442
1925, 0.5521, 42461
1926, 0.5521, 42481
1927, 0.552, 42500
1928, 0.5522, 42520
1929, 0.5523, 42539
1930, 0.5525, 42559
1931, 0.5524, 42578
1932, 0.5525, 42597
1933, 0.5527, 42616
1934, 0.5527, 42635
1935, 0.5527, 42654
1936, 0.553, 42674
1937, 0.553, 42693
1938, 0.5529, 42712
1939, 0.5529, 42731
1940, 0.5531, 42751
1941, 0.5531, 42771
1942, 0.5533, 42790
1943, 0.5535, 42809
1944, 0.5534, 42829
1945, 0.5539, 42848
1946, 0.5538, 42868
1947, 0.5538, 42887
1948, 0.5538, 42906
1949, 0.5537, 42926
1950, 0.554, 42945
1951, 0.554, 42965
1952, 0.554, 42984
1953, 0.5539, 43004
1954, 0.5544, 43023
1955, 0.5545, 43042
1956, 0.5546, 43062
1957, 0.5548, 43081
1958, 0.5551, 43101
1959, 0.555, 43120
1960, 0.5551, 43139
1961, 0.5552, 43159
1962, 0.5549, 43178
1963, 0.5554, 43197
1964, 0.5555, 43217
1965, 0.5556, 43236
1966, 0.5554, 43255
1967, 0.556, 43275
1968, 0.5556, 43294
1969, 0.556, 43313
1970, 0.5559, 43332
1971, 0.556, 43352
1972, 0.5558, 43371
1973, 0.556, 43390
1974, 0.5562, 43409
1975, 0.556, 43429
1976, 0.5563, 43448
1977, 0.5561, 43467
1978, 0.5561, 43486
1979, 0.556, 43506
1980, 0.5561, 43525
1981, 0.5565, 43544
1982, 0.5564, 43563
1983, 0.5566, 43583
1984, 0.557, 43602
1985, 0.5566, 43621
1986, 0.5568, 43641
1987, 0.557, 43660
1988, 0.557, 43679
1989, 0.5572, 43699
1990, 0.5572, 43718
1991, 0.5576, 43738
1992, 0.5573, 43758
1993, 0.5575, 43777
1994, 0.5575, 43796
1995, 0.5576, 43816
1996, 0.5574, 43834
1997, 0.5578, 43853
1998, 0.5575, 43872
1999, 0.5576, 43892
2000, 0.558, 43911
2001, 0.5578, 43930
2002, 0.558, 43950
2003, 0.5578, 43969
2004, 0.5578, 43988
2005, 0.5578, 44008
2006, 0.558, 44027
2007, 0.558, 44047
2008, 0.5583, 44066
2009, 0.5584, 44085
2010, 0.5585, 44104
2011, 0.5585, 44125
2012, 0.5586, 44144
2013, 0.5587, 44163
2014, 0.5587, 44183
2015, 0.5585, 44202
2016, 0.5585, 44221
2017, 0.5588, 44240
2018, 0.5589, 44260
2019, 0.5592, 44279
2020, 0.5594, 44299
2021, 0.5595, 44319
2022, 0.5592, 44338
2023, 0.5595, 44358
2024, 0.5593, 44377
2025, 0.5591, 44396
2026, 0.5592, 44415
2027, 0.5594, 44434
2028, 0.5594, 44454
2029, 0.5597, 44474
2030, 0.5595, 44493
2031, 0.5595, 44512
2032, 0.5599, 44531
2033, 0.5599, 44551
2034, 0.5597, 44570
2035, 0.5599, 44589
2036, 0.5599, 44608
2037, 0.5599, 44627
2038, 0.5603, 44646
2039, 0.5603, 44666
2040, 0.5603, 44685
2041, 0.5604, 44704
2042, 0.5606, 44723
2043, 0.5605, 44743
2044, 0.561, 44762
2045, 0.5606, 44781
2046, 0.5608, 44800
2047, 0.5604, 44819
2048, 0.5606, 44839
2049, 0.5606, 44857
2050, 0.5607, 44877
2051, 0.5603, 44896
2052, 0.5605, 44916
2053, 0.5608, 44935
2054, 0.5609, 44954
2055, 0.5611, 44973
2056, 0.5612, 44992
2057, 0.5613, 45012
2058, 0.5612, 45031
2059, 0.5612, 45050
2060, 0.5615, 45069
2061, 0.5615, 45089
2062, 0.5614, 45108
2063, 0.5615, 45127
2064, 0.5619, 45146
2065, 0.5621, 45165
2066, 0.5621, 45185
2067, 0.5623, 45204
2068, 0.5623, 45223
2069, 0.5624, 45242
2070, 0.5623, 45262
2071, 0.5629, 45281
2072, 0.5629, 45300
2073, 0.563, 45320
2074, 0.5631, 45339
2075, 0.5633, 45358
2076, 0.563, 45378
2077, 0.5632, 45397
2078, 0.5635, 45416
2079, 0.5637, 45435
2080, 0.5636, 45455
2081, 0.564, 45474
2082, 0.564, 45493
2083, 0.5644, 45512
2084, 0.5647, 45532
2085, 0.5649, 45551
2086, 0.565, 45571
2087, 0.5648, 45590
2088, 0.565, 45609
2089, 0.5652, 45628
2090, 0.5654, 45647
2091, 0.5658, 45667
2092, 0.5655, 45686
2093, 0.5656, 45705
2094, 0.5655, 45724
2095, 0.5657, 45744
2096, 0.5653, 45763
2097, 0.5655, 45782
2098, 0.5655, 45802
2099, 0.5655, 45821
2100, 0.5656, 45840
2101, 0.5656, 45859
2102, 0.5656, 45879
2103, 0.5656, 45898
2104, 0.5655, 45917
2105, 0.5655, 45937
2106, 0.5652, 45956
2107, 0.5651, 45975
2108, 0.5652, 45995
2109, 0.5654, 46014
2110, 0.5654, 46033
2111, 0.5656, 46053
2112, 0.5658, 46072
2113, 0.5658, 46092
2114, 0.5655, 46111
2115, 0.5656, 46130
2116, 0.5656, 46150
2117, 0.5657, 46169
2118, 0.5659, 46188
2119, 0.5655, 46207
2120, 0.5658, 46226
2121, 0.5659, 46246
2122, 0.566, 46265
2123, 0.5657, 46284
2124, 0.566, 46303
2125, 0.5661, 46322
2126, 0.5664, 46342
2127, 0.5662, 46361
2128, 0.5664, 46380
2129, 0.5663, 46400
2130, 0.5664, 46420
2131, 0.5666, 46439
2132, 0.5669, 46458
2133, 0.5669, 46477
2134, 0.5669, 46496
2135, 0.567, 46515
2136, 0.5669, 46535
2137, 0.5669, 46554
2138, 0.567, 46573
2139, 0.5669, 46592
2140, 0.567, 46612
2141, 0.5669, 46631
2142, 0.5668, 46650
2143, 0.5667, 46670
2144, 0.567, 46689
2145, 0.5669, 46709
2146, 0.567, 46729
2147, 0.5673, 46748
2148, 0.5675, 46767
2149, 0.5673, 46786
2150, 0.5672, 46806
2151, 0.5674, 46825
2152, 0.5674, 46844
2153, 0.5674, 46863
2154, 0.5676, 46882
2155, 0.5673, 46902
2156, 0.5675, 46921
2157, 0.5674, 46941
2158, 0.5674, 46960
2159, 0.5673, 46979
2160, 0.5673, 46999
2161, 0.5675, 47018
2162, 0.5675, 47038
2163, 0.5675, 47057
2164, 0.5674, 47076
2165, 0.5674, 47096
2166, 0.5674, 47115
2167, 0.5677, 47134
2168, 0.5675, 47154
2169, 0.5677, 47173
2170, 0.568, 47193
2171, 0.568, 47212
2172, 0.5679, 47231
2173, 0.5683, 47250
2174, 0.5683, 47269
2175, 0.5688, 47289
2176, 0.5691, 47308
2177, 0.569, 47328
2178, 0.5691, 47347
2179, 0.5692, 47366
2180, 0.5694, 47385
2181, 0.5694, 47405
2182, 0.5695, 47424
2183, 0.5694, 47443
2184, 0.5696, 47462
2185, 0.5698, 47482
2186, 0.5699, 47501
2187, 0.5698, 47521
2188, 0.57, 47540
2189, 0.5701, 47559
2190, 0.5702, 47579
2191, 0.5701, 47598
2192, 0.5702, 47617
2193, 0.57, 47637
2194, 0.5699, 47656
2195, 0.5699, 47675
2196, 0.5699, 47694
2197, 0.57, 47714
2198, 0.5699, 47734
2199, 0.5699, 47753
2200, 0.5698, 47772
2201, 0.57, 47791
2202, 0.57, 47811
2203, 0.5699, 47830
2204, 0.57, 47849
2205, 0.5701, 47869
2206, 0.5701, 47888
2207, 0.5701, 47907
2208, 0.5703, 47926
2209, 0.5705, 47946
2210, 0.5704, 47965
2211, 0.5703, 47985
2212, 0.5704, 48004
2213, 0.5705, 48023
2214, 0.5705, 48042
2215, 0.5704, 48061
2216, 0.5705, 48080
2217, 0.5703, 48100
2218, 0.5707, 48119
2219, 0.5706, 48139
2220, 0.5706, 48158
2221, 0.5709, 48177
2222, 0.5708, 48196
2223, 0.5712, 48216
2224, 0.5713, 48235
2225, 0.5713, 48254
2226, 0.5712, 48274
2227, 0.5713, 48293
2228, 0.5713, 48313
2229, 0.5712, 48332
2230, 0.5712, 48352
2231, 0.5713, 48371
2232, 0.5713, 48390
2233, 0.5711, 48410
2234, 0.5711, 48429
2235, 0.5711, 48448
2236, 0.5709, 48467
2237, 0.5708, 48487
2238, 0.571, 48506
2239, 0.5708, 48526
2240, 0.5709, 48545
2241, 0.5711, 48564
2242, 0.5713, 48584
2243, 0.5711, 48603
2244, 0.5713, 48622
2245, 0.5711, 48641
2246, 0.5715, 48660
2247, 0.5714, 48679
2248, 0.5713, 48698
2249, 0.5713, 48718
2250, 0.5714, 48737
2251, 0.5714, 48756
2252, 0.5715, 48776
2253, 0.5715, 48795
2254, 0.5718, 48814
2255, 0.5718, 48833
2256, 0.5721, 48852
2257, 0.5721, 48872
2258, 0.5725, 48891
2259, 0.5726, 48910
2260, 0.5727, 48929
2261, 0.5725, 48948
2262, 0.5728, 48968
2263, 0.5726, 48987
2264, 0.5729, 49006
2265, 0.573, 49026
2266, 0.5728, 49045
2267, 0.573, 49064
2268, 0.5731, 49084
2269, 0.5731, 49103
2270, 0.5728, 49122
2271, 0.5729, 49141
2272, 0.573, 49161
2273, 0.5728, 49180
2274, 0.5732, 49200
2275, 0.5732, 49219
2276, 0.5731, 49239
2277, 0.573, 49258
2278, 0.5728, 49277
2279, 0.5726, 49297
2280, 0.5727, 49316
2281, 0.5728, 49335
2282, 0.5729, 49354
2283, 0.5729, 49373
2284, 0.5731, 49392
2285, 0.573, 49412
2286, 0.5729, 49431
2287, 0.5729, 49450
2288, 0.5731, 49469
2289, 0.5729, 49488
2290, 0.5731, 49508
2291, 0.5731, 49527
2292, 0.5732, 49546
2293, 0.5731, 49565
2294, 0.5734, 49585
2295, 0.5735, 49604
2296, 0.5732, 49623
2297, 0.5733, 49642
2298, 0.573, 49661
2299, 0.5736, 49680
2300, 0.5732, 49699
2301, 0.5732, 49718
2302, 0.5733, 49738
2303, 0.5732, 49757
2304, 0.5736, 49776
2305, 0.5734, 49796
2306, 0.5736, 49815
2307, 0.5733, 49834
2308, 0.5738, 49854
2309, 0.5734, 49873
2310, 0.574, 49891
2311, 0.5735, 49911
2312, 0.5737, 49930
2313, 0.5736, 49949
2314, 0.5742, 49968
2315, 0.574, 49988
2316, 0.5739, 50007
2317, 0.5737, 50026
2318, 0.5738, 50046
2319, 0.5741, 50065
2320, 0.5739, 50084
2321, 0.574, 50104
2322, 0.5744, 50123
2323, 0.5744, 50142
2324, 0.5744, 50162
2325, 0.5743, 50181
2326, 0.5743, 50200
2327, 0.5744, 50219
2328, 0.5743, 50238
2329, 0.5746, 50258
2330, 0.5744, 50276
2331, 0.5746, 50295
2332, 0.5749, 50315
2333, 0.5747, 50334
2334, 0.5747, 50353
2335, 0.5747, 50372
2336, 0.5747, 50391
2337, 0.5747, 50411
2338, 0.5747, 50430
2339, 0.5751, 50450
2340, 0.5749, 50469
2341, 0.5751, 50488
2342, 0.5752, 50507
2343, 0.5752, 50527
2344, 0.5752, 50546
2345, 0.5753, 50565
2346, 0.5752, 50584
2347, 0.5755, 50604
2348, 0.5757, 50623
2349, 0.5757, 50643
2350, 0.5754, 50662
2351, 0.5754, 50681
2352, 0.5755, 50700
2353, 0.5755, 50720
2354, 0.5758, 50739
2355, 0.5758, 50758
2356, 0.5763, 50777
2357, 0.5764, 50796
2358, 0.5768, 50816
2359, 0.577, 50835
2360, 0.5771, 50854
2361, 0.577, 50873
2362, 0.5771, 50893
2363, 0.577, 50912
2364, 0.5772, 50932
2365, 0.5772, 50951
2366, 0.5776, 50970
2367, 0.5776, 50989
2368, 0.5778, 51008
2369, 0.5779, 51028
2370, 0.5775, 51047
2371, 0.5776, 51066
2372, 0.5779, 51085
2373, 0.5778, 51104
2374, 0.578, 51123
2375, 0.5783, 51143
2376, 0.5783, 51162
2377, 0.5784, 51181
2378, 0.5784, 51200
2379, 0.5786, 51220
2380, 0.5783, 51239
2381, 0.5784, 51258
2382, 0.5787, 51277
2383, 0.5786, 51297
2384, 0.5786, 51315
2385, 0.5787, 51335
2386, 0.5787, 51355
2387, 0.5787, 51374
2388, 0.5789, 51393
2389, 0.579, 51412
2390, 0.5793, 51431
2391, 0.5794, 51451
2392, 0.5797, 51470
2393, 0.5798, 51489
2394, 0.5799, 51508
2395, 0.5801, 51528
2396, 0.58, 51547
2397, 0.5799, 51566
2398, 0.5798, 51586
2399, 0.5798, 51605
2400, 0.5799, 51624
2401, 0.5798, 51644
2402, 0.5799, 51663
2403, 0.5798, 51682
2404, 0.5798, 51701
2405, 0.5798, 51720
2406, 0.5797, 51740
2407, 0.5798, 51759
2408, 0.5797, 51778
2409, 0.58, 51797
2410, 0.5799, 51817
2411, 0.58, 51836
2412, 0.58, 51855
2413, 0.5799, 51875
2414, 0.58, 51894
2415, 0.5801, 51913
2416, 0.5802, 51932
2417, 0.5802, 51951
2418, 0.5802, 51970
2419, 0.58, 51989
2420, 0.5801, 52008
2421, 0.5801, 52028
2422, 0.5802, 52047
2423, 0.5804, 52066
2424, 0.5805, 52085
2425, 0.5803, 52105
2426, 0.5808, 52124
2427, 0.5807, 52143
2428, 0.5809, 52162
2429, 0.5809, 52181
2430, 0.5807, 52200
2431, 0.5809, 52220
2432, 0.581, 52239
2433, 0.5809, 52258
2434, 0.581, 52278
2435, 0.5808, 52297
2436, 0.581, 52316
2437, 0.5808, 52335
2438, 0.5812, 52354
2439, 0.5813, 52374
2440, 0.5812, 52393
2441, 0.5812, 52412
2442, 0.5814, 52431
2443, 0.5813, 52450
2444, 0.5812, 52469
2445, 0.5812, 52488
2446, 0.5813, 52508
2447, 0.5814, 52527
2448, 0.5812, 52546
2449, 0.5812, 52565
2450, 0.5813, 52585
2451, 0.5814, 52604
2452, 0.5814, 52623
2453, 0.5814, 52643
2454, 0.5814, 52662
2455, 0.5815, 52681
2456, 0.5817, 52700
2457, 0.5816, 52719
2458, 0.5819, 52738
2459, 0.5821, 52757
2460, 0.5822, 52776
2461, 0.5823, 52795
2462, 0.5823, 52815
2463, 0.5823, 52834
2464, 0.5823, 52853
2465, 0.5821, 52872
2466, 0.5822, 52891
2467, 0.5822, 52911
2468, 0.5823, 52930
2469, 0.5826, 52950
2470, 0.5825, 52969
2471, 0.5825, 52988
2472, 0.5824, 53007
2473, 0.5826, 53027
2474, 0.5826, 53046
2475, 0.5829, 53065
2476, 0.5829, 53084
2477, 0.5828, 53104
2478, 0.5832, 53123
2479, 0.5833, 53142
2480, 0.5834, 53161
2481, 0.5834, 53180
2482, 0.5834, 53200
2483, 0.5833, 53219
2484, 0.5834, 53238
2485, 0.5834, 53257
2486, 0.5834, 53276
2487, 0.5834, 53295
2488, 0.5835, 53314
2489, 0.5836, 53334
2490, 0.5839, 53353
2491, 0.5839, 53372
2492, 0.5842, 53391
2493, 0.5844, 53410
2494, 0.5845, 53430
2495, 0.5848, 53449
2496, 0.585, 53469
2497, 0.585, 53488
2498, 0.585, 53507
2499, 0.5853, 53527
2500, 0.5853, 53546
2501, 0.5854, 53565
2502, 0.5855, 53585
2503, 0.5855, 53604
2504, 0.5857, 53623
2505, 0.5856, 53642
2506, 0.5858, 53662
2507, 0.5857, 53681
2508, 0.586, 53700
2509, 0.5859, 53719
2510, 0.586, 53738
2511, 0.586, 53758
2512, 0.5862, 53777
2513, 0.5861, 53796
2514, 0.5861, 53815
2515, 0.5861, 53834
2516, 0.586, 53853
2517, 0.586, 53872
2518, 0.5861, 53892
2519, 0.5859, 53911
2520, 0.5863, 53930
2521, 0.5862, 53949
2522, 0.5863, 53968
2523, 0.5861, 53988
2524, 0.5861, 54007
2525, 0.5862, 54026
2526, 0.5862, 54045
2527, 0.5861, 54065
2528, 0.5862, 54084
2529, 0.5859, 54103
2530, 0.586, 54122
2531, 0.586, 54142
2532, 0.5861, 54161
2533, 0.5861, 54181
2534, 0.5861, 54200
2535, 0.5861, 54219
2536, 0.5859, 54239
2537, 0.5857, 54258
2538, 0.5858, 54277
2539, 0.5857, 54296
2540, 0.5858, 54316
2541, 0.5858, 54335
2542, 0.5858, 54354
2543, 0.5859, 54374
2544, 0.5858, 54393
2545, 0.5859, 54412
2546, 0.5859, 54431
2547, 0.5859, 54450
2548, 0.5858, 54470
2549, 0.5858, 54489
2550, 0.5859, 54508
2551, 0.5859, 54528
2552, 0.5858, 54546
2553, 0.586, 54566
2554, 0.586, 54585
2555, 0.5861, 54604
2556, 0.5863, 54623
2557, 0.5864, 54642
2558, 0.5864, 54662
2559, 0.5865, 54681
2560, 0.5863, 54701
2561, 0.5863, 54720
2562, 0.5863, 54740
2563, 0.5863, 54759
2564, 0.5864, 54777
2565, 0.5865, 54797
2566, 0.5862, 54816
2567, 0.5861, 54835
2568, 0.5862, 54854
2569, 0.5863, 54874
2570, 0.5863, 54893
2571, 0.5863, 54912
2572, 0.5864, 54931
2573, 0.5866, 54951
2574, 0.5864, 54970
2575, 0.5865, 54989
2576, 0.5864, 55009
2577, 0.5862, 55028
2578, 0.5864, 55047
2579, 0.5863, 55067
2580, 0.5862, 55086
2581, 0.5866, 55106
2582, 0.5866, 55125
2583, 0.5866, 55144
2584, 0.5868, 55164
2585, 0.5867, 55183
2586, 0.5866, 55202
2587, 0.5868, 55222
2588, 0.5867, 55241
2589, 0.587, 55260
2590, 0.5871, 55279
2591, 0.5872, 55298
2592, 0.5873, 55318
2593, 0.5872, 55338
2594, 0.5871, 55357
2595, 0.5871, 55376
2596, 0.587, 55396
2597, 0.5869, 55415
2598, 0.587, 55435
2599, 0.5871, 55454
2600, 0.587, 55473
2601, 0.5874, 55493
2602, 0.5873, 55512
2603, 0.5873, 55531
2604, 0.5873, 55551
2605, 0.5874, 55570
2606, 0.5872, 55590
2607, 0.5872, 55609
2608, 0.5869, 55628
2609, 0.5872, 55648
2610, 0.5869, 55667
2611, 0.5872, 55687
2612, 0.587, 55706
2613, 0.5871, 55725
2614, 0.587, 55744
2615, 0.5872, 55764
2616, 0.5871, 55783
2617, 0.5874, 55802
2618, 0.5874, 55822
2619, 0.5875, 55841
2620, 0.5873, 55860
2621, 0.5874, 55880
2622, 0.5874, 55899
2623, 0.5873, 55919
2624, 0.5876, 55938
2625, 0.5876, 55957
2626, 0.5876, 55977
2627, 0.5875, 55996
2628, 0.5877, 56015
2629, 0.5878, 56034
2630, 0.5879, 56054
2631, 0.5879, 56073
2632, 0.588, 56092
2633, 0.5879, 56112
2634, 0.588, 56131
2635, 0.5881, 56150
2636, 0.5884, 56170
2637, 0.5883, 56189
2638, 0.5886, 56209
2639, 0.5884, 56228
2640, 0.5886, 56247
2641, 0.5888, 56267
2642, 0.5887, 56286
2643, 0.5885, 56305
2644, 0.5887, 56325
2645, 0.5886, 56344
2646, 0.5886, 56363
2647, 0.5889, 56382
2648, 0.5888, 56401
2649, 0.5886, 56421
2650, 0.5886, 56440
2651, 0.589, 56459
2652, 0.589, 56479
2653, 0.5892, 56498
2654, 0.5891, 56518
2655, 0.5892, 56537
2656, 0.5894, 56556
2657, 0.5893, 56576
2658, 0.5894, 56595
2659, 0.5894, 56615
2660, 0.5893, 56634
2661, 0.5894, 56654
2662, 0.5897, 56673
2663, 0.5896, 56692
2664, 0.5896, 56712
2665, 0.5896, 56731
2666, 0.5897, 56751
2667, 0.5896, 56770
2668, 0.5897, 56790
2669, 0.5898, 56809
2670, 0.5898, 56828
2671, 0.5899, 56848
2672, 0.5899, 56867
2673, 0.5903, 56886
2674, 0.5901, 56905
2675, 0.5904, 56924
2676, 0.5905, 56943
2677, 0.5905, 56962
2678, 0.5905, 56981
2679, 0.5904, 57000
2680, 0.5905, 57020
2681, 0.5906, 57040
2682, 0.5906, 57059
2683, 0.5908, 57078
2684, 0.5906, 57097
2685, 0.5908, 57117
2686, 0.591, 57136
2687, 0.5908, 57155
2688, 0.591, 57175
2689, 0.5912, 57194
2690, 0.5909, 57214
2691, 0.5911, 57233
2692, 0.5912, 57252
2693, 0.5911, 57271
2694, 0.5912, 57291
2695, 0.591, 57310
2696, 0.5914, 57330
2697, 0.5912, 57349
2698, 0.5914, 57368
2699, 0.5913, 57387
2700, 0.5914, 57407
2701, 0.5914, 57426
2702, 0.5913, 57445
2703, 0.5915, 57465
2704, 0.5914, 57484
2705, 0.5917, 57503
2706, 0.5918, 57523
2707, 0.5916, 57542
2708, 0.5917, 57561
2709, 0.5918, 57580
2710, 0.5917, 57599
2711, 0.5917, 57619
2712, 0.5917, 57638
2713, 0.5918, 57657
2714, 0.5917, 57677
2715, 0.5919, 57696
2716, 0.5919, 57715
2717, 0.592, 57735
2718, 0.592, 57754
2719, 0.5921, 57774
2720, 0.5919, 57793
2721, 0.5922, 57812
2722, 0.5921, 57831
2723, 0.5924, 57850
2724, 0.5922, 57870
2725, 0.5925, 57889
2726, 0.5924, 57909
2727, 0.5926, 57929
2728, 0.5925, 57948
2729, 0.5921, 57967
2730, 0.5923, 57986
2731, 0.5924, 58005
2732, 0.5927, 58024
2733, 0.5925, 58044
2734, 0.5927, 58063
2735, 0.5928, 58082
2736, 0.5927, 58102
2737, 0.5929, 58121
2738, 0.5927, 58141
2739, 0.5926, 58160
2740, 0.5929, 58180
2741, 0.5928, 58200
2742, 0.5931, 58219
2743, 0.5931, 58238
2744, 0.593, 58257
2745, 0.593, 58277
2746, 0.5932, 58296
2747, 0.593, 58315
2748, 0.5931, 58335
2749, 0.5934, 58354
2750, 0.5933, 58374
2751, 0.5933, 58393
2752, 0.5932, 58413
2753, 0.5934, 58432
2754, 0.5934, 58452
2755, 0.5933, 58471
2756, 0.5933, 58490
2757, 0.5936, 58510
2758, 0.5936, 58530
2759, 0.5939, 58549
2760, 0.5936, 58568
2761, 0.5938, 58588
2762, 0.5939, 58608
2763, 0.594, 58627
2764, 0.594, 58646
2765, 0.5941, 58665
2766, 0.5941, 58685
2767, 0.5941, 58704
2768, 0.5942, 58723
2769, 0.5943, 58742
2770, 0.5944, 58762
2771, 0.5945, 58781
2772, 0.5945, 58801
2773, 0.5944, 58820
2774, 0.5946, 58839
2775, 0.5944, 58858
2776, 0.5946, 58878
2777, 0.5947, 58897
2778, 0.5949, 58917
2779, 0.5946, 58936
2780, 0.595, 58955
2781, 0.5947, 58974
2782, 0.595, 58994
2783, 0.5948, 59013
2784, 0.595, 59032
2785, 0.5947, 59052
2786, 0.5946, 59071
2787, 0.5948, 59090
2788, 0.595, 59109
2789, 0.5948, 59128
2790, 0.5947, 59148
2791, 0.5948, 59167
2792, 0.5949, 59186
2793, 0.5952, 59206
2794, 0.5949, 59225
2795, 0.5951, 59244
2796, 0.5952, 59263
2797, 0.5953, 59283
2798, 0.5954, 59302
2799, 0.5956, 59322
2800, 0.5954, 59341
2801, 0.5957, 59361
2802, 0.5955, 59380
2803, 0.5956, 59400
2804, 0.5957, 59419
2805, 0.5956, 59439
2806, 0.5957, 59458
2807, 0.5957, 59478
2808, 0.5959, 59497
2809, 0.5958, 59516
2810, 0.596, 59535
2811, 0.5959, 59555
2812, 0.596, 59574
2813, 0.596, 59593
2814, 0.5962, 59612
2815, 0.5962, 59632
2816, 0.5961, 59651
2817, 0.5962, 59671
2818, 0.5961, 59690
2819, 0.5961, 59709
2820, 0.596, 59728
2821, 0.5963, 59748
2822, 0.5962, 59770
2823, 0.5962, 59790
2824, 0.5964, 59809
2825, 0.5962, 59829
2826, 0.5962, 59848
2827, 0.5965, 59867
2828, 0.5963, 59887
2829, 0.5965, 59906
2830, 0.5966, 59925
2831, 0.5966, 59945
2832, 0.5965, 59964
2833, 0.5966, 59983
2834, 0.5967, 60002
2835, 0.5967, 60021
2836, 0.5971, 60041
2837, 0.5966, 60060
2838, 0.5969, 60080
2839, 0.597, 60100
2840, 0.5968, 60120
2841, 0.5968, 60139
2842, 0.5969, 60158
2843, 0.5965, 60178
2844, 0.5966, 60197
2845, 0.5964, 60216
2846, 0.5968, 60235
2847, 0.5967, 60255
2848, 0.5965, 60274
2849, 0.5965, 60293
2850, 0.5965, 60312
2851, 0.5967, 60332
2852, 0.5968, 60351
2853, 0.597, 60370
2854, 0.5969, 60390
2855, 0.5971, 60409
2856, 0.5968, 60429
2857, 0.5973, 60449
2858, 0.597, 60468
2859, 0.5969, 60487
2860, 0.5969, 60506
2861, 0.5968, 60525
2862, 0.5969, 60545
2863, 0.597, 60564
2864, 0.5969, 60583
2865, 0.5972, 60603
2866, 0.5969, 60623
2867, 0.5973, 60642
2868, 0.5971, 60662
2869, 0.5971, 60681
2870, 0.5971, 60701
2871, 0.5971, 60721
2872, 0.5971, 60740
2873, 0.5971, 60759
2874, 0.597, 60779
2875, 0.597, 60798
2876, 0.5969, 60818
2877, 0.5972, 60837
2878, 0.597, 60856
2879, 0.597, 60876
2880, 0.5971, 60895
2881, 0.5968, 60914
2882, 0.5968, 60933
2883, 0.5969, 60952
2884, 0.597, 60972
2885, 0.5969, 60992
2886, 0.597, 61011
2887, 0.5971, 61030
2888, 0.5971, 61050
2889, 0.5972, 61069
2890, 0.5975, 61088
2891, 0.5971, 61108
2892, 0.5972, 61127
2893, 0.5976, 61146
2894, 0.5974, 61165
2895, 0.5972, 61184
2896, 0.5971, 61203
2897, 0.5972, 61223
2898, 0.597, 61242
2899, 0.597, 61262
2900, 0.5974, 61282
2901, 0.5974, 61301
2902, 0.5974, 61321
2903, 0.5974, 61340
2904, 0.5977, 61359
2905, 0.5975, 61379
2906, 0.5977, 61398
2907, 0.5976, 61418
2908, 0.5973, 61437
2909, 0.5976, 61457
2910, 0.5976, 61476
2911, 0.5976, 61496
2912, 0.5975, 61515
2913, 0.5978, 61534
2914, 0.5978, 61554
2915, 0.5977, 61573
2916, 0.5976, 61592
2917, 0.5974, 61611
2918, 0.5977, 61631
2919, 0.5978, 61650
2920, 0.5978, 61669
2921, 0.5977, 61689
2922, 0.5979, 61709
2923, 0.5977, 61728
2924, 0.598, 61747
2925, 0.5981, 61766
2926, 0.5981, 61785
2927, 0.5978, 61804
2928, 0.5979, 61823
2929, 0.5981, 61843
2930, 0.5979, 61862
2931, 0.598, 61882
2932, 0.5981, 61901
2933, 0.5983, 61921
2934, 0.5983, 61940
2935, 0.5981, 61959
2936, 0.5981, 61978
2937, 0.5982, 61998
2938, 0.5985, 62017
2939, 0.5985, 62036
2940, 0.5984, 62055
2941, 0.5984, 62074
2942, 0.5986, 62094
2943, 0.5987, 62113
2944, 0.5987, 62133
2945, 0.5987, 62152
2946, 0.5986, 62172
2947, 0.5986, 62191
2948, 0.5986, 62210
2949, 0.5985, 62230
2950, 0.5986, 62249
2951, 0.5984, 62268
2952, 0.5985, 62288
2953, 0.5985, 62308
2954, 0.5987, 62327
2955, 0.5985, 62347
2956, 0.5985, 62366
2957, 0.5987, 62386
2958, 0.5987, 62405
2959, 0.5987, 62424
2960, 0.5988, 62444
2961, 0.599, 62463
2962, 0.5989, 62483
2963, 0.5991, 62502
2964, 0.599, 62521
2965, 0.599, 62540
2966, 0.5992, 62560
2967, 0.5993, 62579
2968, 0.5993, 62598
2969, 0.5995, 62617
2970, 0.5994, 62636
2971, 0.5995, 62656
2972, 0.5997, 62675
2973, 0.5996, 62694
2974, 0.6, 62713
2975, 0.6, 62733
2976, 0.6001, 62752
2977, 0.6002, 62771
2978, 0.6005, 62791
2979, 0.6006, 62810
2980, 0.6004, 62829
2981, 0.6006, 62849
2982, 0.6006, 62868
2983, 0.6005, 62887
2984, 0.6005, 62907
2985, 0.6006, 62927
2986, 0.6005, 62946
2987, 0.6004, 62965
2988, 0.6005, 62985
2989, 0.6006, 63004
2990, 0.6004, 63023
2991, 0.6004, 63042
2992, 0.6004, 63061
2993, 0.6006, 63080
2994, 0.6005, 63100
2995, 0.6008, 63119
2996, 0.6007, 63139
2997, 0.6006, 63158
2998, 0.6009, 63177
2999, 0.6008, 63196
3000, 0.6007, 63215
3001, 0.6008, 63234
3002, 0.6008, 63254
3003, 0.601, 63273
3004, 0.6009, 63292
3005, 0.601, 63311
3006, 0.601, 63331
3007, 0.6009, 63350
3008, 0.6009, 63370
3009, 0.6008, 63389
3010, 0.6012, 63409
3011, 0.6011, 63428
3012, 0.6012, 63447
3013, 0.6011, 63467
3014, 0.6011, 63486
3015, 0.6014, 63505
3016, 0.6013, 63525
3017, 0.6013, 63544
3018, 0.6014, 63563
3019, 0.6014, 63583
3020, 0.6016, 63602
3021, 0.6013, 63621
3022, 0.6015, 63641
3023, 0.6017, 63660
3024, 0.6014, 63679
3025, 0.6016, 63698
3026, 0.6017, 63718
3027, 0.6019, 63737
3028, 0.6016, 63756
3029, 0.6019, 63775
3030, 0.6017, 63794
3031, 0.6019, 63813
3032, 0.6021, 63832
3033, 0.6019, 63851
3034, 0.602, 63871
3035, 0.6019, 63890
3036, 0.6019, 63909
3037, 0.6021, 63928
3038, 0.6022, 63947
3039, 0.602, 63967
3040, 0.602, 63986
3041, 0.6021, 64006
3042, 0.602, 64025
3043, 0.6017, 64044
3044, 0.6017, 64064
3045, 0.6018, 64083
3046, 0.6016, 64103
3047, 0.6019, 64123
3048, 0.6019, 64142
3049, 0.6022, 64161
3050, 0.6021, 64180
3051, 0.6021, 64200
3052, 0.6022, 64219
3053, 0.602, 64239
3054, 0.6022, 64258
3055, 0.6023, 64278
3056, 0.6022, 64297
3057, 0.6023, 64316
3058, 0.6021, 64335
3059, 0.6023, 64355
3060, 0.6021, 64374
3061, 0.602, 64394
3062, 0.6021, 64413
3063, 0.6024, 64432
3064, 0.6021, 64452
3065, 0.6022, 64471
3066, 0.6019, 64490
3067, 0.6021, 64510
3068, 0.602, 64529
3069, 0.6025, 64549
3070, 0.6022, 64568
3071, 0.6027, 64587
3072, 0.6023, 64606
3073, 0.6025, 64625
3074, 0.6021, 64645
3075, 0.6022, 64664
3076, 0.602, 64683
3077, 0.6022, 64703
3078, 0.6022, 64722
3079, 0.602, 64741
3080, 0.6021, 64761
3081, 0.6022, 64780
3082, 0.6023, 64800
3083, 0.6024, 64819
3084, 0.6024, 64839
3085, 0.6026, 64858
3086, 0.6027, 64877
3087, 0.6029, 64897
3088, 0.6029, 64916
3089, 0.603, 64935
3090, 0.603, 64955
3091, 0.603, 64974
3092, 0.6029, 64994
3093, 0.6031, 65013
3094, 0.6032, 65033
3095, 0.6032, 65053
3096, 0.6032, 65072
3097, 0.6034, 65091
3098, 0.6035, 65110
3099, 0.6035, 65130
3100, 0.6038, 65149
3101, 0.6038, 65168
3102, 0.6038, 65188
3103, 0.604, 65208
3104, 0.6039, 65227
3105, 0.6042, 65246
3106, 0.6042, 65265
3107, 0.6045, 65284
3108, 0.6043, 65304
3109, 0.6044, 65323
3110, 0.6044, 65342
3111, 0.6046, 65361
3112, 0.6044, 65380
3113, 0.6046, 65400
3114, 0.6045, 65419
3115, 0.6047, 65438
3116, 0.6044, 65458
3117, 0.6045, 65477
3118, 0.6045, 65496
3119, 0.6043, 65516
3120, 0.6044, 65535
3121, 0.6044, 65554
3122, 0.6044, 65573
3123, 0.6045, 65593
3124, 0.6045, 65612
3125, 0.6045, 65631
3126, 0.6045, 65650
3127, 0.6046, 65669
3128, 0.6044, 65688
3129, 0.6044, 65707
3130, 0.6044, 65727
3131, 0.6044, 65747
3132, 0.6044, 65766
3133, 0.6046, 65785
3134, 0.6046, 65804
3135, 0.6046, 65824
3136, 0.6046, 65843
3137, 0.6047, 65862
3138, 0.6049, 65881
3139, 0.6049, 65900
3140, 0.605, 65920
3141, 0.605, 65939
3142, 0.6051, 65958
3143, 0.6053, 65978
3144, 0.6051, 65997
3145, 0.6053, 66016
3146, 0.6053, 66035
3147, 0.6054, 66054
3148, 0.6052, 66074
3149, 0.6054, 66093
3150, 0.6054, 66112
3151, 0.6055, 66131
3152, 0.6055, 66150
3153, 0.6056, 66169
3154, 0.6055, 66188
3155, 0.6057, 66208
3156, 0.6055, 66227
3157, 0.6054, 66247
3158, 0.6054, 66266
3159, 0.6055, 66285
3160, 0.6057, 66305
3161, 0.6057, 66324
3162, 0.6055, 66343
3163, 0.6058, 66362
3164, 0.6057, 66382
3165, 0.6057, 66401
3166, 0.6057, 66421
3167, 0.6057, 66440
3168, 0.6056, 66460
3169, 0.6057, 66479
3170, 0.6056, 66499
3171, 0.6056, 66518
3172, 0.6056, 66537
3173, 0.6056, 66557
3174, 0.6054, 66576
3175, 0.6057, 66596
3176, 0.6055, 66615
3177, 0.6055, 66634
3178, 0.6057, 66653
3179, 0.6053, 66673
3180, 0.6057, 66693
3181, 0.6054, 66712
3182, 0.6057, 66731
3183, 0.6053, 66750
3184, 0.6056, 66770
3185, 0.6052, 66790
3186, 0.6055, 66809
3187, 0.6055, 66829
3188, 0.6053, 66848
3189, 0.6055, 66867
3190, 0.6054, 66887
3191, 0.6054, 66906
3192, 0.6053, 66926
3193, 0.6055, 66945
3194, 0.6052, 66964
3195, 0.6054, 66983
3196, 0.6055, 67002
3197, 0.6054, 67022
3198, 0.6054, 67041
3199, 0.6055, 67060
3200, 0.6054, 67079
3201, 0.6055, 67099
3202, 0.6054, 67118
3203, 0.6053, 67137
3204, 0.6054, 67156
3205, 0.6053, 67175
3206, 0.6052, 67195
3207, 0.605, 67214
3208, 0.6053, 67233
3209, 0.6053, 67252
3210, 0.6053, 67271
3211, 0.6052, 67291
3212, 0.6053, 67310
3213, 0.6052, 67329
3214, 0.6054, 67348
3215, 0.6053, 67368
3216, 0.6053, 67387
3217, 0.6053, 67406
3218, 0.6055, 67425
3219, 0.6052, 67444
3220, 0.6053, 67464
3221, 0.6052, 67483
3222, 0.6054, 67502
3223, 0.6054, 67521
3224, 0.6055, 67541
3225, 0.6055, 67560
3226, 0.6053, 67579
3227, 0.6054, 67599
3228, 0.6055, 67618
3229, 0.6053, 67637
3230, 0.6055, 67657
3231, 0.6053, 67676
3232, 0.6056, 67696
3233, 0.6055, 67715
3234, 0.6056, 67734
3235, 0.6056, 67753
3236, 0.6058, 67773
3237, 0.6057, 67792
3238, 0.606, 67811
3239, 0.6059, 67830
3240, 0.6057, 67849
3241, 0.6058, 67868
3242, 0.6059, 67888
3243, 0.6062, 67907
3244, 0.6063, 67926
3245, 0.6063, 67946
3246, 0.6063, 67965
3247, 0.6065, 67985
3248, 0.6065, 68004
3249, 0.6066, 68024
3250, 0.6064, 68043
3251, 0.6067, 68063
3252, 0.6063, 68082
3253, 0.6065, 68101
3254, 0.6062, 68121
3255, 0.6062, 68140
3256, 0.6061, 68160
3257, 0.6063, 68179
3258, 0.6062, 68198
3259, 0.6064, 68217
3260, 0.6064, 68237
3261, 0.6066, 68257
3262, 0.6064, 68276
3263, 0.6066, 68295
3264, 0.6063, 68315
3265, 0.6066, 68334
3266, 0.6067, 68354
3267, 0.6065, 68373
3268, 0.6067, 68392
3269, 0.607, 68411
3270, 0.607, 68431
3271, 0.6071, 68450
3272, 0.6072, 68470
3273, 0.6072, 68489
3274, 0.6073, 68508
3275, 0.6073, 68527
3276, 0.6073, 68547
3277, 0.6074, 68567
3278, 0.6075, 68586
3279, 0.6078, 68605
3280, 0.6076, 68625
3281, 0.608, 68644
3282, 0.6082, 68664
3283, 0.608, 68683
3284, 0.6083, 68702
3285, 0.6083, 68722
3286, 0.6082, 68741
3287, 0.6085, 68760
3288, 0.6085, 68779
3289, 0.6085, 68799
3290, 0.6084, 68818
3291, 0.6087, 68837
3292, 0.6084, 68856
3293, 0.6083, 68876
3294, 0.6086, 68896
3295, 0.6082, 68915
3296, 0.6087, 68935
3297, 0.6085, 68954
3298, 0.6088, 68974
3299, 0.6086, 68993
3300, 0.6089, 69012
3301, 0.6086, 69031
3302, 0.6089, 69051
3303, 0.6088, 69070
3304, 0.6089, 69090
3305, 0.609, 69109
3306, 0.6089, 69128
3307, 0.6088, 69148
3308, 0.6089, 69167
3309, 0.6088, 69186
3310, 0.6088, 69205
3311, 0.6086, 69224
3312, 0.609, 69244
3313, 0.609, 69262
3314, 0.6091, 69282
3315, 0.6091, 69301
3316, 0.6091, 69321
3317, 0.6094, 69340
3318, 0.6089, 69359
3319, 0.6094, 69378
3320, 0.6091, 69398
3321, 0.6091, 69417
3322, 0.609, 69437
3323, 0.6091, 69456
3324, 0.6094, 69475
3325, 0.6094, 69495
3326, 0.6095, 69514
3327, 0.6095, 69534
3328, 0.6096, 69553
3329, 0.6096, 69572
3330, 0.6098, 69592
3331, 0.6097, 69611
3332, 0.6097, 69630
3333, 0.6098, 69649
3334, 0.6097, 69669
3335, 0.6099, 69688
3336, 0.6098, 69707
3337, 0.6096, 69726
3338, 0.6097, 69745
3339, 0.6099, 69765
3340, 0.6099, 69784
3341, 0.6099, 69803
3342, 0.6098, 69823
3343, 0.6099, 69842
3344, 0.6101, 69861
3345, 0.6099, 69881
3346, 0.6102, 69900
3347, 0.6101, 69919
3348, 0.6104, 69939
3349, 0.6103, 69958
3350, 0.6105, 69978
3351, 0.6101, 69997
3352, 0.6105, 70017
3353, 0.6104, 70036
3354, 0.6108, 70055
3355, 0.6104, 70075
3356, 0.6107, 70095
3357, 0.6106, 70114
3358, 0.6104, 70133
3359, 0.6104, 70153
3360, 0.6104, 70172
3361, 0.6103, 70192
3362, 0.6106, 70211
3363, 0.6103, 70231
3364, 0.6105, 70250
3365, 0.6105, 70270
3366, 0.6108, 70289
3367, 0.6105, 70308
3368, 0.6106, 70328
3369, 0.6107, 70346
3370, 0.6105, 70366
3371, 0.6106, 70385
3372, 0.6106, 70405
3373, 0.6107, 70424
3374, 0.6106, 70444
3375, 0.6108, 70463
3376, 0.6106, 70483
3377, 0.6108, 70502
3378, 0.6108, 70522
3379, 0.6106, 70541
3380, 0.6109, 70561
3381, 0.6106, 70580
3382, 0.6107, 70599
3383, 0.6109, 70619
3384, 0.6106, 70638
3385, 0.6107, 70658
3386, 0.6106, 70677
3387, 0.6109, 70696
3388, 0.6108, 70716
3389, 0.6108, 70736
3390, 0.6112, 70755
3391, 0.6108, 70775
3392, 0.6111, 70795
3393, 0.6112, 70814
3394, 0.6111, 70834
3395, 0.611, 70853
3396, 0.6114, 70872
3397, 0.6115, 70892
3398, 0.6118, 70911
3399, 0.6116, 70930
3400, 0.6119, 70949
3401, 0.6116, 70969
3402, 0.6121, 70988
3403, 0.6116, 71007
3404, 0.6118, 71027
3405, 0.6118, 71046
3406, 0.6119, 71066
3407, 0.6117, 71085
3408, 0.6119, 71104
3409, 0.6117, 71124
3410, 0.6121, 71144
3411, 0.612, 71163
3412, 0.6119, 71183
3413, 0.6119, 71202
3414, 0.612, 71221
3415, 0.612, 71241
3416, 0.612, 71260
3417, 0.6119, 71279
3418, 0.6118, 71299
3419, 0.6118, 71318
3420, 0.6123, 71337
3421, 0.612, 71356
3422, 0.6122, 71375
3423, 0.6123, 71394
3424, 0.6122, 71414
3425, 0.612, 71433
3426, 0.6124, 71452
3427, 0.6124, 71472
3428, 0.6123, 71491
3429, 0.6126, 71510
3430, 0.6125, 71529
3431, 0.6125, 71549
3432, 0.6128, 71568
3433, 0.6126, 71587
3434, 0.6124, 71606
3435, 0.6127, 71626
3436, 0.6129, 71646
3437, 0.6128, 71665
3438, 0.6131, 71684
3439, 0.6133, 71703
3440, 0.6135, 71722
3441, 0.6131, 71742
3442, 0.6134, 71761
3443, 0.6132, 71780
3444, 0.6133, 71799
3445, 0.6132, 71819
3446, 0.6132, 71839
3447, 0.6131, 71858
3448, 0.6135, 71877
3449, 0.6132, 71897
3450, 0.6136, 71916
3451, 0.6136, 71936
3452, 0.6135, 71955
3453, 0.6134, 71974
3454, 0.6138, 71994
3455, 0.6138, 72013
3456, 0.6139, 72032
3457, 0.6139, 72052
3458, 0.6141, 72071
3459, 0.6143, 72091
3460, 0.6142, 72110
3461, 0.6144, 72129
3462, 0.6144, 72149
3463, 0.6143, 72168
3464, 0.6147, 72188
3465, 0.6146, 72207
3466, 0.615, 72227
3467, 0.6149, 72246
3468, 0.6147, 72266
3469, 0.6147, 72285
3470, 0.6148, 72305
3471, 0.6148, 72324
3472, 0.6149, 72343
3473, 0.6148, 72362
3474, 0.6151, 72381
3475, 0.6149, 72400
3476, 0.6148, 72419
3477, 0.6149, 72439
3478, 0.6147, 72458
3479, 0.615, 72477
3480, 0.6149, 72497
3481, 0.6146, 72516
3482, 0.6149, 72535
3483, 0.6149, 72554
3484, 0.6149, 72573
3485, 0.6148, 72593
3486, 0.6152, 72612
3487, 0.6151, 72632
3488, 0.6151, 72651
3489, 0.6149, 72670
3490, 0.6151, 72689
3491, 0.6149, 72709
3492, 0.6148, 72728
3493, 0.615, 72747
3494, 0.6149, 72767
3495, 0.615, 72786
3496, 0.6149, 72806
3497, 0.6148, 72825
3498, 0.615, 72845
3499, 0.615, 72864
3500, 0.6154, 72883
3501, 0.6149, 72903
3502, 0.6151, 72923
3503, 0.615, 72942
3504, 0.6153, 72961
3505, 0.6154, 72980
3506, 0.6155, 73000
3507, 0.6155, 73019
3508, 0.6155, 73038
3509, 0.6154, 73057
3510, 0.6153, 73076
3511, 0.6154, 73095
3512, 0.6154, 73116
3513, 0.6153, 73134
3514, 0.6154, 73154
3515, 0.6155, 73173
3516, 0.6154, 73192
3517, 0.6153, 73211
3518, 0.6156, 73231
3519, 0.6157, 73250
3520, 0.6158, 73269
3521, 0.6158, 73288
3522, 0.6159, 73308
3523, 0.6159, 73328
3524, 0.616, 73347
3525, 0.6158, 73367
3526, 0.616, 73386
3527, 0.6159, 73405
3528, 0.6163, 73425
3529, 0.6162, 73444
3530, 0.616, 73463
3531, 0.6161, 73482
3532, 0.6163, 73502
3533, 0.6162, 73521
3534, 0.6161, 73540
3535, 0.6163, 73559
3536, 0.6163, 73578
3537, 0.616, 73598
3538, 0.6162, 73617
3539, 0.616, 73636
3540, 0.6164, 73656
3541, 0.6162, 73675
3542, 0.6162, 73695
3543, 0.6163, 73714
3544, 0.6163, 73734
3545, 0.6161, 73753
3546, 0.6162, 73772
3547, 0.6163, 73791
3548, 0.6162, 73811
3549, 0.6158, 73830
3550, 0.6162, 73850
3551, 0.6162, 73869
3552, 0.6162, 73889
3553, 0.6164, 73908
3554, 0.6164, 73927
3555, 0.6166, 73947
3556, 0.6168, 73966
3557, 0.6163, 73985
3558, 0.6166, 74005
3559, 0.6164, 74024
3560, 0.6164, 74044
3561, 0.6165, 74063
3562, 0.6165, 74082
3563, 0.6163, 74101
3564, 0.6164, 74120
3565, 0.6166, 74139
3566, 0.6164, 74159
3567, 0.6166, 74178
3568, 0.6167, 74197
3569, 0.6167, 74217
3570, 0.6166, 74236
3571, 0.6168, 74255
3572, 0.6167, 74275
3573, 0.6167, 74294
3574, 0.6167, 74313
3575, 0.6167, 74333
3576, 0.6168, 74351
3577, 0.6167, 74370
3578, 0.6168, 74390
3579, 0.6167, 74409
3580, 0.6169, 74429
3581, 0.6166, 74448
3582, 0.617, 74467
3583, 0.6165, 74487
3584, 0.6171, 74506
3585, 0.617, 74526
3586, 0.6167, 74545
3587, 0.6167, 74565
3588, 0.6172, 74584
3589, 0.6168, 74604
3590, 0.6169, 74623
3591, 0.6172, 74643
3592, 0.617, 74662
3593, 0.6169, 74681
3594, 0.6171, 74701
3595, 0.6169, 74720
3596, 0.617, 74740
3597, 0.6168, 74759
3598, 0.6168, 74778
3599, 0.617, 74797
3600, 0.617, 74817
3601, 0.617, 74836
3602, 0.6167, 74856
3603, 0.617, 74876
3604, 0.6171, 74895
3605, 0.617, 74915
3606, 0.6167, 74934
3607, 0.617, 74953
3608, 0.617, 74973
3609, 0.6171, 74992
3610, 0.6171, 75011
3611, 0.6169, 75031
3612, 0.6171, 75050
3613, 0.6175, 75069
3614, 0.6177, 75089
3615, 0.6177, 75108
3616, 0.6174, 75127
3617, 0.6178, 75147
3618, 0.6176, 75166
3619, 0.6178, 75186
3620, 0.6176, 75205
3621, 0.618, 75224
3622, 0.6176, 75243
3623, 0.6181, 75263
3624, 0.6181, 75283
3625, 0.6179, 75302
3626, 0.6179, 75321
3627, 0.6179, 75341
3628, 0.6179, 75360
3629, 0.6179, 75379
3630, 0.6178, 75398
3631, 0.6179, 75417
3632, 0.6181, 75437
3633, 0.6175, 75456
3634, 0.6178, 75475
3635, 0.618, 75495
3636, 0.6177, 75514
3637, 0.6178, 75534
3638, 0.6178, 75553
3639, 0.618, 75573
3640, 0.618, 75592
3641, 0.6179, 75611
3642, 0.6179, 75631
3643, 0.6181, 75650
3644, 0.6178, 75669
3645, 0.6179, 75689
3646, 0.6178, 75708
3647, 0.618, 75727
3648, 0.6179, 75746
3649, 0.6177, 75766
3650, 0.6175, 75785
3651, 0.6179, 75805
3652, 0.6175, 75824
3653, 0.6179, 75843
3654, 0.6178, 75862
3655, 0.6178, 75881
3656, 0.6178, 75900
3657, 0.6179, 75920
3658, 0.6179, 75939
3659, 0.6178, 75958
3660, 0.6177, 75977
3661, 0.618, 75996
3662, 0.6177, 76016
3663, 0.6177, 76035
3664, 0.6178, 76055
3665, 0.6179, 76074
3666, 0.6176, 76093
3667, 0.6177, 76114
3668, 0.6178, 76133
3669, 0.618, 76152
3670, 0.6181, 76171
3671, 0.6184, 76191
3672, 0.6179, 76210
3673, 0.6181, 76229
3674, 0.6181, 76249
3675, 0.6181, 76268
3676, 0.6183, 76287
3677, 0.6182, 76306
3678, 0.6183, 76326
3679, 0.6182, 76345
3680, 0.6182, 76365
3681, 0.6184, 76384
3682, 0.6185, 76404
3683, 0.6186, 76423
3684, 0.6187, 76443
3685, 0.6188, 76462
3686, 0.6189, 76481
3687, 0.6188, 76500
3688, 0.6189, 76520
3689, 0.6187, 76540
3690, 0.619, 76559
3691, 0.6187, 76578
3692, 0.6192, 76598
3693, 0.6187, 76617
3694, 0.6191, 76637
3695, 0.6189, 76656
3696, 0.6192, 76676
3697, 0.6188, 76695
3698, 0.6192, 76715
3699, 0.6193, 76734
3700, 0.6193, 76753
3701, 0.6192, 76773
3702, 0.6194, 76792
3703, 0.6192, 76812
3704, 0.6193, 76831
3705, 0.6195, 76851
3706, 0.6194, 76870
3707, 0.6194, 76890
3708, 0.6195, 76909
3709, 0.6194, 76929
3710, 0.6193, 76948
3711, 0.6195, 76967
3712, 0.6194, 76987
3713, 0.6193, 77006
3714, 0.6193, 77026
3715, 0.6195, 77045
3716, 0.6193, 77065
3717, 0.6197, 77084
3718, 0.6194, 77103
3719, 0.6196, 77123
3720, 0.6195, 77142
3721, 0.6194, 77162
3722, 0.6194, 77181
3723, 0.6195, 77200
3724, 0.6194, 77220
3725, 0.6195, 77239
3726, 0.6195, 77258
3727, 0.6193, 77278
3728, 0.6197, 77297
3729, 0.6198, 77317
3730, 0.6195, 77336
3731, 0.6195, 77356
3732, 0.6197, 77375
3733, 0.6196, 77395
3734, 0.6197, 77414
3735, 0.6198, 77433
3736, 0.6196, 77453
3737, 0.6198, 77472
3738, 0.6199, 77491
3739, 0.6197, 77510
3740, 0.6202, 77530
3741, 0.6201, 77549
3742, 0.6201, 77568
3743, 0.6201, 77588
3744, 0.6199, 77607
3745, 0.6202, 77626
3746, 0.6199, 77645
3747, 0.6201, 77664
3748, 0.62, 77684
3749, 0.62, 77703
3750, 0.6202, 77722
3751, 0.6205, 77742
3752, 0.6201, 77761
3753, 0.6205, 77780
3754, 0.6204, 77800
3755, 0.6202, 77819
3756, 0.6205, 77839
3757, 0.6206, 77858
3758, 0.6206, 77877
3759, 0.6204, 77896
3760, 0.6205, 77916
3761, 0.6205, 77935
3762, 0.6208, 77955
3763, 0.6207, 77974
3764, 0.6206, 77993
3765, 0.6208, 78012
3766, 0.6206, 78032
3767, 0.6209, 78051
3768, 0.6206, 78070
3769, 0.6207, 78090
3770, 0.6206, 78109
3771, 0.6208, 78128
3772, 0.6207, 78148
3773, 0.6207, 78167
3774, 0.6208, 78187
3775, 0.6205, 78206
3776, 0.6207, 78226
3777, 0.6204, 78245
3778, 0.6209, 78265
3779, 0.6203, 78285
3780, 0.6206, 78305
3781, 0.6202, 78325
3782, 0.6201, 78345
3783, 0.6204, 78365
3784, 0.6204, 78384
3785, 0.6201, 78403
3786, 0.6202, 78423
3787, 0.6203, 78442
3788, 0.6202, 78462
3789, 0.6201, 78481
3790, 0.6202, 78501
3791, 0.6204, 78521
3792, 0.6202, 78540
3793, 0.6204, 78559
3794, 0.6201, 78579
3795, 0.6201, 78598
3796, 0.6199, 78618
3797, 0.6201, 78637
3798, 0.6199, 78657
3799, 0.62, 78677
3800, 0.6201, 78696
3801, 0.6199, 78716
3802, 0.62, 78735
3803, 0.6199, 78755
3804, 0.6203, 78775
3805, 0.6201, 78794
3806, 0.6204, 78813
3807, 0.6204, 78833
3808, 0.6203, 78852
3809, 0.6203, 78871
3810, 0.6201, 78891
3811, 0.62, 78910
3812, 0.62, 78930
3813, 0.62, 78949
3814, 0.62, 78968
3815, 0.62, 78988
3816, 0.6199, 79008
3817, 0.6197, 79027
3818, 0.6197, 79046
3819, 0.6199, 79065
3820, 0.6196, 79085
3821, 0.6196, 79104
3822, 0.6193, 79124
3823, 0.6196, 79143
3824, 0.6194, 79162
3825, 0.6194, 79182
3826, 0.6194, 79201
3827, 0.6195, 79220
3828, 0.6195, 79240
3829, 0.6197, 79259
3830, 0.6199, 79279
3831, 0.6198, 79299
3832, 0.6197, 79318
3833, 0.6199, 79337
3834, 0.6198, 79357
3835, 0.62, 79376
3836, 0.6201, 79396
3837, 0.6202, 79415
3838, 0.6202, 79435
3839, 0.62, 79454
3840, 0.6201, 79473
3841, 0.6201, 79493
3842, 0.6202, 79512
3843, 0.6201, 79531
3844, 0.6199, 79551
3845, 0.6203, 79570
3846, 0.62, 79589
3847, 0.6202, 79609
3848, 0.6203, 79628
3849, 0.6204, 79648
3850, 0.6203, 79667
3851, 0.6204, 79686
3852, 0.6204, 79706
3853, 0.6204, 79725
3854, 0.6205, 79745
3855, 0.6206, 79764
3856, 0.6208, 79784
3857, 0.6204, 79804
3858, 0.6204, 79823
3859, 0.6206, 79843
3860, 0.6203, 79863
3861, 0.6207, 79882
3862, 0.6203, 79902
3863, 0.6205, 79922
3864, 0.6202, 79941
3865, 0.6205, 79960
3866, 0.6204, 79980
3867, 0.6204, 79999
3868, 0.6206, 80019
3869, 0.6205, 80038
3870, 0.6206, 80057
3871, 0.6205, 80076
3872, 0.6206, 80096
3873, 0.6207, 80115
3874, 0.6208, 80136
3875, 0.6208, 80155
3876, 0.6209, 80174
3877, 0.6209, 80194
3878, 0.621, 80213
3879, 0.6213, 80233
3880, 0.6211, 80251
3881, 0.6211, 80271
3882, 0.6212, 80290
3883, 0.6213, 80310
3884, 0.6212, 80329
3885, 0.6213, 80349
3886, 0.6211, 80368
3887, 0.6212, 80388
3888, 0.6208, 80407
3889, 0.6209, 80427
3890, 0.621, 80446
3891, 0.621, 80465
3892, 0.6209, 80485
3893, 0.6211, 80504
3894, 0.6209, 80523
3895, 0.621, 80543
3896, 0.6209, 80562
3897, 0.6207, 80582
3898, 0.6209, 80601
3899, 0.621, 80621
3900, 0.6209, 80640
3901, 0.6207, 80660
3902, 0.621, 80679
3903, 0.6211, 80699
3904, 0.6213, 80718
3905, 0.6209, 80737
3906, 0.621, 80757
3907, 0.6208, 80776
3908, 0.621, 80795
3909, 0.621, 80815
3910, 0.621, 80834
3911, 0.621, 80854
3912, 0.6211, 80874
3913, 0.6209, 80893
3914, 0.621, 80913
3915, 0.621, 80932
3916, 0.621, 80951
3917, 0.6207, 80971
3918, 0.6209, 80990
3919, 0.6207, 81009
3920, 0.6209, 81029
3921, 0.6207, 81048
3922, 0.6207, 81068
3923, 0.6204, 81087
3924, 0.6207, 81107
3925, 0.6205, 81126
3926, 0.6209, 81145
3927, 0.6207, 81165
3928, 0.621, 81184
3929, 0.6207, 81203
3930, 0.6207, 81223
3931, 0.6207, 81243
3932, 0.6209, 81262
3933, 0.6206, 81282
3934, 0.6207, 81301
3935, 0.6208, 81320
3936, 0.621, 81340
3937, 0.621, 81359
3938, 0.6208, 81379
3939, 0.621, 81398
3940, 0.6207, 81417
3941, 0.6207, 81436
3942, 0.6209, 81456
3943, 0.6207, 81475
3944, 0.6209, 81495
3945, 0.6208, 81514
3946, 0.6209, 81534
3947, 0.6207, 81553
3948, 0.6208, 81572
3949, 0.621, 81591
3950, 0.6211, 81611
3951, 0.6209, 81630
3952, 0.621, 81650
3953, 0.6208, 81669
3954, 0.621, 81689
3955, 0.6211, 81708
3956, 0.6211, 81728
3957, 0.621, 81747
3958, 0.6211, 81767
3959, 0.6212, 81786
3960, 0.6213, 81806
3961, 0.6212, 81825
3962, 0.621, 81844
3963, 0.6212, 81864
3964, 0.6211, 81883
3965, 0.6211, 81902
3966, 0.6213, 81922
3967, 0.6214, 81942
3968, 0.6212, 81961
3969, 0.6213, 81980
3970, 0.6215, 81999
3971, 0.6213, 82018
3972, 0.6217, 82037
3973, 0.6213, 82057
3974, 0.6218, 82077
3975, 0.6214, 82096
3976, 0.6218, 82116
3977, 0.6217, 82135
3978, 0.6219, 82155
3979, 0.622, 82175
3980, 0.622, 82194
3981, 0.6218, 82214
3982, 0.622, 82233
3983, 0.6222, 82252
3984, 0.6225, 82272
3985, 0.622, 82291
3986, 0.6226, 82310
3987, 0.6224, 82330
3988, 0.6221, 82350
3989, 0.6225, 82369
3990, 0.6225, 82389
3991, 0.6224, 82409
3992, 0.6223, 82428
3993, 0.6223, 82447
3994, 0.6224, 82467
3995, 0.6224, 82486
3996, 0.6227, 82506
3997, 0.6227, 82525
3998, 0.6226, 82545
3999, 0.6227, 82564
4000, 0.6226, 82583
4001, 0.6228, 82602
4002, 0.623, 82621
4003, 0.6229, 82641
4004, 0.6231, 82660
4005, 0.6229, 82680
4006, 0.6228, 82699
4007, 0.6228, 82718
4008, 0.6229, 82738
4009, 0.6227, 82757
4010, 0.6227, 82777
4011, 0.6228, 82796
4012, 0.6227, 82816
4013, 0.6226, 82835
4014, 0.6229, 82854
4015, 0.6225, 82874
4016, 0.6227, 82893
4017, 0.6231, 82913
4018, 0.6229, 82933
4019, 0.623, 82953
4020, 0.6232, 82972
4021, 0.6231, 82991
4022, 0.6232, 83010
4023, 0.623, 83030
4024, 0.6231, 83049
4025, 0.6231, 83068
4026, 0.6232, 83087
4027, 0.6232, 83107
4028, 0.6235, 83126
4029, 0.6232, 83145
4030, 0.6234, 83164
4031, 0.6233, 83184
4032, 0.6233, 83204
4033, 0.6232, 83223
4034, 0.6231, 83243
4035, 0.6232, 83262
4036, 0.6231, 83282
4037, 0.6232, 83301
4038, 0.6232, 83321
4039, 0.6235, 83341
4040, 0.6233, 83360
4041, 0.6232, 83379
4042, 0.6232, 83399
4043, 0.6234, 83418
4044, 0.6233, 83438
4045, 0.6234, 83457
4046, 0.6233, 83477
4047, 0.6231, 83496
4048, 0.6237, 83516
4049, 0.6235, 83535
4050, 0.6236, 83554
4051, 0.6237, 83574
4052, 0.6234, 83593
4053, 0.6237, 83613
4054, 0.6237, 83632
4055, 0.6239, 83652
4056, 0.6238, 83671
4057, 0.6238, 83691
4058, 0.6238, 83710
4059, 0.6238, 83730
4060, 0.624, 83750
4061, 0.6239, 83769
4062, 0.6238, 83789
4063, 0.6237, 83808
4064, 0.6235, 83828
4065, 0.6237, 83847
4066, 0.6235, 83867
4067, 0.6237, 83886
4068, 0.6236, 83905
4069, 0.6235, 83924
4070, 0.6234, 83944
4071, 0.6236, 83964
4072, 0.6235, 83983
4073, 0.6234, 84003
4074, 0.6238, 84022
4075, 0.6237, 84042
4076, 0.6238, 84061
4077, 0.6237, 84080
4078, 0.6238, 84100
4079, 0.6236, 84119
4080, 0.6236, 84138
4081, 0.624, 84157
4082, 0.6237, 84177
4083, 0.6238, 84196
4084, 0.6234, 84216
4085, 0.6241, 84235
4086, 0.6237, 84255
4087, 0.6242, 84274
4088, 0.6237, 84294
4089, 0.6236, 84313
4090, 0.6237, 84332
4091, 0.6239, 84352
4092, 0.6235, 84371
4093, 0.6236, 84390
4094, 0.6238, 84410
4095, 0.6236, 84429
4096, 0.6237, 84449
4097, 0.6237, 84468
4098, 0.6237, 84488
4099, 0.624, 84507
4100, 0.6237, 84526
4101, 0.6239, 84546
4102, 0.624, 84565
4103, 0.6239, 84584
4104, 0.6239, 84604
4105, 0.6242, 84623
4106, 0.6241, 84643
4107, 0.6242, 84662
4108, 0.6243, 84681
4109, 0.6243, 84701
4110, 0.6242, 84721
4111, 0.6242, 84740
4112, 0.6242, 84759
4113, 0.6242, 84778
4114, 0.6242, 84798
4115, 0.6245, 84818
4116, 0.6242, 84837
4117, 0.6244, 84857
4118, 0.6243, 84877
4119, 0.6245, 84896
4120, 0.6243, 84916
4121, 0.6245, 84935
4122, 0.6244, 84955
4123, 0.6247, 84974
4124, 0.6244, 84994
4125, 0.6243, 85013
4126, 0.6245, 85032
4127, 0.6246, 85052
4128, 0.6245, 85072
4129, 0.6249, 85091
4130, 0.6246, 85111
4131, 0.6246, 85131
4132, 0.6246, 85150
4133, 0.6248, 85169
4134, 0.6251, 85188
4135, 0.6247, 85208
4136, 0.6249, 85227
4137, 0.6249, 85247
4138, 0.6251, 85266
4139, 0.6247, 85285
4140, 0.6249, 85305
4141, 0.6248, 85324
4142, 0.6246, 85344
4143, 0.6253, 85363
4144, 0.625, 85383
4145, 0.6247, 85402
4146, 0.6251, 85422
4147, 0.6252, 85441
4148, 0.6252, 85460
4149, 0.625, 85479
4150, 0.6251, 85500
4151, 0.6248, 85519
4152, 0.6251, 85539
4153, 0.625, 85559
4154, 0.625, 85578
4155, 0.6251, 85597
4156, 0.625, 85617
4157, 0.625, 85636
4158, 0.6252, 85656
4159, 0.6249, 85675
4160, 0.6251, 85695
4161, 0.6252, 85714
4162, 0.625, 85734
4163, 0.6251, 85753
4164, 0.6248, 85773
4165, 0.6249, 85792
4166, 0.6249, 85811
4167, 0.6248, 85831
4168, 0.6249, 85850
4169, 0.6248, 85870
4170, 0.6247, 85889
4171, 0.6247, 85908
4172, 0.6249, 85928
4173, 0.6247, 85948
4174, 0.6248, 85967
4175, 0.6248, 85986
4176, 0.6249, 86006
4177, 0.6248, 86025
4178, 0.6246, 86044
4179, 0.625, 86064
4180, 0.6251, 86083
4181, 0.6249, 86103
4182, 0.6249, 86122
4183, 0.6247, 86142
4184, 0.625, 86161
4185, 0.6246, 86180
4186, 0.6247, 86200
4187, 0.625, 86219
4188, 0.625, 86238
4189, 0.6247, 86257
4190, 0.6252, 86276
4191, 0.6248, 86295
4192, 0.625, 86315
4193, 0.6249, 86334
4194, 0.6248, 86353
4195, 0.6246, 86373
4196, 0.6249, 86393
4197, 0.6249, 86412
4198, 0.6253, 86432
4199, 0.6249, 86451
4200, 0.6252, 86471
4201, 0.6247, 86490
4202, 0.6252, 86510
4203, 0.6252, 86529
4204, 0.6251, 86548
4205, 0.6249, 86567
4206, 0.6251, 86587
4207, 0.6249, 86606
4208, 0.6251, 86626
4209, 0.6248, 86645
4210, 0.6251, 86665
4211, 0.6249, 86684
4212, 0.6249, 86704
4213, 0.6252, 86723
4214, 0.6251, 86743
4215, 0.625, 86762
4216, 0.6251, 86782
4217, 0.6251, 86801
4218, 0.6253, 86821
4219, 0.6253, 86840
4220, 0.6252, 86859
4221, 0.6253, 86879
4222, 0.6251, 86898
4223, 0.625, 86918
4224, 0.6253, 86937
4225, 0.625, 86957
4226, 0.6256, 86976
4227, 0.6249, 86995
4228, 0.6252, 87014
4229, 0.6249, 87034
4230, 0.6252, 87053
4231, 0.6249, 87073
4232, 0.6249, 87092
4233, 0.625, 87111
4234, 0.6249, 87131
4235, 0.6252, 87150
4236, 0.6249, 87169
4237, 0.625, 87188
4238, 0.625, 87207
4239, 0.6247, 87227
4240, 0.625, 87246
4241, 0.6248, 87266
4242, 0.6251, 87285
4243, 0.6247, 87305
4244, 0.6248, 87325
4245, 0.6246, 87344
4246, 0.6246, 87364
4247, 0.6249, 87383
4248, 0.6246, 87402
4249, 0.625, 87422
4250, 0.6247, 87441
4251, 0.6247, 87461
4252, 0.625, 87480
4253, 0.6251, 87499
4254, 0.6248, 87519
4255, 0.625, 87538
4256, 0.6248, 87557
4257, 0.6248, 87577
4258, 0.6247, 87596
4259, 0.6246, 87616
4260, 0.6249, 87636
4261, 0.6246, 87655
4262, 0.6249, 87675
4263, 0.6247, 87694
4264, 0.6248, 87713
4265, 0.6246, 87733
4266, 0.6248, 87752
4267, 0.6247, 87771
4268, 0.6245, 87791
4269, 0.6244, 87811
4270, 0.6246, 87830
4271, 0.6243, 87849
4272, 0.6246, 87869
4273, 0.6244, 87888
4274, 0.6246, 87908
4275, 0.6243, 87927
4276, 0.6242, 87946
4277, 0.6242, 87966
4278, 0.6245, 87985
4279, 0.624, 88005
4280, 0.6243, 88024
4281, 0.6241, 88044
4282, 0.6241, 88063
4283, 0.6241, 88082
4284, 0.6238, 88102
4285, 0.6239, 88121
4286, 0.6239, 88141
4287, 0.6238, 88160
4288, 0.6239, 88179
4289, 0.6237, 88199
4290, 0.6238, 88218
4291, 0.6239, 88237
4292, 0.6241, 88257
4293, 0.6239, 88276
4294, 0.624, 88295
4295, 0.6238, 88314
4296, 0.6239, 88333
4297, 0.624, 88353
4298, 0.624, 88372
4299, 0.6237, 88391
4300, 0.6239, 88411
4301, 0.6239, 88431
4302, 0.6238, 88450
4303, 0.624, 88469
4304, 0.6238, 88489
4305, 0.6239, 88509
4306, 0.6241, 88528
4307, 0.6243, 88547
4308, 0.6238, 88566
4309, 0.624, 88586
4310, 0.6244, 88605
4311, 0.6242, 88625
4312, 0.6243, 88644
4313, 0.6247, 88663
4314, 0.6242, 88683
4315, 0.6242, 88702
4316, 0.624, 88721
4317, 0.6245, 88740
4318, 0.6244, 88760
4319, 0.6244, 88779
4320, 0.6241, 88798
4321, 0.6246, 88817
4322, 0.6243, 88837
4323, 0.6244, 88857
4324, 0.6244, 88876
4325, 0.6244, 88896
4326, 0.624, 88915
4327, 0.6244, 88935
4328, 0.6242, 88954
4329, 0.6245, 88974
4330, 0.6242, 88993
4331, 0.6246, 89013
4332, 0.6246, 89032
4333, 0.6245, 89052
4334, 0.6247, 89072
4335, 0.6245, 89092
4336, 0.6247, 89111
4337, 0.6248, 89131
4338, 0.6248, 89150
4339, 0.6251, 89169
4340, 0.6249, 89189
4341, 0.6248, 89208
4342, 0.6251, 89228
4343, 0.625, 89248
4344, 0.6251, 89267
4345, 0.625, 89287
4346, 0.6253, 89306
4347, 0.6249, 89326
4348, 0.6252, 89346
4349, 0.6252, 89365
4350, 0.6248, 89384
4351, 0.625, 89404
4352, 0.625, 89424
4353, 0.6248, 89443
4354, 0.6254, 89463
4355, 0.625, 89482
4356, 0.6252, 89502
4357, 0.6249, 89521
4358, 0.6252, 89541
4359, 0.6248, 89560
4360, 0.625, 89579
4361, 0.625, 89599
4362, 0.6252, 89618
4363, 0.6249, 89638
4364, 0.6254, 89657
4365, 0.6247, 89677
4366, 0.6252, 89697
4367, 0.6251, 89717
4368, 0.6249, 89736
4369, 0.6249, 89756
4370, 0.6247, 89775
4371, 0.6247, 89794
4372, 0.6248, 89814
4373, 0.6247, 89833
4374, 0.625, 89853
4375, 0.6248, 89872
4376, 0.6245, 89892
4377, 0.6247, 89911
4378, 0.6246, 89931
4379, 0.6247, 89950
4380, 0.6249, 89970
4381, 0.6246, 89989
4382, 0.6248, 90009
4383, 0.625, 90028
4384, 0.625, 90048
4385, 0.6245, 90067
4386, 0.6247, 90086
4387, 0.6246, 90106
4388, 0.6247, 90125
4389, 0.6249, 90144
4390, 0.6247, 90163
4391, 0.6247, 90183
4392, 0.6249, 90202
4393, 0.6248, 90222
4394, 0.6247, 90241
4395, 0.6248, 90261
4396, 0.625, 90281
4397, 0.625, 90300
4398, 0.6247, 90320
4399, 0.6251, 90339
4400, 0.6249, 90359
4401, 0.6254, 90378
4402, 0.6251, 90398
4403, 0.6252, 90418
4404, 0.625, 90437
4405, 0.6248, 90456
4406, 0.6254, 90476
4407, 0.6248, 90496
4408, 0.6253, 90515
4409, 0.6251, 90535
4410, 0.6249, 90554
4411, 0.6254, 90574
4412, 0.6253, 90594
4413, 0.6255, 90613
4414, 0.6252, 90633
4415, 0.6254, 90652
4416, 0.6254, 90672
4417, 0.6253, 90692
4418, 0.6255, 90711
4419, 0.6253, 90731
4420, 0.6257, 90751
4421, 0.6256, 90770
4422, 0.6259, 90790
4423, 0.6257, 90809
4424, 0.6258, 90829
4425, 0.6258, 90849
4426, 0.6261, 90868
4427, 0.6256, 90888
4428, 0.6259, 90907
4429, 0.6259, 90928
4430, 0.6258, 90947
4431, 0.6257, 90967
4432, 0.6255, 90987
4433, 0.6256, 91006
4434, 0.6257, 91026
4435, 0.6258, 91046
4436, 0.6257, 91065
4437, 0.6258, 91085
4438, 0.6255, 91104
4439, 0.6257, 91124
4440, 0.6256, 91143
4441, 0.6255, 91163
4442, 0.6258, 91182
4443, 0.6256, 91202
4444, 0.6256, 91221
4445, 0.6258, 91241
4446, 0.6258, 91260
4447, 0.6259, 91280
4448, 0.6259, 91300
4449, 0.6258, 91319
4450, 0.6257, 91338
4451, 0.6258, 91358
4452, 0.6257, 91377
4453, 0.6256, 91397
4454, 0.6259, 91417
4455, 0.6259, 91436
4456, 0.6261, 91456
4457, 0.626, 91475
4458, 0.6259, 91495
4459, 0.6258, 91515
4460, 0.6261, 91534
4461, 0.6261, 91553
4462, 0.6263, 91573
4463, 0.6262, 91592
4464, 0.6258, 91612
4465, 0.6264, 91631
4466, 0.626, 91650
4467, 0.626, 91670
4468, 0.626, 91690
4469, 0.6259, 91709
4470, 0.6261, 91728
4471, 0.6258, 91748
4472, 0.626, 91767
4473, 0.6257, 91787
4474, 0.6258, 91806
4475, 0.6258, 91826
4476, 0.6257, 91846
4477, 0.6258, 91865
4478, 0.6258, 91885
4479, 0.6259, 91905
4480, 0.6262, 91924
4481, 0.626, 91944
4482, 0.6257, 91963
4483, 0.6261, 91983
4484, 0.6262, 92002
4485, 0.6262, 92022
4486, 0.6259, 92041
4487, 0.6261, 92061
4488, 0.6265, 92080
4489, 0.6264, 92100
4490, 0.6263, 92119
4491, 0.6264, 92139
4492, 0.6265, 92158
4493, 0.6262, 92178
4494, 0.6263, 92197
4495, 0.6263, 92217
4496, 0.6264, 92236
4497, 0.6265, 92256
4498, 0.6262, 92275
4499, 0.626, 92295
4500, 0.6264, 92314
4501, 0.6262, 92334
4502, 0.6262, 92354
4503, 0.6261, 92373
4504, 0.6261, 92393
4505, 0.6264, 92413
4506, 0.6261, 92432
4507, 0.6262, 92451
4508, 0.6262, 92471
4509, 0.626, 92491
4510, 0.626, 92510
4511, 0.6261, 92530
4512, 0.6263, 92549
4513, 0.6264, 92569
4514, 0.6263, 92588
4515, 0.6266, 92608
4516, 0.6263, 92628
4517, 0.627, 92647
4518, 0.6267, 92666
4519, 0.6268, 92686
4520, 0.6267, 92705
4521, 0.6267, 92725
4522, 0.6268, 92744
4523, 0.6267, 92763
4524, 0.6266, 92782
4525, 0.6268, 92802
4526, 0.6265, 92821
4527, 0.6264, 92840
4528, 0.6268, 92860
4529, 0.6264, 92880
4530, 0.6264, 92899
4531, 0.6268, 92919
4532, 0.6266, 92938
4533, 0.6266, 92958
4534, 0.6266, 92977
4535, 0.6266, 92996
4536, 0.6265, 93016
4537, 0.6267, 93035
4538, 0.6268, 93055
4539, 0.6265, 93074
4540, 0.6266, 93094
4541, 0.6266, 93113
4542, 0.6267, 93132
4543, 0.6267, 93152
4544, 0.6266, 93171
4545, 0.6265, 93190
4546, 0.6267, 93209
4547, 0.6268, 93229
4548, 0.6268, 93248
4549, 0.6269, 93268
4550, 0.6269, 93287
4551, 0.6271, 93306
4552, 0.6269, 93326
4553, 0.6268, 93345
4554, 0.627, 93364
4555, 0.6272, 93383
4556, 0.6271, 93403
4557, 0.6271, 93423
4558, 0.6275, 93442
4559, 0.6271, 93462
4560, 0.6271, 93481
4561, 0.6272, 93501
4562, 0.6272, 93520
4563, 0.6273, 93540
4564, 0.6273, 93559
4565, 0.6273, 93579
4566, 0.6273, 93598
4567, 0.6273, 93617
4568, 0.6273, 93637
4569, 0.6274, 93656
4570, 0.6274, 93675
4571, 0.6274, 93695
4572, 0.6275, 93714
4573, 0.6275, 93734
4574, 0.6275, 93753
4575, 0.6275, 93773
4576, 0.6276, 93792
4577, 0.6274, 93812
4578, 0.6276, 93831
4579, 0.6273, 93850
4580, 0.6277, 93869
4581, 0.6275, 93889
4582, 0.6276, 93908
4583, 0.6276, 93927
4584, 0.6275, 93947
4585, 0.6275, 93967
4586, 0.6274, 93986
4587, 0.6276, 94005
4588, 0.6276, 94025
4589, 0.6277, 94044
4590, 0.6276, 94063
4591, 0.6277, 94083
4592, 0.6275, 94102
4593, 0.6274, 94122
4594, 0.6273, 94141
4595, 0.6273, 94161
4596, 0.6275, 94180
4597, 0.627, 94200
4598, 0.6273, 94219
4599, 0.6271, 94238
4600, 0.6275, 94258
4601, 0.6273, 94277
4602, 0.6271, 94296
4603, 0.6274, 94316
4604, 0.6274, 94335
4605, 0.6272, 94355
4606, 0.6273, 94375
4607, 0.6272, 94394
4608, 0.6274, 94414
4609, 0.6272, 94433
4610, 0.6271, 94452
4611, 0.6276, 94471
4612, 0.6272, 94490
4613, 0.6271, 94510
4614, 0.6272, 94530
4615, 0.6273, 94549
4616, 0.6274, 94569
4617, 0.6271, 94588
4618, 0.6273, 94608
4619, 0.6273, 94628
4620, 0.6272, 94647
4621, 0.6271, 94666
4622, 0.6272, 94686
4623, 0.627, 94705
4624, 0.6271, 94725
4625, 0.6272, 94745
4626, 0.6272, 94764
4627, 0.6272, 94783
4628, 0.6274, 94803
4629, 0.6272, 94822
4630, 0.6274, 94842
4631, 0.6272, 94861
4632, 0.6276, 94881
4633, 0.6275, 94900
4634, 0.6275, 94919
4635, 0.6275, 94938
4636, 0.6277, 94958
4637, 0.6276, 94977
4638, 0.6276, 94997
4639, 0.6277, 95016
4640, 0.6277, 95036
4641, 0.6276, 95055
4642, 0.6281, 95075
4643, 0.6275, 95094
4644, 0.6278, 95113
4645, 0.6275, 95133
4646, 0.6276, 95152
4647, 0.6277, 95172
4648, 0.6276, 95191
4649, 0.6277, 95211
4650, 0.6277, 95231
4651, 0.6277, 95250
4652, 0.6275, 95269
4653, 0.6279, 95289
4654, 0.6279, 95308
4655, 0.628, 95328
4656, 0.6277, 95347
4657, 0.6279, 95366
4658, 0.6279, 95386
4659, 0.6278, 95405
4660, 0.6277, 95424
4661, 0.6277, 95443
4662, 0.6279, 95463
4663, 0.6279, 95483
4664, 0.6278, 95502
4665, 0.628, 95521
4666, 0.6278, 95541
4667, 0.6278, 95557
4668, 0.6279, 95572
4669, 0.6281, 95586
4670, 0.6281, 95602
4671, 0.6278, 95617
4672, 0.628, 95633
4673, 0.6281, 95649
4674, 0.6281, 95664
4675, 0.6282, 95679
4676, 0.6281, 95695
4677, 0.6283, 95711
4678, 0.6281, 95726
4679, 0.6281, 95742
4680, 0.6284, 95758
4681, 0.6284, 95773
4682, 0.6281, 95789
4683, 0.6285, 95804
4684, 0.6286, 95819
4685, 0.6284, 95834
4686, 0.6282, 95849
4687, 0.6286, 95864
4688, 0.6283, 95879
4689, 0.6285, 95894
4690, 0.6286, 95909
4691, 0.6286, 95925
4692, 0.6285, 95941
4693, 0.6285, 95955
4694, 0.6288, 95971
4695, 0.6287, 95985
4696, 0.6289, 96001
4697, 0.6287, 96016
4698, 0.6288, 96031
4699, 0.6287, 96045
4700, 0.6288, 96061
4701, 0.6289, 96075
4702, 0.6286, 96090
4703, 0.6286, 96105
4704, 0.6286, 96120
4705, 0.6289, 96135
4706, 0.6287, 96150
4707, 0.6286, 96165
4708, 0.6287, 96180
4709, 0.6287, 96195
4710, 0.6287, 96210
4711, 0.6289, 96225
4712, 0.6287, 96240
4713, 0.6288, 96255
4714, 0.6293, 96270
4715, 0.6291, 96285
4716, 0.629, 96301
4717, 0.6291, 96317
4718, 0.6292, 96332
4719, 0.6293, 96347
4720, 0.6296, 96362
4721, 0.6294, 96377
4722, 0.6293, 96392
4723, 0.6295, 96407
4724, 0.6295, 96422
4725, 0.6297, 96436
4726, 0.6294, 96451
4727, 0.6298, 96466
4728, 0.6294, 96481
4729, 0.6295, 96497
4730, 0.6294, 96512
4731, 0.6295, 96527
4732, 0.6292, 96542
4733, 0.6296, 96557
4734, 0.6294, 96572
4735, 0.6293, 96587
4736, 0.6292, 96602
4737, 0.6294, 96617
4738, 0.6292, 96632
4739, 0.6292, 96647
4740, 0.6293, 96662
4741, 0.6294, 96677
4742, 0.6294, 96693
4743, 0.6293, 96708
4744, 0.6294, 96723
4745, 0.6294, 96738
4746, 0.6294, 96753
4747, 0.6292, 96768
4748, 0.6294, 96783
4749, 0.6292, 96798
4750, 0.6293, 96813
4751, 0.6292, 96829
4752, 0.6294, 96844
4753, 0.6295, 96859
4754, 0.6292, 96875
4755, 0.6294, 96890
4756, 0.6295, 96904
4757, 0.6293, 96920
4758, 0.6293, 96936
4759, 0.6294, 96951
4760, 0.6293, 96966
4761, 0.6293, 96982
4762, 0.6294, 96997
4763, 0.6295, 97013
4764, 0.6293, 97028
4765, 0.6296, 97043
4766, 0.6294, 97058
4767, 0.6294, 97073
4768, 0.6294, 97088
4769, 0.6297, 97104
4770, 0.6297, 97119
4771, 0.6296, 97134
4772, 0.6295, 97149
4773, 0.6297, 97164
4774, 0.6294, 97180
4775, 0.6297, 97195
4776, 0.6295, 97211
4777, 0.6299, 97225
4778, 0.6292, 97241
4779, 0.6296, 97256
4780, 0.6294, 97271
4781, 0.6299, 97286
4782, 0.6296, 97301
4783, 0.6296, 97316
4784, 0.6296, 97330
4785, 0.6298, 97345
4786, 0.6296, 97361
4787, 0.6299, 97376
4788, 0.6297, 97391
4789, 0.6299, 97407
4790, 0.6297, 97423
4791, 0.6298, 97438
4792, 0.6297, 97453
4793, 0.63, 97469
4794, 0.6298, 97484
4795, 0.6297, 97499
4796, 0.6297, 97514
4797, 0.6298, 97529
4798, 0.6298, 97545
4799, 0.63, 97560
4800, 0.6298, 97575
4801, 0.63, 97590
4802, 0.6301, 97605
4803, 0.6301, 97621
4804, 0.63, 97636
4805, 0.63, 97651
4806, 0.6299, 97669
4807, 0.6299, 97689
4808, 0.6299, 97708
4809, 0.6299, 97728
4810, 0.6294, 97747
4811, 0.6296, 97767
4812, 0.6296, 97786
4813, 0.6296, 97806
4814, 0.6293, 97825
4815, 0.6296, 97844
4816, 0.6293, 97863
4817, 0.6292, 97883
4818, 0.6296, 97903
4819, 0.6296, 97922
4820, 0.6293, 97942
4821, 0.6294, 97962
4822, 0.6297, 97981
4823, 0.6294, 98001
4824, 0.6295, 98020
4825, 0.6296, 98040
4826, 0.6293, 98060
4827, 0.6297, 98080
4828, 0.6297, 98099
4829, 0.6299, 98119
4830, 0.6299, 98139
4831, 0.6296, 98158
4832, 0.6301, 98178
4833, 0.6301, 98197
4834, 0.6299, 98217
4835, 0.6302, 98236
4836, 0.6299, 98256
4837, 0.6298, 98275
4838, 0.6299, 98294
4839, 0.6302, 98314
4840, 0.63, 98334
4841, 0.6302, 98353
4842, 0.6301, 98373
4843, 0.6303, 98392
4844, 0.6304, 98411
4845, 0.6301, 98431
4846, 0.63, 98450
4847, 0.6301, 98470
4848, 0.6299, 98489
4849, 0.6301, 98508
4850, 0.6302, 98527
4851, 0.6301, 98547
4852, 0.63, 98566
4853, 0.6301, 98586
4854, 0.63, 98605
4855, 0.63, 98625
4856, 0.6301, 98644
4857, 0.6303, 98664
4858, 0.6302, 98684
4859, 0.6302, 98703
4860, 0.6303, 98723
4861, 0.6301, 98742
4862, 0.6303, 98762
4863, 0.6304, 98781
4864, 0.6304, 98801
4865, 0.6301, 98820
4866, 0.6302, 98839
4867, 0.6303, 98859
4868, 0.6304, 98878
4869, 0.6301, 98898
4870, 0.6303, 98918
4871, 0.6299, 98938
4872, 0.63, 98958
4873, 0.6301, 98977
4874, 0.6301, 98997
4875, 0.63, 99016
4876, 0.6301, 99036
4877, 0.6305, 99056
4878, 0.6303, 99075
4879, 0.6301, 99095
4880, 0.6303, 99114
4881, 0.6305, 99134
4882, 0.6304, 99154
4883, 0.6303, 99173
4884, 0.6305, 99193
4885, 0.6302, 99213
4886, 0.6302, 99232
4887, 0.6306, 99251
4888, 0.6304, 99271
4889, 0.6304, 99290
4890, 0.6305, 99309
4891, 0.6306, 99329
4892, 0.6303, 99348
4893, 0.6303, 99368
4894, 0.6303, 99387
4895, 0.6298, 99406
4896, 0.6302, 99426
4897, 0.6304, 99445
4898, 0.63, 99465
4899, 0.6301, 99484
4900, 0.63, 99503
4901, 0.6297, 99523
4902, 0.6296, 99542
4903, 0.6295, 99562
4904, 0.6295, 99582
4905, 0.6294, 99601
4906, 0.6295, 99620
4907, 0.629, 99639
4908, 0.6293, 99659
4909, 0.6292, 99678
4910, 0.6294, 99698
4911, 0.6289, 99717
4912, 0.629, 99736
4913, 0.6288, 99756
4914, 0.6293, 99775
4915, 0.6291, 99794
4916, 0.6291, 99814
4917, 0.6286, 99833
4918, 0.6283, 99853
4919, 0.6287, 99873
4920, 0.6288, 99892
4921, 0.6289, 99911
4922, 0.6288, 99931
4923, 0.6285, 99950
4924, 0.6288, 99970
4925, 0.6285, 99989
4926, 0.6288, 100009
4927, 0.6286, 100025
4928, 0.6287, 100040
4929, 0.6282, 100055
4930, 0.6287, 100070
4931, 0.6287, 100085
4932, 0.6286, 100100
4933, 0.6286, 100116
4934, 0.6286, 100131
4935, 0.6285, 100146
4936, 0.6286, 100161
4937, 0.6283, 100176
4938, 0.6286, 100191
4939, 0.6289, 100206
4940, 0.6285, 100221
4941, 0.6287, 100237
4942, 0.6287, 100252
4943, 0.6288, 100267
4944, 0.6288, 100282
4945, 0.6287, 100297
4946, 0.6289, 100312
4947, 0.6289, 100327
4948, 0.6291, 100343
4949, 0.6287, 100358
4950, 0.6292, 100374
4951, 0.629, 100389
4952, 0.629, 100404
4953, 0.6288, 100419
4954, 0.6289, 100435
4955, 0.6291, 100450
4956, 0.6294, 100466
4957, 0.629, 100481
4958, 0.6291, 100497
4959, 0.6287, 100511
4960, 0.6292, 100526
4961, 0.6285, 100541
4962, 0.6291, 100557
4963, 0.6287, 100573
4964, 0.6288, 100588
4965, 0.6289, 100603
4966, 0.629, 100618
4967, 0.6285, 100633
4968, 0.6291, 100648
4969, 0.629, 100663
4970, 0.6292, 100678
4971, 0.6289, 100693
4972, 0.629, 100709
4973, 0.6291, 100724
4974, 0.6294, 100739
4975, 0.6292, 100754
4976, 0.6291, 100769
4977, 0.6292, 100784
4978, 0.6293, 100800
4979, 0.629, 100816
4980, 0.6293, 100831
4981, 0.6294, 100846
4982, 0.6294, 100861
4983, 0.6292, 100876
4984, 0.6293, 100892
4985, 0.6293, 100907
4986, 0.6294, 100922
4987, 0.6292, 100937
4988, 0.6296, 100952
4989, 0.6294, 100967
4990, 0.6296, 100983
4991, 0.6294, 100998
4992, 0.6294, 101013
4993, 0.6294, 101028
4994, 0.6294, 101044
4995, 0.6295, 101059
4996, 0.6294, 101077
4997, 0.6295, 101096
4998, 0.6294, 101116
4999, 0.6293, 101135
5000, 0.6297, 101154
