1, 0.0943, 35
2, 0.0937, 74
3, 0.0942, 119
4, 0.0945, 164
5, 0.0946, 211
6, 0.0954, 255
7, 0.0957, 298
8, 0.0966, 358
9, 0.0965, 411
10, 0.0972, 455
11, 0.0977, 499
12, 0.0988, 544
13, 0.0994, 591
14, 0.1, 635
15, 0.1003, 680
16, 0.101, 724
17, 0.1013, 770
18, 0.1015, 813
19, 0.1018, 858
20, 0.1024, 908
21, 0.1021, 955
22, 0.1026, 999
23, 0.1035, 1042
24, 0.1038, 1087
25, 0.1043, 1135
26, 0.105, 1177
27, 0.1058, 1222
28, 0.1071, 1265
29, 0.1075, 1311
30, 0.1077, 1358
31, 0.1085, 1402
32, 0.1091, 1448
33, 0.1091, 1495
34, 0.1095, 1540
35, 0.1101, 1589
36, 0.1104, 1633
37, 0.1109, 1681
38, 0.1113, 1727
39, 0.1117, 1774
40, 0.1119, 1820
41, 0.1121, 1865
42, 0.1125, 1910
43, 0.113, 1956
44, 0.1133, 2000
45, 0.114, 2045
46, 0.1142, 2092
47, 0.1149, 2137
48, 0.1153, 2181
49, 0.1156, 2228
50, 0.1159, 2274
51, 0.1159, 2321
52, 0.116, 2367
53, 0.1164, 2411
54, 0.117, 2455
55, 0.1179, 2501
56, 0.1179, 2543
57, 0.1184, 2585
58, 0.1182, 2632
59, 0.1191, 2674
60, 0.1192, 2718
61, 0.1191, 2763
62, 0.1192, 2807
63, 0.1196, 2856
64, 0.1199, 2902
65, 0.1201, 2947
66, 0.1208, 2993
67, 0.1211, 3037
68, 0.1211, 3083
69, 0.1208, 3128
70, 0.1204, 3173
71, 0.1209, 3220
72, 0.1213, 3265
73, 0.1218, 3311
74, 0.1223, 3353
75, 0.123, 3399
76, 0.1245, 3445
77, 0.1269, 3491
78, 0.1294, 3539
79, 0.1305, 3584
80, 0.133, 3628
81, 0.1354, 3674
82, 0.1386, 3720
83, 0.1397, 3765
84, 0.1429, 3813
85, 0.1455, 3857
86, 0.1496, 3903
87, 0.1524, 3950
88, 0.1567, 3994
89, 0.1616, 4038
90, 0.1651, 4084
91, 0.1693, 4128
92, 0.1733, 4171
93, 0.1755, 4216
94, 0.1782, 4261
95, 0.1804, 4305
96, 0.1838, 4353
97, 0.1878, 4400
98, 0.1893, 4445
99, 0.1928, 4488
100, 0.1951, 4535
101, 0.197, 4578
102, 0.1998, 4623
103, 0.2013, 4667
104, 0.2044, 4711
105, 0.2066, 4755
106, 0.2073, 4801
107, 0.2077, 4846
108, 0.2101, 4891
109, 0.2087, 4935
110, 0.2076, 4980
111, 0.2074, 5026
112, 0.2064, 5068
113, 0.2061, 5111
114, 0.2059, 5156
115, 0.2048, 5201
116, 0.2031, 5245
117, 0.2009, 5289
118, 0.1989, 5336
119, 0.198, 5382
120, 0.1976, 5427
121, 0.1967, 5473
122, 0.1955, 5516
123, 0.1936, 5563
124, 0.1918, 5609
125, 0.1905, 5654
126, 0.1902, 5698
127, 0.1891, 5744
128, 0.189, 5788
129, 0.1881, 5833
130, 0.1881, 5880
131, 0.188, 5928
132, 0.1881, 5972
133, 0.188, 6016
134, 0.1888, 6062
135, 0.1896, 6105
136, 0.1901, 6146
137, 0.1916, 6192
138, 0.1916, 6238
139, 0.1929, 6282
140, 0.1938, 6327
141, 0.1947, 6373
142, 0.1959, 6417
143, 0.1962, 6465
144, 0.1967, 6510
145, 0.1976, 6555
146, 0.1989, 6598
147, 0.2014, 6644
148, 0.2028, 6691
149, 0.2042, 6736
150, 0.2062, 6780
151, 0.2075, 6824
152, 0.2086, 6862
153, 0.211, 6887
154, 0.2128, 6912
155, 0.2143, 6937
156, 0.2141, 6961
157, 0.2157, 6986
158, 0.2175, 7011
159, 0.2197, 7036
160, 0.222, 7061
161, 0.2247, 7087
162, 0.2263, 7112
163, 0.2281, 7140
164, 0.2311, 7168
165, 0.2333, 7194
166, 0.2356, 7220
167, 0.2378, 7245
168, 0.2403, 7270
169, 0.242, 7297
170, 0.2439, 7322
171, 0.2448, 7349
172, 0.2449, 7375
173, 0.2456, 7400
174, 0.2484, 7430
175, 0.2505, 7455
176, 0.2511, 7481
177, 0.2524, 7509
178, 0.2529, 7534
179, 0.254, 7558
180, 0.2546, 7582
181, 0.2553, 7606
182, 0.2558, 7631
183, 0.2567, 7656
184, 0.2568, 7681
185, 0.2579, 7708
186, 0.2589, 7734
187, 0.259, 7760
188, 0.2597, 7787
189, 0.261, 7812
190, 0.2619, 7835
191, 0.2624, 7860
192, 0.2636, 7884
193, 0.2654, 7908
194, 0.2649, 7932
195, 0.2654, 7957
196, 0.2659, 7981
197, 0.2672, 8006
198, 0.2673, 8030
199, 0.2691, 8054
200, 0.2691, 8078
201, 0.2704, 8102
202, 0.2707, 8129
203, 0.2706, 8154
204, 0.2716, 8179
205, 0.2716, 8203
206, 0.2723, 8228
207, 0.2724, 8252
208, 0.2735, 8276
209, 0.2733, 8301
210, 0.2752, 8326
211, 0.2763, 8350
212, 0.277, 8373
213, 0.2781, 8397
214, 0.2792, 8421
215, 0.2798, 8445
216, 0.2806, 8468
217, 0.2818, 8492
218, 0.282, 8516
219, 0.2823, 8540
220, 0.2835, 8565
221, 0.2847, 8589
222, 0.2855, 8614
223, 0.2868, 8638
224, 0.2879, 8663
225, 0.2896, 8687
226, 0.2905, 8710
227, 0.2906, 8734
228, 0.2905, 8758
229, 0.2913, 8781
230, 0.2912, 8806
231, 0.2915, 8830
232, 0.2914, 8854
233, 0.2914, 8879
234, 0.2915, 8904
235, 0.2923, 8929
236, 0.2935, 8953
237, 0.2938, 8977
238, 0.2944, 9002
239, 0.2949, 9025
240, 0.2956, 9050
241, 0.2966, 9073
242, 0.2977, 9098
243, 0.2996, 9122
244, 0.301, 9146
245, 0.301, 9170
246, 0.3017, 9193
247, 0.3021, 9218
248, 0.3031, 9243
249, 0.3038, 9267
250, 0.305, 9292
251, 0.3058, 9316
252, 0.3065, 9340
253, 0.3071, 9364
254, 0.3088, 9388
255, 0.3093, 9412
256, 0.3102, 9437
257, 0.3112, 9460
258, 0.3118, 9484
259, 0.3129, 9509
260, 0.3126, 9533
261, 0.3129, 9558
262, 0.3134, 9583
263, 0.3148, 9607
264, 0.3146, 9631
265, 0.3153, 9655
266, 0.3158, 9680
267, 0.316, 9705
268, 0.3175, 9728
269, 0.3187, 9752
270, 0.3196, 9777
271, 0.3209, 9801
272, 0.3221, 9826
273, 0.3228, 9850
274, 0.3236, 9875
275, 0.3238, 9899
276, 0.3246, 9923
277, 0.3254, 9947
278, 0.3258, 9972
279, 0.3264, 9996
280, 0.3269, 10020
281, 0.3272, 10044
282, 0.3269, 10069
283, 0.3274, 10093
284, 0.3276, 10117
285, 0.3285, 10141
286, 0.329, 10166
287, 0.3295, 10190
288, 0.3301, 10214
289, 0.3305, 10238
290, 0.331, 10262
291, 0.3309, 10286
292, 0.3323, 10310
293, 0.3331, 10334
294, 0.3341, 10358
295, 0.3359, 10383
296, 0.3365, 10407
297, 0.3375, 10431
298, 0.3382, 10455
299, 0.3386, 10480
300, 0.3391, 10505
301, 0.3401, 10529
302, 0.3399, 10553
303, 0.3412, 10578
304, 0.3419, 10603
305, 0.3417, 10627
306, 0.3422, 10652
307, 0.3422, 10677
308, 0.3424, 10701
309, 0.3429, 10726
310, 0.3439, 10750
311, 0.3454, 10774
312, 0.3464, 10798
313, 0.346, 10822
314, 0.346, 10847
315, 0.3467, 10870
316, 0.3481, 10895
317, 0.3486, 10919
318, 0.3494, 10943
319, 0.3501, 10968
320, 0.3498, 10993
321, 0.3502, 11018
322, 0.3507, 11043
323, 0.3517, 11062
324, 0.3518, 11080
325, 0.3519, 11098
326, 0.3519, 11117
327, 0.3533, 11135
328, 0.3541, 11153
329, 0.3547, 11171
330, 0.3557, 11189
331, 0.3572, 11207
332, 0.3576, 11225
333, 0.3592, 11243
334, 0.3597, 11261
335, 0.3603, 11279
336, 0.3605, 11297
337, 0.3605, 11315
338, 0.3612, 11333
339, 0.3626, 11352
340, 0.3627, 11370
341, 0.3635, 11388
342, 0.3643, 11406
343, 0.3648, 11424
344, 0.3652, 11442
345, 0.3661, 11459
346, 0.3672, 11478
347, 0.3674, 11496
348, 0.3682, 11514
349, 0.3682, 11532
350, 0.3682, 11549
351, 0.3697, 11567
352, 0.3697, 11585
353, 0.3697, 11604
354, 0.3708, 11621
355, 0.3713, 11639
356, 0.3718, 11657
357, 0.3722, 11675
358, 0.3724, 11693
359, 0.3734, 11711
360, 0.3736, 11730
361, 0.3742, 11748
362, 0.3746, 11766
363, 0.3754, 11783
364, 0.376, 11801
365, 0.3767, 11819
366, 0.3777, 11837
367, 0.3782, 11855
368, 0.3783, 11873
369, 0.3792, 11891
370, 0.3798, 11909
371, 0.3802, 11926
372, 0.3804, 11945
373, 0.3818, 11962
374, 0.382, 11980
375, 0.3832, 11998
376, 0.3845, 12016
377, 0.3852, 12034
378, 0.3861, 12052
379, 0.3867, 12070
380, 0.3875, 12088
381, 0.3886, 12106
382, 0.3888, 12124
383, 0.3893, 12142
384, 0.3898, 12160
385, 0.3903, 12178
386, 0.3911, 12196
387, 0.3916, 12214
388, 0.3923, 12232
389, 0.3924, 12250
390, 0.3924, 12268
391, 0.3932, 12286
392, 0.3945, 12304
393, 0.3946, 12322
394, 0.3944, 12340
395, 0.3951, 12358
396, 0.3953, 12376
397, 0.3956, 12394
398, 0.3958, 12412
399, 0.3968, 12430
400, 0.3969, 12448
401, 0.3977, 12466
402, 0.3987, 12484
403, 0.399, 12502
404, 0.3991, 12520
405, 0.3998, 12538
406, 0.3999, 12556
407, 0.4007, 12574
408, 0.4011, 12593
409, 0.4014, 12610
410, 0.4019, 12628
411, 0.4017, 12647
412, 0.4016, 12664
413, 0.4019, 12682
414, 0.4029, 12700
415, 0.4032, 12718
416, 0.4034, 12736
417, 0.4047, 12754
418, 0.4045, 12772
419, 0.4043, 12790
420, 0.4048, 12808
421, 0.4047, 12825
422, 0.4046, 12843
423, 0.4052, 12861
424, 0.4063, 12879
425, 0.4065, 12897
426, 0.407, 12915
427, 0.4086, 12933
428, 0.4098, 12952
429, 0.4106, 12970
430, 0.4116, 12988
431, 0.4114, 13006
432, 0.412, 13024
433, 0.4128, 13042
434, 0.4134, 13061
435, 0.4135, 13079
436, 0.4133, 13097
437, 0.4135, 13115
438, 0.4135, 13133
439, 0.4139, 13151
440, 0.4136, 13169
441, 0.4142, 13187
442, 0.4145, 13205
443, 0.415, 13223
444, 0.4152, 13241
445, 0.416, 13259
446, 0.4166, 13276
447, 0.4171, 13294
448, 0.4177, 13312
449, 0.4176, 13330
450, 0.4179, 13348
451, 0.4189, 13366
452, 0.4191, 13384
453, 0.4198, 13402
454, 0.4208, 13421
455, 0.421, 13438
456, 0.4215, 13456
457, 0.4212, 13475
458, 0.4215, 13493
459, 0.4218, 13512
460, 0.4218, 13529
461, 0.4222, 13548
462, 0.422, 13567
463, 0.4228, 13587
464, 0.4235, 13605
465, 0.4235, 13623
466, 0.4237, 13642
467, 0.4238, 13660
468, 0.4231, 13679
469, 0.4233, 13697
470, 0.4237, 13715
471, 0.4237, 13735
472, 0.4244, 13754
473, 0.4245, 13773
474, 0.4252, 13791
475, 0.4255, 13810
476, 0.4263, 13829
477, 0.4263, 13848
478, 0.4266, 13867
479, 0.4268, 13885
480, 0.4276, 13904
481, 0.4281, 13922
482, 0.4286, 13941
483, 0.4291, 13959
484, 0.4295, 13977
485, 0.4304, 13996
486, 0.4306, 14016
487, 0.4312, 14034
488, 0.4312, 14052
489, 0.4321, 14070
490, 0.4318, 14088
491, 0.4323, 14106
492, 0.4326, 14124
493, 0.4326, 14142
494, 0.4332, 14161
495, 0.433, 14179
496, 0.4332, 14197
497, 0.4342, 14217
498, 0.4347, 14236
499, 0.4351, 14254
500, 0.4355, 14273
501, 0.4367, 14291
502, 0.4367, 14309
503, 0.4369, 14327
504, 0.438, 14346
505, 0.4383, 14364
506, 0.4383, 14381
507, 0.4387, 14399
508, 0.4396, 14417
509, 0.4399, 14435
510, 0.4404, 14454
511, 0.441, 14472
512, 0.441, 14490
513, 0.4411, 14507
514, 0.4417, 14525
515, 0.4419, 14543
516, 0.4422, 14562
517, 0.4427, 14579
518, 0.4427, 14598
519, 0.4429, 14616
520, 0.4432, 14634
521, 0.4436, 14651
522, 0.4445, 14669
523, 0.4447, 14687
524, 0.4447, 14705
525, 0.4449, 14723
526, 0.4453, 14741
527, 0.4453, 14759
528, 0.4454, 14777
529, 0.4448, 14795
530, 0.4454, 14813
531, 0.4452, 14831
532, 0.4453, 14849
533, 0.4455, 14867
534, 0.446, 14885
535, 0.4457, 14903
536, 0.4467, 14921
537, 0.4466, 14939
538, 0.4469, 14957
539, 0.4469, 14975
540, 0.4468, 14993
541, 0.4471, 15010
542, 0.4478, 15029
543, 0.4486, 15046
544, 0.4493, 15065
545, 0.4501, 15083
546, 0.4508, 15101
547, 0.4511, 15119
548, 0.4514, 15137
549, 0.4516, 15155
550, 0.452, 15173
551, 0.4527, 15191
552, 0.4536, 15209
553, 0.4543, 15227
554, 0.4543, 15245
555, 0.4542, 15263
556, 0.4545, 15282
557, 0.4545, 15300
558, 0.4552, 15318
559, 0.4555, 15336
560, 0.4553, 15354
561, 0.4564, 15372
562, 0.4563, 15390
563, 0.4569, 15408
564, 0.4572, 15426
565, 0.4575, 15443
566, 0.4579, 15462
567, 0.4581, 15479
568, 0.4579, 15498
569, 0.4584, 15516
570, 0.4585, 15534
571, 0.4589, 15551
572, 0.4591, 15569
573, 0.4592, 15587
574, 0.4596, 15606
575, 0.4599, 15623
576, 0.46, 15641
577, 0.4602, 15660
578, 0.4605, 15678
579, 0.4609, 15696
580, 0.4607, 15714
581, 0.4609, 15732
582, 0.4611, 15750
583, 0.4611, 15767
584, 0.4615, 15785
585, 0.4619, 15804
586, 0.4626, 15822
587, 0.4627, 15840
588, 0.463, 15858
589, 0.463, 15875
590, 0.463, 15893
591, 0.4634, 15912
592, 0.4632, 15930
593, 0.4636, 15947
594, 0.4641, 15965
595, 0.4643, 15983
596, 0.4642, 16001
597, 0.464, 16018
598, 0.464, 16037
599, 0.4643, 16054
600, 0.4643, 16072
601, 0.4645, 16090
602, 0.4644, 16108
603, 0.4647, 16126
604, 0.4648, 16144
605, 0.4647, 16162
606, 0.4649, 16180
607, 0.4655, 16198
608, 0.4654, 16216
609, 0.4658, 16234
610, 0.4666, 16251
611, 0.467, 16270
612, 0.4673, 16287
613, 0.4674, 16305
614, 0.4677, 16324
615, 0.4685, 16341
616, 0.4686, 16359
617, 0.4687, 16377
618, 0.4688, 16395
619, 0.4688, 16413
620, 0.4689, 16431
621, 0.4691, 16449
622, 0.4693, 16466
623, 0.4695, 16484
624, 0.4698, 16502
625, 0.47, 16521
626, 0.4704, 16539
627, 0.4708, 16557
628, 0.4712, 16574
629, 0.4714, 16593
630, 0.4714, 16611
631, 0.4719, 16628
632, 0.472, 16647
633, 0.4723, 16664
634, 0.4728, 16683
635, 0.4732, 16701
636, 0.4738, 16719
637, 0.474, 16737
638, 0.4741, 16755
639, 0.4741, 16773
640, 0.4742, 16791
641, 0.4746, 16809
642, 0.4753, 16827
643, 0.4754, 16845
644, 0.4757, 16862
645, 0.4758, 16880
646, 0.4758, 16899
647, 0.4762, 16917
648, 0.4764, 16935
649, 0.4765, 16953
650, 0.4767, 16971
651, 0.4773, 16989
652, 0.4773, 17007
653, 0.4781, 17025
654, 0.4783, 17043
655, 0.4784, 17061
656, 0.4789, 17078
657, 0.4789, 17096
658, 0.479, 17115
659, 0.4794, 17133
660, 0.4795, 17151
661, 0.4798, 17169
662, 0.4803, 17186
663, 0.4806, 17204
664, 0.4807, 17222
665, 0.4805, 17240
666, 0.4807, 17258
667, 0.4809, 17276
668, 0.4809, 17294
669, 0.4813, 17312
670, 0.4825, 17330
671, 0.4829, 17348
672, 0.4829, 17365
673, 0.4831, 17383
674, 0.4831, 17401
675, 0.4832, 17419
676, 0.4833, 17437
677, 0.4836, 17454
678, 0.4836, 17472
679, 0.4839, 17490
680, 0.4838, 17508
681, 0.4838, 17526
682, 0.4844, 17544
683, 0.4841, 17563
684, 0.4843, 17580
685, 0.4846, 17599
686, 0.4845, 17617
687, 0.4846, 17635
688, 0.4854, 17653
689, 0.4859, 17670
690, 0.4862, 17688
691, 0.4862, 17706
692, 0.4866, 17724
693, 0.487, 17742
694, 0.4873, 17760
695, 0.4873, 17778
696, 0.4875, 17796
697, 0.488, 17814
698, 0.4884, 17832
699, 0.4879, 17850
700, 0.4884, 17868
701, 0.4888, 17886
702, 0.4887, 17904
703, 0.4887, 17922
704, 0.4888, 17939
705, 0.4882, 17957
706, 0.4881, 17975
707, 0.4881, 17993
708, 0.4878, 18011
709, 0.4879, 18029
710, 0.4878, 18047
711, 0.4882, 18065
712, 0.4882, 18083
713, 0.4881, 18101
714, 0.4882, 18119
715, 0.4888, 18137
716, 0.4892, 18155
717, 0.4894, 18172
718, 0.4896, 18191
719, 0.4896, 18209
720, 0.4899, 18227
721, 0.4899, 18245
722, 0.4903, 18262
723, 0.4903, 18281
724, 0.4902, 18299
725, 0.4902, 18317
726, 0.4905, 18334
727, 0.4909, 18352
728, 0.4909, 18370
729, 0.4908, 18388
730, 0.4906, 18406
731, 0.4907, 18424
732, 0.4907, 18441
733, 0.4907, 18459
734, 0.491, 18477
735, 0.4912, 18495
736, 0.4915, 18513
737, 0.4921, 18531
738, 0.4924, 18550
739, 0.4928, 18568
740, 0.4927, 18586
741, 0.4925, 18604
742, 0.493, 18621
743, 0.4931, 18640
744, 0.4933, 18658
745, 0.4934, 18676
746, 0.4935, 18694
747, 0.4934, 18712
748, 0.4935, 18730
749, 0.4933, 18748
750, 0.4934, 18766
751, 0.4934, 18785
752, 0.4935, 18803
753, 0.4939, 18821
754, 0.4944, 18839
755, 0.4944, 18857
756, 0.4948, 18875
757, 0.4948, 18893
758, 0.4953, 18911
759, 0.4953, 18930
760, 0.4959, 18948
761, 0.4958, 18966
762, 0.4959, 18984
763, 0.4961, 19002
764, 0.4961, 19020
765, 0.4966, 19038
766, 0.497, 19056
767, 0.4969, 19074
768, 0.4971, 19092
769, 0.4974, 19110
770, 0.4975, 19128
771, 0.4976, 19146
772, 0.4979, 19164
773, 0.4982, 19182
774, 0.4983, 19200
775, 0.4984, 19218
776, 0.4984, 19236
777, 0.4984, 19253
778, 0.4983, 19271
779, 0.4987, 19289
780, 0.499, 19307
781, 0.4988, 19325
782, 0.499, 19343
783, 0.4993, 19362
784, 0.4993, 19380
785, 0.4996, 19398
786, 0.4997, 19416
787, 0.4999, 19434
788, 0.5002, 19452
789, 0.5006, 19470
790, 0.5009, 19488
791, 0.5011, 19506
792, 0.5009, 19524
793, 0.5011, 19542
794, 0.5015, 19561
795, 0.5024, 19578
796, 0.5024, 19596
797, 0.5028, 19615
798, 0.5024, 19633
799, 0.5028, 19650
800, 0.5031, 19668
801, 0.5033, 19686
802, 0.5036, 19705
803, 0.5037, 19722
804, 0.5042, 19740
805, 0.5043, 19759
806, 0.5047, 19776
807, 0.505, 19794
808, 0.5048, 19812
809, 0.505, 19830
810, 0.5053, 19848
811, 0.5048, 19866
812, 0.505, 19884
813, 0.5053, 19902
814, 0.5059, 19920
815, 0.5058, 19938
816, 0.5061, 19956
817, 0.5064, 19974
818, 0.5067, 19992
819, 0.5073, 20011
820, 0.5075, 20029
821, 0.5078, 20047
822, 0.5087, 20065
823, 0.5089, 20082
824, 0.5086, 20100
825, 0.5088, 20119
826, 0.5089, 20137
827, 0.5089, 20154
828, 0.51, 20172
829, 0.5101, 20190
830, 0.5105, 20208
831, 0.5105, 20227
832, 0.5108, 20245
833, 0.5111, 20263
834, 0.5116, 20280
835, 0.512, 20299
836, 0.512, 20317
837, 0.5124, 20335
838, 0.5125, 20353
839, 0.5123, 20370
840, 0.5126, 20389
841, 0.5134, 20407
842, 0.5138, 20425
843, 0.5137, 20444
844, 0.5139, 20462
845, 0.5145, 20480
846, 0.5146, 20498
847, 0.5148, 20516
848, 0.5151, 20534
849, 0.5153, 20552
850, 0.5157, 20570
851, 0.5164, 20588
852, 0.5169, 20606
853, 0.5172, 20624
854, 0.5175, 20642
855, 0.5182, 20660
856, 0.518, 20678
857, 0.5181, 20696
858, 0.5182, 20715
859, 0.5185, 20732
860, 0.5189, 20750
861, 0.5194, 20769
862, 0.5196, 20787
863, 0.5199, 20805
864, 0.5203, 20823
865, 0.5201, 20841
866, 0.52, 20859
867, 0.5204, 20877
868, 0.5207, 20895
869, 0.521, 20914
870, 0.5216, 20932
871, 0.5213, 20950
872, 0.5215, 20969
873, 0.5213, 20987
874, 0.5214, 21005
875, 0.5216, 21023
876, 0.522, 21041
877, 0.522, 21059
878, 0.5223, 21077
879, 0.522, 21095
880, 0.5223, 21113
881, 0.5225, 21131
882, 0.5226, 21149
883, 0.5228, 21167
884, 0.5228, 21185
885, 0.5228, 21203
886, 0.5232, 21222
887, 0.5237, 21240
888, 0.5237, 21258
889, 0.5237, 21276
890, 0.5239, 21294
891, 0.5244, 21312
892, 0.5244, 21330
893, 0.5246, 21348
894, 0.5247, 21366
895, 0.5249, 21384
896, 0.5251, 21402
897, 0.5252, 21420
898, 0.5254, 21438
899, 0.5253, 21456
900, 0.5254, 21474
901, 0.5256, 21492
902, 0.5259, 21510
903, 0.5261, 21528
904, 0.5259, 21546
905, 0.5261, 21564
906, 0.5264, 21582
907, 0.5263, 21600
908, 0.5265, 21618
909, 0.5268, 21636
910, 0.5271, 21654
911, 0.5274, 21672
912, 0.5275, 21690
913, 0.5273, 21709
914, 0.5273, 21727
915, 0.5276, 21745
916, 0.5279, 21763
917, 0.5279, 21781
918, 0.5283, 21799
919, 0.5282, 21817
920, 0.5288, 21835
921, 0.5282, 21852
922, 0.5283, 21870
923, 0.5285, 21888
924, 0.5287, 21906
925, 0.5287, 21924
926, 0.5287, 21942
927, 0.529, 21960
928, 0.5293, 21978
929, 0.5292, 21996
930, 0.5292, 22014
931, 0.5296, 22032
932, 0.5296, 22050
933, 0.5297, 22068
934, 0.5299, 22086
935, 0.53, 22104
936, 0.5299, 22122
937, 0.5299, 22141
938, 0.53, 22158
939, 0.5301, 22176
940, 0.5303, 22195
941, 0.5307, 22213
942, 0.5308, 22231
943, 0.531, 22249
944, 0.5313, 22267
945, 0.5314, 22285
946, 0.5314, 22303
947, 0.5317, 22321
948, 0.5317, 22339
949, 0.5321, 22357
950, 0.5322, 22375
951, 0.5319, 22393
952, 0.5321, 22411
953, 0.5322, 22429
954, 0.5322, 22447
955, 0.532, 22465
956, 0.5326, 22483
957, 0.5328, 22501
958, 0.5327, 22520
959, 0.5326, 22538
960, 0.5327, 22556
961, 0.5327, 22574
962, 0.5328, 22592
963, 0.5333, 22609
964, 0.5332, 22628
965, 0.534, 22646
966, 0.5344, 22664
967, 0.5341, 22681
968, 0.534, 22700
969, 0.5338, 22718
970, 0.5342, 22737
971, 0.5341, 22755
972, 0.5342, 22773
973, 0.5343, 22791
974, 0.5339, 22809
975, 0.5344, 22827
976, 0.5349, 22845
977, 0.535, 22863
978, 0.5348, 22881
979, 0.5352, 22899
980, 0.5357, 22918
981, 0.5361, 22936
982, 0.5364, 22954
983, 0.5366, 22972
984, 0.5367, 22990
985, 0.5368, 23008
986, 0.5371, 23026
987, 0.5373, 23044
988, 0.5374, 23062
989, 0.5379, 23080
990, 0.5382, 23097
991, 0.5383, 23115
992, 0.5389, 23133
993, 0.539, 23151
994, 0.5402, 23169
995, 0.54, 23187
996, 0.5401, 23205
997, 0.5404, 23223
998, 0.5401, 23241
999, 0.5403, 23259
1000, 0.5405, 23277
1001, 0.5403, 23295
1002, 0.5407, 23313
1003, 0.5404, 23331
1004, 0.5403, 23349
1005, 0.5408, 23367
1006, 0.541, 23385
1007, 0.541, 23403
1008, 0.5409, 23421
1009, 0.5408, 23439
1010, 0.5407, 23457
1011, 0.5408, 23475
1012, 0.5406, 23493
1013, 0.5404, 23511
1014, 0.5408, 23529
1015, 0.5411, 23547
1016, 0.5416, 23565
1017, 0.5416, 23583
1018, 0.542, 23601
1019, 0.5422, 23619
1020, 0.5422, 23637
1021, 0.5423, 23655
1022, 0.5425, 23673
1023, 0.5429, 23691
1024, 0.5433, 23709
1025, 0.5436, 23727
1026, 0.5431, 23745
1027, 0.5438, 23763
1028, 0.5436, 23781
1029, 0.5441, 23799
1030, 0.544, 23816
1031, 0.5437, 23834
1032, 0.5435, 23852
1033, 0.5438, 23870
1034, 0.5439, 23888
1035, 0.5438, 23906
1036, 0.5442, 23924
1037, 0.5441, 23942
1038, 0.5446, 23960
1039, 0.5443, 23978
1040, 0.5444, 23996
1041, 0.5441, 24014
1042, 0.5441, 24031
1043, 0.544, 24050
1044, 0.5443, 24068
1045, 0.5441, 24086
1046, 0.5444, 24104
1047, 0.5442, 24122
1048, 0.5446, 24140
1049, 0.5448, 24158
1050, 0.5451, 24176
1051, 0.5451, 24194
1052, 0.5451, 24212
1053, 0.5455, 24230
1054, 0.5455, 24247
1055, 0.5456, 24265
1056, 0.5458, 24283
1057, 0.546, 24301
1058, 0.5461, 24319
1059, 0.5464, 24337
1060, 0.5462, 24355
1061, 0.547, 24373
1062, 0.547, 24391
1063, 0.5469, 24408
1064, 0.547, 24426
1065, 0.5471, 24444
1066, 0.5471, 24462
1067, 0.5473, 24480
1068, 0.5476, 24498
1069, 0.5477, 24516
1070, 0.5478, 24534
1071, 0.5478, 24552
1072, 0.5479, 24570
1073, 0.5484, 24588
1074, 0.5488, 24607
1075, 0.5488, 24625
1076, 0.5486, 24643
1077, 0.5489, 24660
1078, 0.5491, 24678
1079, 0.5491, 24696
1080, 0.5489, 24714
1081, 0.5495, 24732
1082, 0.5495, 24750
1083, 0.5495, 24768
1084, 0.5498, 24787
1085, 0.5497, 24805
1086, 0.5498, 24823
1087, 0.5502, 24841
1088, 0.5501, 24859
1089, 0.55, 24877
1090, 0.5503, 24895
1091, 0.5506, 24913
1092, 0.5505, 24931
1093, 0.5508, 24950
1094, 0.5508, 24968
1095, 0.5509, 24986
1096, 0.5509, 25004
1097, 0.5512, 25021
1098, 0.5512, 25039
1099, 0.5515, 25057
1100, 0.552, 25076
1101, 0.552, 25093
1102, 0.5522, 25112
1103, 0.5524, 25130
1104, 0.5525, 25148
1105, 0.5528, 25166
1106, 0.5527, 25184
1107, 0.553, 25202
1108, 0.553, 25220
1109, 0.5533, 25239
1110, 0.5531, 25257
1111, 0.5534, 25275
1112, 0.5535, 25293
1113, 0.5538, 25311
1114, 0.5539, 25329
1115, 0.554, 25347
1116, 0.5542, 25365
1117, 0.5544, 25383
1118, 0.5541, 25401
1119, 0.5547, 25419
1120, 0.5547, 25437
1121, 0.5549, 25455
1122, 0.5552, 25473
1123, 0.5554, 25491
1124, 0.5555, 25509
1125, 0.556, 25527
1126, 0.5558, 25546
1127, 0.5563, 25563
1128, 0.5566, 25582
1129, 0.5568, 25600
1130, 0.5568, 25618
1131, 0.5571, 25636
1132, 0.5576, 25654
1133, 0.5578, 25672
1134, 0.5578, 25690
1135, 0.5577, 25708
1136, 0.558, 25727
1137, 0.5581, 25745
1138, 0.5581, 25763
1139, 0.5583, 25781
1140, 0.558, 25799
1141, 0.5579, 25817
1142, 0.558, 25835
1143, 0.5578, 25853
1144, 0.558, 25871
1145, 0.5582, 25889
1146, 0.5584, 25907
1147, 0.5583, 25925
1148, 0.5583, 25943
1149, 0.5585, 25961
1150, 0.5586, 25979
1151, 0.5586, 25997
1152, 0.5587, 26015
1153, 0.5591, 26033
1154, 0.5591, 26051
1155, 0.559, 26069
1156, 0.5593, 26087
1157, 0.5591, 26105
1158, 0.5594, 26124
1159, 0.5597, 26142
1160, 0.5596, 26160
1161, 0.5596, 26178
1162, 0.5598, 26196
1163, 0.5597, 26214
1164, 0.56, 26231
1165, 0.56, 26249
1166, 0.5604, 26268
1167, 0.5602, 26286
1168, 0.5603, 26304
1169, 0.5602, 26322
1170, 0.5604, 26340
1171, 0.5603, 26358
1172, 0.5607, 26376
1173, 0.5609, 26395
1174, 0.5609, 26413
1175, 0.5611, 26431
1176, 0.5613, 26449
1177, 0.5614, 26468
1178, 0.5611, 26486
1179, 0.5612, 26504
1180, 0.561, 26522
1181, 0.5606, 26540
1182, 0.5609, 26558
1183, 0.561, 26576
1184, 0.5614, 26594
1185, 0.5617, 26612
1186, 0.5619, 26630
1187, 0.5617, 26648
1188, 0.5618, 26666
1189, 0.562, 26685
1190, 0.5621, 26703
1191, 0.5622, 26721
1192, 0.5624, 26739
1193, 0.5624, 26757
1194, 0.5623, 26776
1195, 0.5624, 26794
1196, 0.5627, 26812
1197, 0.563, 26830
1198, 0.5629, 26848
1199, 0.5631, 26866
1200, 0.5633, 26884
1201, 0.5633, 26902
1202, 0.5634, 26920
1203, 0.5634, 26938
1204, 0.5636, 26956
1205, 0.5637, 26974
1206, 0.5638, 26992
1207, 0.5639, 27010
1208, 0.5641, 27028
1209, 0.5644, 27047
1210, 0.5648, 27065
1211, 0.5647, 27083
1212, 0.565, 27101
1213, 0.5648, 27119
1214, 0.5647, 27137
1215, 0.5646, 27155
1216, 0.5647, 27174
1217, 0.5647, 27192
1218, 0.5649, 27210
1219, 0.5655, 27228
1220, 0.5656, 27246
1221, 0.5654, 27264
1222, 0.5657, 27282
1223, 0.5658, 27301
1224, 0.5662, 27319
1225, 0.5663, 27337
1226, 0.5666, 27355
1227, 0.5663, 27373
1228, 0.5665, 27391
1229, 0.5666, 27409
1230, 0.5666, 27428
1231, 0.5663, 27446
1232, 0.5667, 27464
1233, 0.5669, 27482
1234, 0.5668, 27500
1235, 0.567, 27518
1236, 0.5669, 27536
1237, 0.5672, 27554
1238, 0.5673, 27573
1239, 0.5672, 27591
1240, 0.5674, 27609
1241, 0.5671, 27627
1242, 0.5673, 27645
1243, 0.5673, 27663
1244, 0.5675, 27681
1245, 0.5674, 27699
1246, 0.5674, 27717
1247, 0.5676, 27735
1248, 0.5676, 27753
1249, 0.5675, 27772
1250, 0.5677, 27790
1251, 0.5678, 27808
1252, 0.5678, 27826
1253, 0.568, 27845
1254, 0.5676, 27863
1255, 0.5677, 27881
1256, 0.5679, 27900
1257, 0.5679, 27918
1258, 0.5686, 27936
1259, 0.5685, 27954
1260, 0.5687, 27972
1261, 0.5688, 27990
1262, 0.569, 28008
1263, 0.5692, 28026
1264, 0.5692, 28044
1265, 0.5696, 28062
1266, 0.5694, 28081
1267, 0.5694, 28099
1268, 0.5696, 28117
1269, 0.5695, 28136
1270, 0.5697, 28153
1271, 0.5697, 28172
1272, 0.5698, 28190
1273, 0.57, 28208
1274, 0.5699, 28227
1275, 0.5698, 28245
1276, 0.5698, 28262
1277, 0.5696, 28281
1278, 0.5697, 28299
1279, 0.5701, 28317
1280, 0.5705, 28335
1281, 0.5706, 28353
1282, 0.5708, 28371
1283, 0.5708, 28390
1284, 0.5708, 28408
1285, 0.5708, 28426
1286, 0.5706, 28444
1287, 0.5707, 28462
1288, 0.5708, 28481
1289, 0.5703, 28499
1290, 0.5704, 28517
1291, 0.5705, 28535
1292, 0.5704, 28553
1293, 0.5708, 28571
1294, 0.5706, 28589
1295, 0.5708, 28607
1296, 0.5713, 28625
1297, 0.5713, 28643
1298, 0.5718, 28662
1299, 0.5718, 28680
1300, 0.5721, 28698
1301, 0.572, 28716
1302, 0.5722, 28734
1303, 0.572, 28752
1304, 0.5721, 28770
1305, 0.572, 28788
1306, 0.5724, 28808
1307, 0.5723, 28828
1308, 0.5724, 28846
1309, 0.5726, 28864
1310, 0.573, 28883
1311, 0.573, 28902
1312, 0.5734, 28921
1313, 0.5735, 28939
1314, 0.5735, 28956
1315, 0.5735, 28974
1316, 0.5737, 28993
1317, 0.5737, 29011
1318, 0.5738, 29029
1319, 0.5737, 29047
1320, 0.5738, 29065
1321, 0.5739, 29083
1322, 0.5738, 29102
1323, 0.5743, 29120
1324, 0.5743, 29138
1325, 0.5744, 29156
1326, 0.5742, 29174
1327, 0.5745, 29192
1328, 0.5747, 29210
1329, 0.5746, 29229
1330, 0.5743, 29247
1331, 0.5745, 29265
1332, 0.5744, 29283
1333, 0.5743, 29302
1334, 0.5741, 29320
1335, 0.5742, 29338
1336, 0.5741, 29356
1337, 0.5742, 29374
1338, 0.5744, 29392
1339, 0.5745, 29410
1340, 0.5744, 29428
1341, 0.5746, 29447
1342, 0.5746, 29465
1343, 0.5745, 29483
1344, 0.5749, 29501
1345, 0.5744, 29519
1346, 0.5746, 29537
1347, 0.575, 29555
1348, 0.5753, 29573
1349, 0.5757, 29590
1350, 0.5759, 29608
1351, 0.5757, 29626
1352, 0.576, 29644
1353, 0.5759, 29663
1354, 0.5764, 29681
1355, 0.5763, 29699
1356, 0.5761, 29717
1357, 0.5759, 29736
1358, 0.5759, 29753
1359, 0.5758, 29771
1360, 0.5761, 29789
1361, 0.5761, 29807
1362, 0.5758, 29825
1363, 0.5759, 29843
1364, 0.5762, 29862
1365, 0.5763, 29880
1366, 0.5763, 29898
1367, 0.5762, 29916
1368, 0.5763, 29934
1369, 0.5767, 29952
1370, 0.5768, 29971
1371, 0.5767, 29989
1372, 0.5768, 30007
1373, 0.5765, 30025
1374, 0.5766, 30043
1375, 0.5769, 30061
1376, 0.577, 30079
1377, 0.5768, 30097
1378, 0.5769, 30116
1379, 0.5769, 30134
1380, 0.5772, 30152
1381, 0.5771, 30170
1382, 0.5774, 30188
1383, 0.5774, 30206
1384, 0.5775, 30224
1385, 0.5776, 30242
1386, 0.5776, 30260
1387, 0.5778, 30278
1388, 0.578, 30296
1389, 0.5776, 30314
1390, 0.5779, 30332
1391, 0.5777, 30351
1392, 0.5778, 30369
1393, 0.5776, 30387
1394, 0.5776, 30405
1395, 0.5776, 30423
1396, 0.5772, 30441
1397, 0.5776, 30459
1398, 0.5776, 30477
1399, 0.5777, 30495
1400, 0.5775, 30513
1401, 0.5778, 30531
1402, 0.5779, 30548
1403, 0.5781, 30566
1404, 0.5782, 30584
1405, 0.5782, 30602
1406, 0.5781, 30620
1407, 0.5784, 30637
1408, 0.5785, 30655
1409, 0.5786, 30673
1410, 0.5792, 30691
1411, 0.5796, 30709
1412, 0.5794, 30727
1413, 0.5795, 30745
1414, 0.5798, 30763
1415, 0.5799, 30781
1416, 0.58, 30799
1417, 0.5799, 30817
1418, 0.5803, 30835
1419, 0.5802, 30853
1420, 0.5804, 30871
1421, 0.5803, 30889
1422, 0.5804, 30907
1423, 0.5804, 30925
1424, 0.5804, 30943
1425, 0.5805, 30961
1426, 0.5809, 30979
1427, 0.581, 30997
1428, 0.5812, 31015
1429, 0.5815, 31033
1430, 0.5814, 31051
1431, 0.5813, 31069
1432, 0.5815, 31087
1433, 0.5815, 31105
1434, 0.5816, 31123
1435, 0.5816, 31141
1436, 0.5815, 31159
1437, 0.5815, 31177
1438, 0.5819, 31195
1439, 0.5818, 31213
1440, 0.5817, 31231
1441, 0.5817, 31249
1442, 0.5816, 31267
1443, 0.5816, 31285
1444, 0.5819, 31303
1445, 0.5815, 31321
1446, 0.5819, 31338
1447, 0.5822, 31356
1448, 0.5822, 31375
1449, 0.5824, 31393
1450, 0.5825, 31411
1451, 0.5823, 31429
1452, 0.5821, 31446
1453, 0.582, 31464
1454, 0.5818, 31482
1455, 0.5818, 31500
1456, 0.5818, 31518
1457, 0.5819, 31537
1458, 0.5819, 31554
1459, 0.5818, 31572
1460, 0.5821, 31590
1461, 0.5821, 31608
1462, 0.582, 31626
1463, 0.5824, 31644
1464, 0.5821, 31662
1465, 0.5825, 31680
1466, 0.5825, 31698
1467, 0.5824, 31716
1468, 0.5823, 31734
1469, 0.5823, 31752
1470, 0.5825, 31770
1471, 0.5826, 31788
1472, 0.5826, 31805
1473, 0.5825, 31823
1474, 0.5827, 31841
1475, 0.5828, 31859
1476, 0.5831, 31877
1477, 0.5832, 31895
1478, 0.583, 31913
1479, 0.583, 31931
1480, 0.5832, 31949
1481, 0.5829, 31967
1482, 0.5832, 31985
1483, 0.5834, 32003
1484, 0.5832, 32021
1485, 0.5832, 32039
1486, 0.5834, 32057
1487, 0.5834, 32075
1488, 0.5833, 32093
1489, 0.5838, 32112
1490, 0.5839, 32130
1491, 0.5841, 32148
1492, 0.584, 32166
1493, 0.5844, 32183
1494, 0.5841, 32201
1495, 0.5848, 32219
1496, 0.5846, 32237
1497, 0.5848, 32255
1498, 0.585, 32273
1499, 0.5854, 32290
1500, 0.5854, 32308
1501, 0.5857, 32327
1502, 0.5857, 32344
1503, 0.5859, 32362
1504, 0.5858, 32380
1505, 0.5856, 32398
1506, 0.5859, 32416
1507, 0.5858, 32434
1508, 0.5859, 32452
1509, 0.586, 32470
1510, 0.5862, 32488
1511, 0.5861, 32506
1512, 0.5862, 32524
1513, 0.5863, 32542
1514, 0.5863, 32560
1515, 0.5864, 32578
1516, 0.5861, 32596
1517, 0.5863, 32614
1518, 0.5863, 32632
1519, 0.5862, 32650
1520, 0.5863, 32668
1521, 0.5864, 32686
1522, 0.5862, 32704
1523, 0.5864, 32723
1524, 0.5861, 32740
1525, 0.5863, 32758
1526, 0.5862, 32776
1527, 0.5866, 32794
1528, 0.5863, 32812
1529, 0.5867, 32831
1530, 0.5867, 32848
1531, 0.5867, 32866
1532, 0.5867, 32884
1533, 0.5869, 32903
1534, 0.587, 32920
1535, 0.5867, 32939
1536, 0.5866, 32957
1537, 0.5866, 32974
1538, 0.5866, 32992
1539, 0.5866, 33011
1540, 0.5861, 33029
1541, 0.5862, 33047
1542, 0.5861, 33065
1543, 0.5862, 33083
1544, 0.5863, 33100
1545, 0.586, 33118
1546, 0.5859, 33136
1547, 0.586, 33154
1548, 0.5861, 33172
1549, 0.5861, 33190
1550, 0.5858, 33208
1551, 0.5861, 33226
1552, 0.5864, 33244
1553, 0.5867, 33262
1554, 0.5867, 33280
1555, 0.5868, 33298
1556, 0.5867, 33316
1557, 0.5868, 33334
1558, 0.5872, 33352
1559, 0.5871, 33370
1560, 0.5873, 33388
1561, 0.5872, 33406
1562, 0.5872, 33423
1563, 0.5874, 33442
1564, 0.5873, 33459
1565, 0.5874, 33478
1566, 0.5872, 33496
1567, 0.5877, 33513
1568, 0.5874, 33531
1569, 0.5876, 33549
1570, 0.5875, 33566
1571, 0.5874, 33584
1572, 0.5875, 33602
1573, 0.5873, 33619
1574, 0.5874, 33637
1575, 0.5877, 33655
1576, 0.5877, 33673
1577, 0.5879, 33691
1578, 0.5879, 33709
1579, 0.5881, 33727
1580, 0.5881, 33745
1581, 0.5878, 33763
1582, 0.5877, 33781
1583, 0.5879, 33798
1584, 0.5878, 33817
1585, 0.5878, 33835
1586, 0.588, 33853
1587, 0.588, 33872
1588, 0.588, 33890
1589, 0.5881, 33908
1590, 0.5883, 33926
1591, 0.5884, 33944
1592, 0.5884, 33961
1593, 0.5887, 33979
1594, 0.5887, 33997
1595, 0.5887, 34015
1596, 0.5888, 34033
1597, 0.5887, 34051
1598, 0.5893, 34069
1599, 0.5891, 34087
1600, 0.5889, 34106
1601, 0.5888, 34123
1602, 0.5889, 34142
1603, 0.5891, 34159
1604, 0.5891, 34178
1605, 0.5891, 34195
1606, 0.5893, 34213
1607, 0.5893, 34232
1608, 0.589, 34250
1609, 0.5891, 34268
1610, 0.5892, 34286
1611, 0.5891, 34304
1612, 0.5893, 34321
1613, 0.5894, 34339
1614, 0.5897, 34357
1615, 0.5898, 34376
1616, 0.5896, 34394
1617, 0.5897, 34412
1618, 0.5897, 34430
1619, 0.5897, 34448
1620, 0.5898, 34466
1621, 0.5894, 34484
1622, 0.5895, 34502
1623, 0.5895, 34520
1624, 0.5894, 34538
1625, 0.5892, 34555
1626, 0.5894, 34573
1627, 0.5891, 34592
1628, 0.5894, 34610
1629, 0.5891, 34628
1630, 0.5893, 34646
1631, 0.5894, 34664
1632, 0.5893, 34682
1633, 0.5893, 34700
1634, 0.5895, 34718
1635, 0.5896, 34736
1636, 0.5901, 34755
1637, 0.5901, 34773
1638, 0.5904, 34790
1639, 0.5905, 34808
1640, 0.5903, 34827
1641, 0.5907, 34845
1642, 0.5905, 34863
1643, 0.5904, 34881
1644, 0.5902, 34899
1645, 0.5904, 34917
1646, 0.5907, 34935
1647, 0.5907, 34954
1648, 0.5907, 34972
1649, 0.5908, 34990
1650, 0.5908, 35009
1651, 0.5906, 35027
1652, 0.5906, 35045
1653, 0.5906, 35063
1654, 0.5907, 35081
1655, 0.5908, 35099
1656, 0.5906, 35117
1657, 0.5908, 35135
1658, 0.5908, 35153
1659, 0.5909, 35171
1660, 0.5911, 35189
1661, 0.5914, 35207
1662, 0.5913, 35225
1663, 0.5912, 35243
1664, 0.5913, 35261
1665, 0.5911, 35280
1666, 0.5913, 35298
1667, 0.5914, 35316
1668, 0.5915, 35334
1669, 0.5916, 35353
1670, 0.592, 35371
1671, 0.5921, 35389
1672, 0.592, 35407
1673, 0.592, 35425
1674, 0.5917, 35443
1675, 0.5919, 35461
1676, 0.5915, 35480
1677, 0.5916, 35497
1678, 0.5914, 35515
1679, 0.5917, 35533
1680, 0.5914, 35551
1681, 0.5918, 35569
1682, 0.5917, 35587
1683, 0.5921, 35606
1684, 0.5921, 35623
1685, 0.5924, 35642
1686, 0.5919, 35659
1687, 0.5921, 35677
1688, 0.5921, 35695
1689, 0.5922, 35713
1690, 0.5922, 35731
1691, 0.5923, 35749
1692, 0.5922, 35767
1693, 0.5925, 35785
1694, 0.593, 35803
1695, 0.5931, 35822
1696, 0.5935, 35840
1697, 0.5936, 35858
1698, 0.5934, 35876
1699, 0.5935, 35894
1700, 0.5935, 35912
1701, 0.5936, 35930
1702, 0.5938, 35948
1703, 0.5938, 35966
1704, 0.5934, 35984
1705, 0.5936, 36003
1706, 0.5934, 36021
1707, 0.5935, 36039
1708, 0.5937, 36057
1709, 0.5936, 36075
1710, 0.5935, 36093
1711, 0.5934, 36111
1712, 0.5937, 36129
1713, 0.5939, 36147
1714, 0.5939, 36165
1715, 0.5939, 36183
1716, 0.5938, 36201
1717, 0.5939, 36219
1718, 0.5941, 36237
1719, 0.5941, 36255
1720, 0.594, 36273
1721, 0.5942, 36291
1722, 0.5942, 36309
1723, 0.5942, 36327
1724, 0.5943, 36345
1725, 0.5944, 36363
1726, 0.5943, 36381
1727, 0.5941, 36400
1728, 0.5942, 36418
1729, 0.5942, 36436
1730, 0.5943, 36454
1731, 0.5941, 36472
1732, 0.5943, 36490
1733, 0.5944, 36508
1734, 0.5945, 36527
1735, 0.5945, 36545
1736, 0.5946, 36564
1737, 0.5946, 36582
1738, 0.5948, 36600
1739, 0.5948, 36618
1740, 0.595, 36636
1741, 0.5948, 36655
1742, 0.5951, 36672
1743, 0.595, 36690
1744, 0.5955, 36709
1745, 0.5953, 36727
1746, 0.5954, 36745
1747, 0.5955, 36763
1748, 0.5956, 36781
1749, 0.5955, 36800
1750, 0.5954, 36817
1751, 0.5956, 36835
1752, 0.5955, 36853
1753, 0.5954, 36871
1754, 0.5953, 36889
1755, 0.595, 36907
1756, 0.595, 36926
1757, 0.5946, 36944
1758, 0.5946, 36962
1759, 0.5947, 36980
1760, 0.5947, 36998
1761, 0.5948, 37016
1762, 0.5949, 37034
1763, 0.5947, 37053
1764, 0.595, 37071
1765, 0.5952, 37089
1766, 0.5953, 37108
1767, 0.5953, 37126
1768, 0.5952, 37144
1769, 0.5953, 37162
1770, 0.5956, 37180
1771, 0.5954, 37199
1772, 0.5952, 37216
1773, 0.5952, 37234
1774, 0.5955, 37252
1775, 0.5954, 37270
1776, 0.5956, 37289
1777, 0.5955, 37306
1778, 0.5956, 37324
1779, 0.5959, 37342
1780, 0.5961, 37361
1781, 0.5962, 37379
1782, 0.5963, 37398
1783, 0.5961, 37416
1784, 0.5959, 37433
1785, 0.5963, 37451
1786, 0.5961, 37469
1787, 0.5962, 37487
1788, 0.5963, 37505
1789, 0.596, 37523
1790, 0.5963, 37541
1791, 0.5961, 37558
1792, 0.5963, 37576
1793, 0.5965, 37594
1794, 0.5968, 37612
1795, 0.5971, 37631
1796, 0.5971, 37648
1797, 0.5974, 37666
1798, 0.5972, 37685
1799, 0.5972, 37703
1800, 0.5971, 37721
1801, 0.5971, 37739
1802, 0.5974, 37756
1803, 0.5975, 37775
1804, 0.5976, 37793
1805, 0.5975, 37811
1806, 0.5975, 37828
1807, 0.5974, 37846
1808, 0.5974, 37864
1809, 0.5975, 37882
1810, 0.5974, 37901
1811, 0.5976, 37918
1812, 0.5977, 37937
1813, 0.5976, 37955
1814, 0.5975, 37973
1815, 0.5976, 37991
1816, 0.5973, 38010
1817, 0.5975, 38028
1818, 0.5972, 38046
1819, 0.5974, 38064
1820, 0.5975, 38082
1821, 0.5978, 38100
1822, 0.5978, 38119
1823, 0.5979, 38137
1824, 0.5979, 38155
1825, 0.5979, 38173
1826, 0.5979, 38191
1827, 0.5979, 38209
1828, 0.598, 38227
1829, 0.5979, 38245
1830, 0.5978, 38263
1831, 0.5978, 38281
1832, 0.5977, 38299
1833, 0.5975, 38317
1834, 0.5975, 38335
1835, 0.5975, 38353
1836, 0.5973, 38371
1837, 0.5974, 38389
1838, 0.5973, 38407
1839, 0.5975, 38425
1840, 0.5976, 38443
1841, 0.5975, 38461
1842, 0.5979, 38479
1843, 0.598, 38497
1844, 0.598, 38515
1845, 0.5977, 38534
1846, 0.5977, 38552
1847, 0.5975, 38570
1848, 0.5976, 38588
1849, 0.5976, 38606
1850, 0.5977, 38624
1851, 0.5977, 38642
1852, 0.5975, 38660
1853, 0.5979, 38679
1854, 0.5976, 38696
1855, 0.5978, 38714
1856, 0.5978, 38732
1857, 0.5977, 38750
1858, 0.5978, 38769
1859, 0.5979, 38787
1860, 0.5977, 38805
1861, 0.5978, 38823
1862, 0.5978, 38841
1863, 0.5979, 38859
1864, 0.598, 38877
1865, 0.5979, 38895
1866, 0.5978, 38913
1867, 0.5983, 38931
1868, 0.598, 38949
1869, 0.5983, 38968
1870, 0.5983, 38985
1871, 0.5985, 39003
1872, 0.5983, 39021
1873, 0.5982, 39039
1874, 0.5985, 39057
1875, 0.5984, 39075
1876, 0.5984, 39093
1877, 0.5982, 39111
1878, 0.5985, 39130
1879, 0.5984, 39148
1880, 0.5985, 39166
1881, 0.5987, 39184
1882, 0.5989, 39202
1883, 0.5989, 39220
1884, 0.5992, 39237
1885, 0.5994, 39255
1886, 0.5993, 39274
1887, 0.5994, 39292
1888, 0.5994, 39311
1889, 0.5992, 39330
1890, 0.5993, 39348
1891, 0.5995, 39367
1892, 0.5996, 39385
1893, 0.6, 39403
1894, 0.5997, 39421
1895, 0.6001, 39439
1896, 0.5998, 39457
1897, 0.6, 39475
1898, 0.5997, 39493
1899, 0.6, 39511
1900, 0.5999, 39529
1901, 0.6002, 39547
1902, 0.5997, 39565
1903, 0.6001, 39583
1904, 0.5998, 39601
1905, 0.6, 39619
1906, 0.5998, 39637
1907, 0.6, 39655
1908, 0.5998, 39673
1909, 0.6, 39691
1910, 0.5997, 39709
1911, 0.6, 39727
1912, 0.5998, 39746
1913, 0.6, 39764
1914, 0.6, 39782
1915, 0.6002, 39799
1916, 0.6001, 39817
1917, 0.6003, 39836
1918, 0.5998, 39854
1919, 0.5997, 39872
1920, 0.5997, 39890
1921, 0.5998, 39908
1922, 0.5998, 39925
1923, 0.5999, 39943
1924, 0.6, 39962
1925, 0.6, 39980
1926, 0.5998, 39998
1927, 0.5999, 40016
1928, 0.6001, 40034
1929, 0.6001, 40052
1930, 0.5997, 40069
1931, 0.5998, 40088
1932, 0.5997, 40106
1933, 0.5996, 40124
1934, 0.6001, 40142
1935, 0.6, 40160
1936, 0.6, 40179
1937, 0.6, 40197
1938, 0.5999, 40214
1939, 0.6003, 40232
1940, 0.6, 40250
1941, 0.6003, 40268
1942, 0.6003, 40286
1943, 0.6004, 40304
1944, 0.6004, 40322
1945, 0.6004, 40340
1946, 0.6007, 40358
1947, 0.6009, 40375
1948, 0.6008, 40393
1949, 0.6009, 40411
1950, 0.601, 40429
1951, 0.6004, 40447
1952, 0.6008, 40466
1953, 0.6006, 40484
1954, 0.6008, 40502
1955, 0.6007, 40520
1956, 0.601, 40538
1957, 0.6012, 40557
1958, 0.601, 40575
1959, 0.6011, 40593
1960, 0.6012, 40610
1961, 0.6012, 40628
1962, 0.6014, 40646
1963, 0.6017, 40664
1964, 0.6012, 40682
1965, 0.6015, 40700
1966, 0.6014, 40718
1967, 0.6014, 40737
1968, 0.6014, 40755
1969, 0.6015, 40773
1970, 0.6013, 40790
1971, 0.6013, 40808
1972, 0.6016, 40826
1973, 0.6018, 40844
1974, 0.6015, 40862
1975, 0.6016, 40880
1976, 0.6019, 40898
1977, 0.6013, 40916
1978, 0.6017, 40934
1979, 0.6017, 40952
1980, 0.6016, 40971
1981, 0.6014, 40989
1982, 0.601, 41007
1983, 0.601, 41025
1984, 0.6009, 41043
1985, 0.6011, 41061
1986, 0.6009, 41079
1987, 0.6011, 41096
1988, 0.601, 41114
1989, 0.6013, 41132
1990, 0.601, 41150
1991, 0.6012, 41168
1992, 0.6009, 41185
1993, 0.6011, 41203
1994, 0.6013, 41221
1995, 0.6014, 41239
1996, 0.6012, 41257
1997, 0.6015, 41275
1998, 0.6012, 41293
1999, 0.6016, 41311
2000, 0.6011, 41329
2001, 0.6012, 41347
2002, 0.601, 41365
2003, 0.6012, 41383
2004, 0.6012, 41402
2005, 0.6012, 41419
2006, 0.6009, 41437
2007, 0.6013, 41455
2008, 0.6013, 41473
2009, 0.6014, 41491
2010, 0.6011, 41509
2011, 0.6013, 41527
2012, 0.6009, 41545
2013, 0.6012, 41562
2014, 0.6009, 41580
2015, 0.6014, 41599
2016, 0.601, 41616
2017, 0.6012, 41634
2018, 0.601, 41652
2019, 0.6014, 41670
2020, 0.6012, 41688
2021, 0.6012, 41706
2022, 0.6012, 41724
2023, 0.6017, 41742
2024, 0.6016, 41760
2025, 0.602, 41778
2026, 0.6023, 41796
2027, 0.6024, 41814
2028, 0.6023, 41832
2029, 0.6023, 41850
2030, 0.6024, 41868
2031, 0.6024, 41886
2032, 0.6024, 41904
2033, 0.6024, 41922
2034, 0.6027, 41940
2035, 0.6028, 41958
2036, 0.6027, 41976
2037, 0.6031, 41993
2038, 0.6027, 42011
2039, 0.6029, 42029
2040, 0.6028, 42047
2041, 0.603, 42065
2042, 0.6027, 42083
2043, 0.6031, 42101
2044, 0.6026, 42119
2045, 0.6026, 42137
2046, 0.6025, 42155
2047, 0.6028, 42172
2048, 0.6023, 42190
2049, 0.6027, 42209
2050, 0.6023, 42227
2051, 0.6023, 42245
2052, 0.6024, 42263
2053, 0.6025, 42281
2054, 0.6026, 42299
2055, 0.6027, 42317
2056, 0.6025, 42335
2057, 0.6026, 42353
2058, 0.6028, 42371
2059, 0.6029, 42388
2060, 0.603, 42406
2061, 0.603, 42424
2062, 0.6034, 42442
2063, 0.603, 42460
2064, 0.6032, 42478
2065, 0.6034, 42496
2066, 0.6035, 42514
2067, 0.6035, 42532
2068, 0.6039, 42550
2069, 0.6037, 42568
2070, 0.6042, 42586
2071, 0.604, 42604
2072, 0.6044, 42622
2073, 0.6046, 42640
2074, 0.6044, 42657
2075, 0.6047, 42675
2076, 0.6043, 42693
2077, 0.6046, 42710
2078, 0.6044, 42729
2079, 0.6045, 42746
2080, 0.6042, 42764
2081, 0.6042, 42783
2082, 0.6044, 42801
2083, 0.6042, 42819
2084, 0.6045, 42837
2085, 0.6043, 42855
2086, 0.6051, 42873
2087, 0.6045, 42891
2088, 0.6047, 42909
2089, 0.6049, 42928
2090, 0.6046, 42946
2091, 0.6045, 42964
2092, 0.6046, 42982
2093, 0.6046, 43000
2094, 0.6048, 43018
2095, 0.6047, 43036
2096, 0.6045, 43054
2097, 0.6045, 43072
2098, 0.6044, 43090
2099, 0.6047, 43108
2100, 0.6047, 43126
2101, 0.6047, 43144
2102, 0.6046, 43162
2103, 0.6045, 43180
2104, 0.6047, 43198
2105, 0.6045, 43217
2106, 0.6049, 43235
2107, 0.6047, 43253
2108, 0.6047, 43272
2109, 0.6044, 43290
2110, 0.6047, 43308
2111, 0.6045, 43326
2112, 0.6046, 43344
2113, 0.605, 43362
2114, 0.6044, 43380
2115, 0.6047, 43399
2116, 0.6043, 43416
2117, 0.6049, 43434
2118, 0.6043, 43452
2119, 0.6051, 43470
2120, 0.6045, 43488
2121, 0.6051, 43506
2122, 0.6048, 43524
2123, 0.605, 43542
2124, 0.6053, 43560
2125, 0.6055, 43578
2126, 0.6052, 43596
2127, 0.6053, 43614
2128, 0.6055, 43632
2129, 0.6059, 43650
2130, 0.6056, 43668
2131, 0.606, 43686
2132, 0.6059, 43704
2133, 0.6059, 43723
2134, 0.6056, 43740
2135, 0.6059, 43759
2136, 0.6057, 43777
2137, 0.6062, 43794
2138, 0.606, 43812
2139, 0.6062, 43831
2140, 0.6063, 43849
2141, 0.6065, 43866
2142, 0.6067, 43884
2143, 0.6067, 43902
2144, 0.6067, 43920
2145, 0.6071, 43938
2146, 0.6068, 43955
2147, 0.6072, 43973
2148, 0.6072, 43991
2149, 0.6071, 44009
2150, 0.6069, 44027
2151, 0.6071, 44045
2152, 0.6067, 44063
2153, 0.6067, 44081
2154, 0.607, 44099
2155, 0.6072, 44117
2156, 0.6069, 44136
2157, 0.607, 44153
2158, 0.6064, 44171
2159, 0.6074, 44189
2160, 0.6069, 44207
2161, 0.607, 44225
2162, 0.6069, 44243
2163, 0.6072, 44261
2164, 0.6068, 44279
2165, 0.6072, 44298
2166, 0.607, 44316
2167, 0.607, 44335
2168, 0.6068, 44353
2169, 0.6073, 44371
2170, 0.6073, 44389
2171, 0.6072, 44407
2172, 0.607, 44424
2173, 0.6069, 44442
2174, 0.6071, 44460
2175, 0.6072, 44478
2176, 0.6072, 44497
2177, 0.607, 44515
2178, 0.6071, 44533
2179, 0.6071, 44551
2180, 0.6069, 44569
2181, 0.6068, 44587
2182, 0.6066, 44605
2183, 0.6066, 44622
2184, 0.6064, 44640
2185, 0.6065, 44658
2186, 0.6065, 44676
2187, 0.6068, 44694
2188, 0.6065, 44713
2189, 0.6067, 44731
2190, 0.6065, 44748
2191, 0.6066, 44766
2192, 0.6064, 44784
2193, 0.6067, 44802
2194, 0.6065, 44820
2195, 0.6065, 44837
2196, 0.6064, 44855
2197, 0.6067, 44873
2198, 0.6065, 44891
2199, 0.6065, 44909
2200, 0.6064, 44927
2201, 0.6067, 44945
2202, 0.6065, 44963
2203, 0.6067, 44981
2204, 0.6068, 44999
2205, 0.6071, 45017
2206, 0.6072, 45035
2207, 0.607, 45053
2208, 0.6072, 45071
2209, 0.6068, 45089
2210, 0.6069, 45108
2211, 0.6073, 45125
2212, 0.607, 45143
2213, 0.6073, 45161
2214, 0.6071, 45179
2215, 0.6077, 45197
2216, 0.6076, 45215
2217, 0.6077, 45233
2218, 0.6076, 45251
2219, 0.6079, 45269
2220, 0.6076, 45287
2221, 0.6081, 45305
2222, 0.6078, 45323
2223, 0.608, 45341
2224, 0.6079, 45359
2225, 0.608, 45377
2226, 0.6081, 45395
2227, 0.6078, 45413
2228, 0.6077, 45431
2229, 0.6077, 45449
2230, 0.6074, 45467
2231, 0.6075, 45485
2232, 0.6076, 45503
2233, 0.6074, 45521
2234, 0.6074, 45539
2235, 0.6075, 45557
2236, 0.6073, 45575
2237, 0.6073, 45593
2238, 0.607, 45611
2239, 0.6074, 45629
2240, 0.6072, 45647
2241, 0.6076, 45665
2242, 0.6075, 45683
2243, 0.608, 45701
2244, 0.6079, 45720
2245, 0.6083, 45737
2246, 0.6082, 45755
2247, 0.608, 45773
2248, 0.6082, 45791
2249, 0.6082, 45809
2250, 0.6085, 45828
2251, 0.6084, 45846
2252, 0.6084, 45863
2253, 0.6089, 45881
2254, 0.6086, 45899
2255, 0.609, 45917
2256, 0.6088, 45935
2257, 0.6092, 45953
2258, 0.6091, 45972
2259, 0.6093, 45989
2260, 0.6087, 46007
2261, 0.6091, 46025
2262, 0.6089, 46043
2263, 0.6091, 46061
2264, 0.6092, 46080
2265, 0.6091, 46097
2266, 0.6091, 46115
2267, 0.6088, 46133
2268, 0.6089, 46152
2269, 0.6088, 46169
2270, 0.6093, 46187
2271, 0.6089, 46205
2272, 0.6086, 46223
2273, 0.6087, 46241
2274, 0.609, 46259
2275, 0.6088, 46277
2276, 0.6086, 46295
2277, 0.609, 46313
2278, 0.6089, 46331
2279, 0.6086, 46349
2280, 0.6089, 46367
2281, 0.6086, 46385
2282, 0.6092, 46403
2283, 0.6088, 46420
2284, 0.6088, 46438
2285, 0.6086, 46456
2286, 0.6088, 46474
2287, 0.6086, 46492
2288, 0.6089, 46510
2289, 0.6085, 46528
2290, 0.6084, 46545
2291, 0.6084, 46564
2292, 0.6087, 46582
2293, 0.608, 46600
2294, 0.6085, 46618
2295, 0.6083, 46636
2296, 0.6085, 46654
2297, 0.6081, 46671
2298, 0.6083, 46689
2299, 0.6082, 46708
2300, 0.6085, 46725
2301, 0.6083, 46743
2302, 0.6084, 46761
2303, 0.6086, 46779
2304, 0.6084, 46797
2305, 0.6089, 46814
2306, 0.6089, 46832
2307, 0.6088, 46850
2308, 0.6089, 46868
2309, 0.609, 46886
2310, 0.6094, 46904
2311, 0.6093, 46922
2312, 0.6095, 46940
2313, 0.6092, 46958
2314, 0.6092, 46976
2315, 0.6093, 46994
2316, 0.6089, 47013
2317, 0.609, 47031
2318, 0.6085, 47049
2319, 0.6088, 47067
2320, 0.6085, 47085
2321, 0.6087, 47103
2322, 0.6083, 47121
2323, 0.6089, 47139
2324, 0.6086, 47157
2325, 0.6086, 47175
2326, 0.6087, 47193
2327, 0.6087, 47211
2328, 0.6086, 47229
2329, 0.609, 47248
2330, 0.6088, 47266
2331, 0.6088, 47284
2332, 0.6087, 47302
2333, 0.6086, 47320
2334, 0.6091, 47338
2335, 0.6088, 47356
2336, 0.609, 47374
2337, 0.6085, 47392
2338, 0.6091, 47410
2339, 0.6086, 47428
2340, 0.609, 47447
2341, 0.6086, 47465
2342, 0.6088, 47483
2343, 0.609, 47501
2344, 0.6087, 47519
2345, 0.6084, 47537
2346, 0.6082, 47555
2347, 0.6087, 47573
2348, 0.6086, 47591
2349, 0.6087, 47610
2350, 0.6088, 47628
2351, 0.6088, 47646
2352, 0.6089, 47663
2353, 0.6087, 47681
2354, 0.6092, 47699
2355, 0.609, 47717
2356, 0.6091, 47735
2357, 0.6092, 47753
2358, 0.6096, 47771
2359, 0.6095, 47788
2360, 0.6093, 47806
2361, 0.6091, 47824
2362, 0.6094, 47842
2363, 0.6094, 47860
2364, 0.6094, 47878
2365, 0.6091, 47896
2366, 0.6091, 47914
2367, 0.609, 47931
2368, 0.6095, 47949
2369, 0.609, 47967
2370, 0.6094, 47986
2371, 0.609, 48003
2372, 0.6091, 48022
2373, 0.6092, 48040
2374, 0.6092, 48058
2375, 0.6095, 48076
2376, 0.6091, 48094
2377, 0.6093, 48112
2378, 0.609, 48130
2379, 0.609, 48148
2380, 0.6093, 48166
2381, 0.6089, 48184
2382, 0.6091, 48202
2383, 0.609, 48220
2384, 0.6092, 48238
2385, 0.6093, 48256
2386, 0.609, 48274
2387, 0.6092, 48293
2388, 0.6088, 48311
2389, 0.609, 48329
2390, 0.609, 48347
2391, 0.6089, 48365
2392, 0.609, 48383
2393, 0.6089, 48401
2394, 0.6086, 48418
2395, 0.6091, 48436
2396, 0.6086, 48454
2397, 0.6091, 48473
2398, 0.6089, 48491
2399, 0.6093, 48509
2400, 0.609, 48527
2401, 0.6091, 48544
2402, 0.6094, 48563
2403, 0.609, 48581
2404, 0.6092, 48598
2405, 0.6093, 48616
2406, 0.6092, 48634
2407, 0.6094, 48652
2408, 0.6091, 48670
2409, 0.6092, 48688
2410, 0.6091, 48706
2411, 0.609, 48724
2412, 0.6091, 48742
2413, 0.6089, 48760
2414, 0.6089, 48778
2415, 0.609, 48796
2416, 0.609, 48814
2417, 0.6092, 48832
2418, 0.6089, 48850
2419, 0.6091, 48868
2420, 0.6094, 48886
2421, 0.6089, 48904
2422, 0.6094, 48922
2423, 0.6088, 48940
2424, 0.6093, 48959
2425, 0.6087, 48977
2426, 0.6091, 48995
2427, 0.6091, 49013
2428, 0.609, 49031
2429, 0.6091, 49049
2430, 0.6092, 49067
2431, 0.6089, 49085
2432, 0.6095, 49103
2433, 0.6093, 49122
2434, 0.6096, 49139
2435, 0.6095, 49157
2436, 0.6097, 49175
2437, 0.6094, 49193
2438, 0.6096, 49211
2439, 0.6093, 49230
2440, 0.6099, 49247
2441, 0.6097, 49265
2442, 0.6098, 49283
2443, 0.6097, 49301
2444, 0.6099, 49319
2445, 0.61, 49337
2446, 0.61, 49355
2447, 0.6099, 49373
2448, 0.6097, 49391
2449, 0.6101, 49409
2450, 0.6098, 49427
2451, 0.6102, 49445
2452, 0.6097, 49464
2453, 0.6096, 49481
2454, 0.6097, 49499
2455, 0.6097, 49517
2456, 0.6099, 49536
2457, 0.6096, 49554
2458, 0.6097, 49571
2459, 0.6098, 49590
2460, 0.6099, 49608
2461, 0.6102, 49625
2462, 0.6104, 49643
2463, 0.6103, 49661
2464, 0.6105, 49678
2465, 0.6107, 49697
2466, 0.6105, 49714
2467, 0.611, 49732
2468, 0.6106, 49750
2469, 0.611, 49768
2470, 0.6106, 49786
2471, 0.6109, 49804
2472, 0.6108, 49822
2473, 0.6112, 49840
2474, 0.6111, 49857
2475, 0.611, 49875
2476, 0.6107, 49894
2477, 0.6109, 49911
2478, 0.6108, 49929
2479, 0.6114, 49947
2480, 0.611, 49965
2481, 0.6114, 49983
2482, 0.6112, 50001
2483, 0.6116, 50019
2484, 0.6112, 50037
2485, 0.6113, 50055
2486, 0.6119, 50073
2487, 0.6115, 50091
2488, 0.6117, 50109
2489, 0.6113, 50127
2490, 0.6118, 50144
2491, 0.6119, 50163
2492, 0.612, 50180
2493, 0.612, 50198
2494, 0.6124, 50217
2495, 0.6119, 50235
2496, 0.6121, 50253
2497, 0.6123, 50271
2498, 0.6119, 50289
2499, 0.6124, 50306
2500, 0.6118, 50324
2501, 0.612, 50342
2502, 0.612, 50360
2503, 0.6118, 50378
2504, 0.6119, 50396
2505, 0.6118, 50415
2506, 0.6119, 50433
2507, 0.6114, 50451
2508, 0.6118, 50468
2509, 0.6116, 50486
2510, 0.6115, 50505
2511, 0.6116, 50523
2512, 0.6115, 50540
2513, 0.612, 50558
2514, 0.6117, 50576
2515, 0.6115, 50594
2516, 0.6117, 50612
2517, 0.6119, 50630
2518, 0.6117, 50648
2519, 0.612, 50666
2520, 0.6118, 50684
2521, 0.6117, 50702
2522, 0.6114, 50720
2523, 0.6114, 50737
2524, 0.6114, 50755
2525, 0.6113, 50773
2526, 0.6114, 50791
2527, 0.6116, 50809
2528, 0.6115, 50827
2529, 0.6113, 50845
2530, 0.6117, 50863
2531, 0.6115, 50881
2532, 0.6116, 50899
2533, 0.6115, 50918
2534, 0.6116, 50935
2535, 0.6119, 50954
2536, 0.6113, 50972
2537, 0.6114, 50990
2538, 0.6111, 51008
2539, 0.6112, 51025
2540, 0.611, 51043
2541, 0.6111, 51061
2542, 0.6114, 51079
2543, 0.6112, 51097
2544, 0.6115, 51115
2545, 0.6116, 51133
2546, 0.6114, 51151
2547, 0.6114, 51169
2548, 0.6114, 51187
2549, 0.6112, 51204
2550, 0.6107, 51223
2551, 0.6109, 51241
2552, 0.6107, 51259
2553, 0.6109, 51277
2554, 0.6106, 51295
2555, 0.6114, 51312
2556, 0.6108, 51331
2557, 0.6112, 51349
2558, 0.611, 51367
2559, 0.6109, 51385
2560, 0.6111, 51403
2561, 0.6108, 51421
2562, 0.6108, 51439
2563, 0.611, 51457
2564, 0.611, 51475
2565, 0.6114, 51493
2566, 0.6111, 51511
2567, 0.6114, 51529
2568, 0.6109, 51547
2569, 0.6114, 51565
2570, 0.6108, 51584
2571, 0.6111, 51602
2572, 0.6109, 51620
2573, 0.6111, 51638
2574, 0.6112, 51656
2575, 0.6115, 51674
2576, 0.6111, 51692
2577, 0.6114, 51710
2578, 0.6108, 51728
2579, 0.6116, 51746
2580, 0.6107, 51764
2581, 0.6114, 51782
2582, 0.6106, 51800
2583, 0.6117, 51819
2584, 0.611, 51836
2585, 0.6116, 51855
2586, 0.6109, 51873
2587, 0.6117, 51891
2588, 0.6113, 51909
2589, 0.6117, 51927
2590, 0.6112, 51945
2591, 0.6113, 51963
2592, 0.6117, 51981
2593, 0.6115, 51999
2594, 0.6118, 52017
2595, 0.6115, 52035
2596, 0.6116, 52053
2597, 0.6116, 52071
2598, 0.6118, 52089
2599, 0.6116, 52107
2600, 0.6116, 52125
2601, 0.6114, 52143
2602, 0.6113, 52161
2603, 0.6112, 52178
2604, 0.6118, 52196
2605, 0.6115, 52215
2606, 0.6118, 52233
2607, 0.6112, 52251
2608, 0.6119, 52269
2609, 0.6116, 52287
2610, 0.6119, 52305
2611, 0.6116, 52323
2612, 0.612, 52341
2613, 0.6119, 52358
2614, 0.6121, 52376
2615, 0.612, 52394
2616, 0.6124, 52412
2617, 0.612, 52430
2618, 0.6125, 52448
2619, 0.6122, 52466
2620, 0.6123, 52484
2621, 0.612, 52503
2622, 0.612, 52521
2623, 0.6116, 52539
2624, 0.6118, 52557
2625, 0.6117, 52575
2626, 0.6119, 52593
2627, 0.6119, 52612
2628, 0.6118, 52630
2629, 0.6116, 52647
2630, 0.6119, 52665
2631, 0.6116, 52683
2632, 0.6114, 52702
2633, 0.6111, 52720
2634, 0.6116, 52738
2635, 0.6115, 52756
2636, 0.6115, 52773
2637, 0.6109, 52791
2638, 0.6114, 52809
2639, 0.6112, 52827
2640, 0.6114, 52845
2641, 0.6111, 52863
2642, 0.6111, 52881
2643, 0.6107, 52898
2644, 0.6105, 52916
2645, 0.6104, 52934
2646, 0.6106, 52951
2647, 0.6103, 52970
2648, 0.6106, 52988
2649, 0.6103, 53006
2650, 0.6104, 53023
2651, 0.6108, 53042
2652, 0.6104, 53060
2653, 0.6106, 53078
2654, 0.6103, 53096
2655, 0.6103, 53114
2656, 0.61, 53132
2657, 0.6098, 53150
2658, 0.61, 53168
2659, 0.6095, 53186
2660, 0.6097, 53204
2661, 0.6096, 53222
2662, 0.6097, 53240
2663, 0.6097, 53258
2664, 0.6095, 53276
2665, 0.6101, 53294
2666, 0.6095, 53312
2667, 0.6099, 53330
2668, 0.6097, 53348
2669, 0.6099, 53366
2670, 0.6093, 53384
2671, 0.6099, 53402
2672, 0.6098, 53420
2673, 0.6092, 53438
2674, 0.6094, 53456
2675, 0.6091, 53474
2676, 0.6094, 53492
2677, 0.6092, 53510
2678, 0.6092, 53528
2679, 0.6092, 53546
2680, 0.6089, 53564
2681, 0.6089, 53582
2682, 0.609, 53600
2683, 0.6092, 53618
2684, 0.6093, 53636
2685, 0.6094, 53654
2686, 0.6094, 53672
2687, 0.6094, 53690
2688, 0.6091, 53708
2689, 0.6093, 53727
2690, 0.6091, 53745
2691, 0.6089, 53763
2692, 0.6087, 53781
2693, 0.6091, 53799
2694, 0.6088, 53817
2695, 0.6091, 53835
2696, 0.6088, 53853
2697, 0.6092, 53872
2698, 0.6089, 53890
2699, 0.6089, 53908
2700, 0.6088, 53926
2701, 0.6092, 53944
2702, 0.6092, 53961
2703, 0.6094, 53979
2704, 0.6091, 53997
2705, 0.609, 54015
2706, 0.6091, 54033
2707, 0.609, 54051
2708, 0.6088, 54069
2709, 0.6089, 54087
2710, 0.6088, 54105
2711, 0.609, 54123
2712, 0.6092, 54140
2713, 0.6087, 54158
2714, 0.609, 54176
2715, 0.609, 54194
2716, 0.6088, 54213
2717, 0.6092, 54231
2718, 0.609, 54249
2719, 0.6093, 54267
2720, 0.6094, 54285
2721, 0.6091, 54303
2722, 0.6094, 54320
2723, 0.6092, 54338
2724, 0.6094, 54356
2725, 0.6091, 54374
2726, 0.6094, 54393
2727, 0.6095, 54410
2728, 0.6096, 54428
2729, 0.6098, 54446
2730, 0.6096, 54464
2731, 0.6099, 54482
2732, 0.6094, 54500
2733, 0.61, 54518
2734, 0.6099, 54536
2735, 0.6099, 54554
2736, 0.6096, 54572
2737, 0.6097, 54590
2738, 0.6096, 54608
2739, 0.6097, 54626
2740, 0.6096, 54644
2741, 0.6097, 54662
2742, 0.6096, 54680
2743, 0.6093, 54698
2744, 0.6099, 54716
2745, 0.6093, 54734
2746, 0.6096, 54752
2747, 0.6093, 54770
2748, 0.6098, 54788
2749, 0.6091, 54807
2750, 0.6091, 54824
2751, 0.6087, 54842
2752, 0.6092, 54860
2753, 0.6088, 54879
2754, 0.6093, 54897
2755, 0.6091, 54915
2756, 0.6091, 54933
2757, 0.6089, 54952
2758, 0.6091, 54970
2759, 0.6092, 54988
2760, 0.6093, 55006
2761, 0.6089, 55024
2762, 0.6095, 55043
2763, 0.6087, 55061
2764, 0.6094, 55079
2765, 0.609, 55097
2766, 0.6093, 55115
2767, 0.6095, 55133
2768, 0.6092, 55151
2769, 0.6089, 55169
2770, 0.6091, 55187
2771, 0.6095, 55206
2772, 0.6089, 55224
2773, 0.609, 55241
2774, 0.6086, 55259
2775, 0.6087, 55277
2776, 0.6088, 55295
2777, 0.6089, 55313
2778, 0.6091, 55331
2779, 0.6089, 55349
2780, 0.6091, 55367
2781, 0.6089, 55386
2782, 0.6089, 55404
2783, 0.6087, 55422
2784, 0.6092, 55440
2785, 0.609, 55458
2786, 0.6092, 55477
2787, 0.609, 55494
2788, 0.6094, 55512
2789, 0.6089, 55530
2790, 0.609, 55548
2791, 0.6086, 55566
2792, 0.6088, 55584
2793, 0.609, 55603
2794, 0.609, 55621
2795, 0.6087, 55639
2796, 0.6085, 55657
2797, 0.6087, 55675
2798, 0.6084, 55693
2799, 0.6089, 55711
2800, 0.6087, 55729
2801, 0.6086, 55747
2802, 0.6087, 55765
2803, 0.6084, 55783
2804, 0.6087, 55801
2805, 0.6077, 55820
2806, 0.6085, 55838
2807, 0.6083, 55856
2808, 0.6083, 55874
2809, 0.6083, 55892
2810, 0.6083, 55910
2811, 0.6081, 55928
2812, 0.6083, 55947
2813, 0.6086, 55965
2814, 0.608, 55983
2815, 0.6086, 56001
2816, 0.6083, 56019
2817, 0.6083, 56037
2818, 0.6083, 56055
2819, 0.6079, 56073
2820, 0.6083, 56091
2821, 0.6079, 56109
2822, 0.6081, 56127
2823, 0.6079, 56145
2824, 0.608, 56162
2825, 0.6081, 56181
2826, 0.6081, 56198
2827, 0.6083, 56217
2828, 0.6078, 56234
2829, 0.6083, 56252
2830, 0.6079, 56270
2831, 0.6085, 56288
2832, 0.6084, 56307
2833, 0.6085, 56325
2834, 0.6081, 56343
2835, 0.6084, 56361
2836, 0.608, 56379
2837, 0.6086, 56397
2838, 0.6085, 56415
2839, 0.6083, 56433
2840, 0.6085, 56451
2841, 0.6084, 56469
2842, 0.6083, 56487
2843, 0.6086, 56506
2844, 0.6084, 56524
2845, 0.6083, 56542
2846, 0.6085, 56560
2847, 0.6083, 56578
2848, 0.6085, 56596
2849, 0.6083, 56614
2850, 0.6086, 56632
2851, 0.6084, 56650
2852, 0.6085, 56668
2853, 0.6084, 56686
2854, 0.6089, 56705
2855, 0.6085, 56723
2856, 0.6085, 56741
2857, 0.6085, 56759
2858, 0.6087, 56777
2859, 0.6086, 56795
2860, 0.609, 56812
2861, 0.6089, 56831
2862, 0.6087, 56849
2863, 0.6089, 56867
2864, 0.6086, 56884
2865, 0.6088, 56902
2866, 0.6084, 56920
2867, 0.6086, 56938
2868, 0.6086, 56957
2869, 0.6087, 56975
2870, 0.6088, 56994
2871, 0.6085, 57012
2872, 0.6088, 57030
2873, 0.6089, 57049
2874, 0.6091, 57067
2875, 0.6089, 57085
2876, 0.6091, 57104
2877, 0.6095, 57122
2878, 0.6087, 57140
2879, 0.6094, 57158
2880, 0.6089, 57175
2881, 0.6092, 57193
2882, 0.6093, 57212
2883, 0.609, 57230
2884, 0.6092, 57249
2885, 0.6092, 57267
2886, 0.6093, 57285
2887, 0.6089, 57303
2888, 0.6091, 57321
2889, 0.6092, 57338
2890, 0.6091, 57356
2891, 0.6093, 57375
2892, 0.609, 57392
2893, 0.6089, 57410
2894, 0.6089, 57429
2895, 0.6087, 57447
2896, 0.6085, 57465
2897, 0.6085, 57483
2898, 0.609, 57501
2899, 0.6087, 57519
2900, 0.6086, 57537
2901, 0.6087, 57555
2902, 0.6085, 57573
2903, 0.6084, 57591
2904, 0.6083, 57609
2905, 0.6083, 57627
2906, 0.6085, 57645
2907, 0.6084, 57664
2908, 0.6086, 57682
2909, 0.6083, 57700
2910, 0.6083, 57718
2911, 0.6083, 57737
2912, 0.6083, 57754
2913, 0.6085, 57772
2914, 0.6082, 57790
2915, 0.6082, 57809
2916, 0.6084, 57827
2917, 0.6084, 57845
2918, 0.6083, 57863
2919, 0.608, 57881
2920, 0.6081, 57899
2921, 0.6084, 57917
2922, 0.6084, 57935
2923, 0.6086, 57953
2924, 0.6085, 57971
2925, 0.6084, 57989
2926, 0.6083, 58007
2927, 0.6084, 58025
2928, 0.6081, 58043
2929, 0.6087, 58061
2930, 0.6081, 58079
2931, 0.608, 58097
2932, 0.6083, 58115
2933, 0.6085, 58133
2934, 0.608, 58151
2935, 0.6082, 58169
2936, 0.6083, 58187
2937, 0.6083, 58206
2938, 0.6081, 58223
2939, 0.6079, 58241
2940, 0.6078, 58259
2941, 0.6078, 58277
2942, 0.6076, 58294
2943, 0.6075, 58313
2944, 0.6075, 58331
2945, 0.607, 58349
2946, 0.6074, 58368
2947, 0.6071, 58386
2948, 0.6071, 58404
2949, 0.6072, 58422
2950, 0.6073, 58440
2951, 0.6069, 58458
2952, 0.6074, 58476
2953, 0.6071, 58493
2954, 0.6072, 58511
2955, 0.607, 58530
2956, 0.6073, 58548
2957, 0.6073, 58566
2958, 0.6071, 58585
2959, 0.6071, 58603
2960, 0.6071, 58621
2961, 0.6072, 58639
2962, 0.6071, 58657
2963, 0.607, 58675
2964, 0.6073, 58693
2965, 0.6073, 58712
2966, 0.608, 58730
2967, 0.6073, 58748
2968, 0.6075, 58766
2969, 0.6073, 58784
2970, 0.607, 58802
2971, 0.607, 58820
2972, 0.6072, 58838
2973, 0.607, 58856
2974, 0.6074, 58874
2975, 0.6071, 58892
2976, 0.6073, 58910
2977, 0.607, 58928
2978, 0.6073, 58946
2979, 0.6067, 58964
2980, 0.6075, 58982
2981, 0.6066, 59000
2982, 0.6073, 59019
2983, 0.6067, 59037
2984, 0.6077, 59055
2985, 0.6071, 59073
2986, 0.6079, 59091
2987, 0.6071, 59109
2988, 0.6075, 59127
2989, 0.6079, 59145
2990, 0.6078, 59163
2991, 0.6075, 59181
2992, 0.6076, 59199
2993, 0.6077, 59217
2994, 0.6078, 59235
2995, 0.6075, 59253
2996, 0.6076, 59271
2997, 0.6079, 59289
2998, 0.6082, 59308
2999, 0.6079, 59326
3000, 0.6084, 59344
3001, 0.6082, 59363
3002, 0.6085, 59381
3003, 0.6085, 59399
3004, 0.6087, 59417
3005, 0.6085, 59435
3006, 0.6087, 59453
3007, 0.6085, 59471
3008, 0.6087, 59489
3009, 0.6084, 59507
3010, 0.6084, 59526
3011, 0.6086, 59544
3012, 0.6086, 59561
3013, 0.6083, 59580
3014, 0.6083, 59598
3015, 0.608, 59616
3016, 0.6078, 59634
3017, 0.6082, 59652
3018, 0.6081, 59670
3019, 0.6081, 59688
3020, 0.6082, 59706
3021, 0.608, 59724
3022, 0.6078, 59742
3023, 0.6077, 59763
3024, 0.608, 59782
3025, 0.6074, 59800
3026, 0.6075, 59818
3027, 0.6077, 59836
3028, 0.6079, 59854
3029, 0.6077, 59872
3030, 0.6075, 59890
3031, 0.6076, 59908
3032, 0.6074, 59926
3033, 0.6075, 59944
3034, 0.6073, 59962
3035, 0.6074, 59980
3036, 0.6072, 59998
3037, 0.6071, 60016
3038, 0.6067, 60034
3039, 0.607, 60052
3040, 0.6068, 60070
3041, 0.6069, 60088
3042, 0.6065, 60107
3043, 0.6065, 60125
3044, 0.6065, 60143
3045, 0.6063, 60161
3046, 0.607, 60179
3047, 0.6062, 60197
3048, 0.6067, 60215
3049, 0.6059, 60232
3050, 0.6065, 60250
3051, 0.6059, 60268
3052, 0.6063, 60287
3053, 0.6057, 60305
3054, 0.6056, 60323
3055, 0.6057, 60341
3056, 0.606, 60359
3057, 0.6054, 60378
3058, 0.6059, 60396
3059, 0.6055, 60415
3060, 0.6058, 60433
3061, 0.6054, 60451
3062, 0.6057, 60469
3063, 0.6052, 60487
3064, 0.6056, 60506
3065, 0.6047, 60524
3066, 0.6056, 60542
3067, 0.6049, 60560
3068, 0.6051, 60578
3069, 0.6044, 60596
3070, 0.6052, 60614
3071, 0.6046, 60632
3072, 0.6049, 60651
3073, 0.6046, 60669
3074, 0.6046, 60687
3075, 0.6049, 60705
3076, 0.6049, 60723
3077, 0.6048, 60741
3078, 0.6049, 60759
3079, 0.6046, 60777
3080, 0.6047, 60795
3081, 0.6046, 60814
3082, 0.6049, 60832
3083, 0.6046, 60850
3084, 0.6047, 60868
3085, 0.6045, 60887
3086, 0.6049, 60905
3087, 0.6046, 60923
3088, 0.6046, 60942
3089, 0.6046, 60960
3090, 0.6047, 60978
3091, 0.6047, 60996
3092, 0.6047, 61014
3093, 0.6044, 61032
3094, 0.6049, 61050
3095, 0.6046, 61068
3096, 0.605, 61086
3097, 0.6048, 61104
3098, 0.6053, 61122
3099, 0.6047, 61141
3100, 0.6052, 61159
3101, 0.6047, 61177
3102, 0.6053, 61195
3103, 0.6047, 61213
3104, 0.6053, 61231
3105, 0.6046, 61249
3106, 0.6052, 61267
3107, 0.6046, 61285
3108, 0.6054, 61303
3109, 0.6049, 61321
3110, 0.6055, 61339
3111, 0.6046, 61357
3112, 0.6048, 61375
3113, 0.6047, 61393
3114, 0.6047, 61411
3115, 0.6044, 61428
3116, 0.6044, 61447
3117, 0.6047, 61464
3118, 0.6044, 61483
3119, 0.6048, 61501
3120, 0.6046, 61519
3121, 0.6049, 61537
3122, 0.6046, 61555
3123, 0.6045, 61573
3124, 0.6047, 61591
3125, 0.6046, 61609
3126, 0.6048, 61627
3127, 0.6046, 61645
3128, 0.605, 61663
3129, 0.6049, 61681
3130, 0.6047, 61699
3131, 0.6047, 61717
3132, 0.6044, 61736
3133, 0.6046, 61753
3134, 0.6041, 61771
3135, 0.6047, 61789
3136, 0.604, 61807
3137, 0.6045, 61825
3138, 0.6044, 61843
3139, 0.6045, 61861
3140, 0.604, 61879
3141, 0.6044, 61897
3142, 0.604, 61915
3143, 0.6043, 61933
3144, 0.6041, 61951
3145, 0.6042, 61970
3146, 0.6044, 61988
3147, 0.6045, 62006
3148, 0.6043, 62024
3149, 0.6045, 62042
3150, 0.6043, 62060
3151, 0.6044, 62078
3152, 0.6043, 62096
3153, 0.6041, 62114
3154, 0.6043, 62133
3155, 0.6041, 62151
3156, 0.6041, 62169
3157, 0.6042, 62187
3158, 0.6041, 62205
3159, 0.6043, 62223
3160, 0.6036, 62241
3161, 0.6044, 62259
3162, 0.6039, 62277
3163, 0.6046, 62295
3164, 0.6036, 62314
3165, 0.6046, 62332
3166, 0.6039, 62350
3167, 0.6045, 62368
3168, 0.6036, 62386
3169, 0.6044, 62404
3170, 0.6037, 62422
3171, 0.6047, 62440
3172, 0.6037, 62458
3173, 0.6046, 62476
3174, 0.6041, 62494
3175, 0.6048, 62512
3176, 0.6045, 62531
3177, 0.6049, 62548
3178, 0.6041, 62566
3179, 0.6046, 62585
3180, 0.6042, 62603
3181, 0.6048, 62621
3182, 0.6042, 62639
3183, 0.6044, 62657
3184, 0.6043, 62675
3185, 0.6045, 62693
3186, 0.6045, 62711
3187, 0.6043, 62729
3188, 0.6041, 62747
3189, 0.6046, 62765
3190, 0.6041, 62783
3191, 0.6044, 62801
3192, 0.6042, 62819
3193, 0.604, 62837
3194, 0.6042, 62855
3195, 0.6038, 62873
3196, 0.6041, 62891
3197, 0.6039, 62909
3198, 0.6043, 62927
3199, 0.6042, 62945
3200, 0.6045, 62963
3201, 0.6041, 62982
3202, 0.6042, 63000
3203, 0.6038, 63017
3204, 0.6041, 63036
3205, 0.6037, 63053
3206, 0.6038, 63071
3207, 0.6035, 63089
3208, 0.6036, 63107
3209, 0.6036, 63125
3210, 0.6039, 63143
3211, 0.6038, 63160
3212, 0.6037, 63178
3213, 0.6035, 63196
3214, 0.6036, 63214
3215, 0.6032, 63232
3216, 0.6033, 63250
3217, 0.6029, 63268
3218, 0.6037, 63286
3219, 0.6029, 63304
3220, 0.6035, 63322
3221, 0.6033, 63340
3222, 0.6034, 63358
3223, 0.6039, 63376
3224, 0.6038, 63394
3225, 0.6031, 63412
3226, 0.6041, 63430
3227, 0.6035, 63448
3228, 0.604, 63467
3229, 0.6033, 63484
3230, 0.6039, 63503
3231, 0.603, 63521
3232, 0.6038, 63539
3233, 0.6033, 63557
3234, 0.6037, 63575
3235, 0.6032, 63593
3236, 0.6038, 63611
3237, 0.6032, 63629
3238, 0.604, 63646
3239, 0.6031, 63664
3240, 0.6038, 63682
3241, 0.6029, 63700
3242, 0.6035, 63718
3243, 0.6027, 63736
3244, 0.6037, 63754
3245, 0.6028, 63772
3246, 0.6036, 63790
3247, 0.603, 63808
3248, 0.6038, 63827
3249, 0.6028, 63844
3250, 0.6033, 63862
3251, 0.6028, 63881
3252, 0.6033, 63899
3253, 0.6025, 63917
3254, 0.6029, 63934
3255, 0.6027, 63952
3256, 0.6034, 63970
3257, 0.6029, 63988
3258, 0.603, 64007
3259, 0.6028, 64025
3260, 0.603, 64043
3261, 0.6028, 64061
3262, 0.6028, 64079
3263, 0.6028, 64098
3264, 0.603, 64116
3265, 0.6024, 64135
3266, 0.6028, 64152
3267, 0.6021, 64170
3268, 0.6026, 64188
3269, 0.6023, 64206
3270, 0.6026, 64224
3271, 0.6022, 64242
3272, 0.6027, 64260
3273, 0.6019, 64278
3274, 0.6028, 64295
3275, 0.6022, 64313
3276, 0.6028, 64331
3277, 0.6021, 64350
3278, 0.603, 64368
3279, 0.6022, 64386
3280, 0.6031, 64404
3281, 0.6023, 64421
3282, 0.603, 64440
3283, 0.603, 64457
3284, 0.6031, 64475
3285, 0.6024, 64493
3286, 0.6029, 64511
3287, 0.6026, 64529
3288, 0.6031, 64547
3289, 0.6023, 64564
3290, 0.6028, 64582
3291, 0.6025, 64600
3292, 0.6029, 64618
3293, 0.6023, 64636
3294, 0.6027, 64654
3295, 0.6024, 64672
3296, 0.6029, 64690
3297, 0.6026, 64708
3298, 0.6028, 64726
3299, 0.6024, 64744
3300, 0.603, 64762
3301, 0.6025, 64780
3302, 0.6029, 64798
3303, 0.6024, 64815
3304, 0.6033, 64834
3305, 0.6026, 64852
3306, 0.6033, 64870
3307, 0.6026, 64888
3308, 0.6029, 64906
3309, 0.6019, 64924
3310, 0.6027, 64942
3311, 0.6023, 64960
3312, 0.6029, 64978
3313, 0.602, 64996
3314, 0.6027, 65014
3315, 0.6024, 65032
3316, 0.6025, 65050
3317, 0.602, 65068
3318, 0.6026, 65086
3319, 0.602, 65104
3320, 0.6025, 65122
3321, 0.6019, 65140
3322, 0.6026, 65158
3323, 0.6017, 65176
3324, 0.6022, 65194
3325, 0.6017, 65212
3326, 0.6022, 65230
3327, 0.6019, 65249
3328, 0.6022, 65267
3329, 0.6016, 65285
3330, 0.6029, 65303
3331, 0.6017, 65321
3332, 0.6025, 65339
3333, 0.6021, 65357
3334, 0.6027, 65375
3335, 0.602, 65393
3336, 0.6023, 65411
3337, 0.6021, 65429
3338, 0.6028, 65447
3339, 0.6021, 65465
3340, 0.6025, 65483
3341, 0.6017, 65501
3342, 0.6022, 65519
3343, 0.6019, 65537
3344, 0.6024, 65555
3345, 0.6019, 65573
3346, 0.6022, 65591
3347, 0.6018, 65609
3348, 0.6023, 65627
3349, 0.6023, 65645
3350, 0.6022, 65663
3351, 0.602, 65680
3352, 0.6022, 65698
3353, 0.6017, 65717
3354, 0.6024, 65735
3355, 0.6022, 65753
3356, 0.6022, 65771
3357, 0.602, 65789
3358, 0.602, 65807
3359, 0.6023, 65825
3360, 0.6024, 65843
3361, 0.6019, 65861
3362, 0.6023, 65879
3363, 0.602, 65897
3364, 0.6024, 65915
3365, 0.6015, 65933
3366, 0.6024, 65951
3367, 0.6022, 65970
3368, 0.602, 65988
3369, 0.6017, 66006
3370, 0.6027, 66023
3371, 0.6018, 66041
3372, 0.6025, 66059
3373, 0.6015, 66077
3374, 0.6021, 66095
3375, 0.6017, 66113
3376, 0.6023, 66131
3377, 0.6015, 66149
3378, 0.6016, 66167
3379, 0.6011, 66185
3380, 0.6019, 66203
3381, 0.6016, 66221
3382, 0.602, 66239
3383, 0.6014, 66257
3384, 0.6016, 66276
3385, 0.6015, 66294
3386, 0.6023, 66311
3387, 0.6015, 66329
3388, 0.6014, 66347
3389, 0.6013, 66365
3390, 0.6018, 66383
3391, 0.6009, 66401
3392, 0.6016, 66419
3393, 0.6014, 66437
3394, 0.6016, 66455
3395, 0.6016, 66473
3396, 0.6018, 66491
3397, 0.6014, 66509
3398, 0.6017, 66526
3399, 0.6014, 66544
3400, 0.6019, 66562
3401, 0.6013, 66580
3402, 0.602, 66598
3403, 0.6017, 66616
3404, 0.602, 66634
3405, 0.6015, 66652
3406, 0.6018, 66671
3407, 0.6016, 66688
3408, 0.6021, 66706
3409, 0.6017, 66724
3410, 0.6017, 66742
3411, 0.6012, 66760
3412, 0.602, 66778
3413, 0.6018, 66796
3414, 0.6022, 66815
3415, 0.6015, 66833
3416, 0.6022, 66851
3417, 0.6019, 66869
3418, 0.6019, 66887
3419, 0.6019, 66905
3420, 0.6022, 66923
3421, 0.6019, 66941
3422, 0.602, 66959
3423, 0.6019, 66977
3424, 0.6025, 66995
3425, 0.6023, 67013
3426, 0.6021, 67031
3427, 0.602, 67049
3428, 0.6025, 67067
3429, 0.6026, 67085
3430, 0.6026, 67103
3431, 0.602, 67121
3432, 0.6028, 67139
3433, 0.6024, 67157
3434, 0.6026, 67175
3435, 0.602, 67193
3436, 0.6029, 67210
3437, 0.602, 67228
3438, 0.6029, 67246
3439, 0.6021, 67265
3440, 0.6025, 67282
3441, 0.6019, 67300
3442, 0.6024, 67319
3443, 0.6018, 67336
3444, 0.6025, 67355
3445, 0.6017, 67373
3446, 0.6021, 67391
3447, 0.6019, 67409
3448, 0.6023, 67427
3449, 0.602, 67445
3450, 0.6025, 67463
3451, 0.6022, 67481
3452, 0.6024, 67499
3453, 0.6025, 67517
3454, 0.6028, 67535
3455, 0.6023, 67553
3456, 0.6029, 67570
3457, 0.6024, 67588
3458, 0.6023, 67607
3459, 0.6026, 67625
3460, 0.6029, 67643
3461, 0.6029, 67661
3462, 0.6027, 67679
3463, 0.6028, 67696
3464, 0.6031, 67714
3465, 0.6031, 67733
3466, 0.6029, 67751
3467, 0.6031, 67769
3468, 0.6035, 67787
3469, 0.6028, 67805
3470, 0.6034, 67822
3471, 0.6029, 67841
3472, 0.6032, 67859
3473, 0.6029, 67877
3474, 0.603, 67895
3475, 0.603, 67913
3476, 0.6036, 67931
3477, 0.6033, 67949
3478, 0.603, 67967
3479, 0.6033, 67986
3480, 0.6036, 68004
3481, 0.6031, 68021
3482, 0.6039, 68039
3483, 0.6032, 68057
3484, 0.6037, 68076
3485, 0.6033, 68093
3486, 0.6034, 68111
3487, 0.6035, 68129
3488, 0.6041, 68147
3489, 0.6035, 68165
3490, 0.6038, 68183
3491, 0.6037, 68201
3492, 0.6042, 68219
3493, 0.6032, 68237
3494, 0.6038, 68255
3495, 0.6038, 68273
3496, 0.6042, 68291
3497, 0.6041, 68310
3498, 0.6042, 68327
3499, 0.604, 68346
3500, 0.6044, 68364
3501, 0.6041, 68382
3502, 0.6048, 68399
3503, 0.604, 68417
3504, 0.6044, 68435
3505, 0.6032, 68453
3506, 0.6044, 68471
3507, 0.6035, 68489
3508, 0.6041, 68507
3509, 0.6031, 68525
3510, 0.6038, 68543
3511, 0.6031, 68561
3512, 0.604, 68579
3513, 0.6032, 68597
3514, 0.6037, 68615
3515, 0.6032, 68633
3516, 0.604, 68651
3517, 0.6028, 68668
3518, 0.6031, 68687
3519, 0.6031, 68705
3520, 0.6042, 68723
3521, 0.6033, 68741
3522, 0.6038, 68759
3523, 0.6033, 68777
3524, 0.6036, 68795
3525, 0.6031, 68812
3526, 0.6033, 68831
3527, 0.6027, 68849
3528, 0.6036, 68867
3529, 0.6031, 68885
3530, 0.6035, 68903
3531, 0.6034, 68921
3532, 0.6033, 68939
3533, 0.6033, 68957
3534, 0.6036, 68975
3535, 0.6028, 68993
3536, 0.6037, 69011
3537, 0.6029, 69029
3538, 0.6032, 69047
3539, 0.6027, 69065
3540, 0.603, 69083
3541, 0.6026, 69101
3542, 0.6033, 69119
3543, 0.6029, 69137
3544, 0.6027, 69155
3545, 0.6028, 69173
3546, 0.6031, 69191
3547, 0.603, 69209
3548, 0.6031, 69227
3549, 0.6029, 69244
3550, 0.6029, 69262
3551, 0.6024, 69280
3552, 0.6027, 69298
3553, 0.6024, 69317
3554, 0.6029, 69335
3555, 0.6024, 69353
3556, 0.6027, 69370
3557, 0.6019, 69388
3558, 0.6021, 69406
3559, 0.6016, 69424
3560, 0.6021, 69442
3561, 0.6021, 69461
3562, 0.6019, 69478
3563, 0.6015, 69496
3564, 0.6021, 69514
3565, 0.6021, 69532
3566, 0.602, 69550
3567, 0.6021, 69568
3568, 0.6029, 69586
3569, 0.6027, 69604
3570, 0.6023, 69622
3571, 0.602, 69640
3572, 0.6028, 69658
3573, 0.6023, 69676
3574, 0.6026, 69694
3575, 0.6022, 69711
3576, 0.6029, 69729
3577, 0.602, 69747
3578, 0.6022, 69765
3579, 0.6017, 69784
3580, 0.6024, 69801
3581, 0.602, 69819
3582, 0.6021, 69837
3583, 0.6024, 69855
3584, 0.6018, 69873
3585, 0.602, 69891
3586, 0.6018, 69909
3587, 0.6023, 69927
3588, 0.6018, 69945
3589, 0.6021, 69963
3590, 0.6016, 69981
3591, 0.6017, 70000
3592, 0.6022, 70018
3593, 0.6018, 70036
3594, 0.6021, 70055
3595, 0.6024, 70073
3596, 0.6022, 70091
3597, 0.602, 70109
3598, 0.6022, 70128
3599, 0.6021, 70146
3600, 0.6022, 70164
3601, 0.6025, 70182
3602, 0.602, 70200
3603, 0.6024, 70218
3604, 0.6022, 70236
3605, 0.6025, 70254
3606, 0.6022, 70272
3607, 0.6029, 70290
3608, 0.6021, 70308
3609, 0.6024, 70326
3610, 0.6019, 70344
3611, 0.602, 70363
3612, 0.6023, 70381
3613, 0.6025, 70399
3614, 0.6017, 70417
3615, 0.6023, 70435
3616, 0.6021, 70453
3617, 0.6022, 70471
3618, 0.602, 70489
3619, 0.602, 70507
3620, 0.6017, 70525
3621, 0.6015, 70543
3622, 0.602, 70562
3623, 0.6017, 70580
3624, 0.6019, 70598
3625, 0.6022, 70616
3626, 0.602, 70634
3627, 0.602, 70652
3628, 0.6014, 70670
3629, 0.602, 70688
3630, 0.6014, 70706
3631, 0.6015, 70724
3632, 0.6016, 70742
3633, 0.6019, 70760
3634, 0.6013, 70778
3635, 0.6019, 70797
3636, 0.6019, 70815
3637, 0.6023, 70833
3638, 0.6014, 70851
3639, 0.6021, 70869
3640, 0.6017, 70887
3641, 0.6023, 70905
3642, 0.6014, 70923
3643, 0.6016, 70941
3644, 0.6016, 70959
3645, 0.602, 70976
3646, 0.6013, 70994
3647, 0.6017, 71012
3648, 0.6016, 71030
3649, 0.6015, 71048
3650, 0.6019, 71066
3651, 0.6018, 71084
3652, 0.6016, 71102
3653, 0.6013, 71120
3654, 0.6018, 71138
3655, 0.6015, 71156
3656, 0.6016, 71174
3657, 0.6018, 71192
3658, 0.6012, 71210
3659, 0.6017, 71228
3660, 0.6015, 71246
3661, 0.6015, 71264
3662, 0.6009, 71282
3663, 0.6015, 71300
3664, 0.601, 71318
3665, 0.6013, 71336
3666, 0.6011, 71354
3667, 0.6016, 71372
3668, 0.6009, 71390
3669, 0.6014, 71408
3670, 0.6009, 71427
3671, 0.6021, 71445
3672, 0.6011, 71463
3673, 0.6021, 71481
3674, 0.6007, 71499
3675, 0.602, 71517
3676, 0.6016, 71536
3677, 0.602, 71554
3678, 0.601, 71572
3679, 0.602, 71590
3680, 0.601, 71608
3681, 0.6021, 71627
3682, 0.6014, 71645
3683, 0.6016, 71663
3684, 0.6015, 71681
3685, 0.602, 71699
3686, 0.6013, 71717
3687, 0.6016, 71735
3688, 0.6014, 71753
3689, 0.6017, 71771
3690, 0.6013, 71789
3691, 0.6015, 71807
3692, 0.6017, 71825
3693, 0.6015, 71843
3694, 0.6016, 71861
3695, 0.6015, 71879
3696, 0.6018, 71897
3697, 0.6016, 71915
3698, 0.6014, 71933
3699, 0.6016, 71951
3700, 0.6013, 71970
3701, 0.6015, 71988
3702, 0.6013, 72006
3703, 0.6014, 72024
3704, 0.6015, 72042
3705, 0.6013, 72060
3706, 0.6012, 72078
3707, 0.6012, 72096
3708, 0.6008, 72114
3709, 0.6011, 72132
3710, 0.601, 72151
3711, 0.6015, 72168
3712, 0.6006, 72186
3713, 0.6011, 72204
3714, 0.6004, 72222
3715, 0.6015, 72240
3716, 0.6011, 72259
3717, 0.6014, 72277
3718, 0.6012, 72295
3719, 0.6016, 72313
3720, 0.6014, 72332
3721, 0.6017, 72350
3722, 0.6009, 72368
3723, 0.6018, 72386
3724, 0.6007, 72404
3725, 0.6012, 72422
3726, 0.6009, 72440
3727, 0.6017, 72458
3728, 0.6004, 72476
3729, 0.6017, 72493
3730, 0.6008, 72512
3731, 0.6014, 72530
3732, 0.6001, 72548
3733, 0.6014, 72565
3734, 0.6004, 72583
3735, 0.6011, 72601
3736, 0.6002, 72619
3737, 0.6008, 72637
3738, 0.6002, 72655
3739, 0.6005, 72673
3740, 0.5997, 72691
3741, 0.6005, 72709
3742, 0.5996, 72727
3743, 0.6004, 72745
3744, 0.5999, 72763
3745, 0.6003, 72781
3746, 0.5999, 72799
3747, 0.5998, 72818
3748, 0.5998, 72836
3749, 0.6002, 72854
3750, 0.5996, 72872
3751, 0.6, 72890
3752, 0.5993, 72908
3753, 0.6001, 72926
3754, 0.5994, 72945
3755, 0.6, 72962
3756, 0.5992, 72981
3757, 0.6002, 72999
3758, 0.599, 73017
3759, 0.6002, 73035
3760, 0.5992, 73053
3761, 0.5998, 73071
3762, 0.599, 73089
3763, 0.5995, 73107
3764, 0.5992, 73125
3765, 0.5994, 73142
3766, 0.599, 73161
3767, 0.5995, 73179
3768, 0.5994, 73196
3769, 0.5991, 73214
3770, 0.5992, 73232
3771, 0.5995, 73250
3772, 0.5992, 73268
3773, 0.5992, 73286
3774, 0.5995, 73304
3775, 0.5993, 73322
3776, 0.5996, 73340
3777, 0.5991, 73358
3778, 0.5995, 73376
3779, 0.5988, 73394
3780, 0.5996, 73412
3781, 0.5981, 73431
3782, 0.5996, 73449
3783, 0.599, 73466
3784, 0.5994, 73484
3785, 0.5988, 73502
3786, 0.5994, 73519
3787, 0.5984, 73537
3788, 0.599, 73555
3789, 0.5982, 73573
3790, 0.5992, 73591
3791, 0.5986, 73609
3792, 0.5991, 73627
3793, 0.5987, 73645
3794, 0.5987, 73664
3795, 0.5987, 73682
3796, 0.5982, 73699
3797, 0.5986, 73717
3798, 0.5988, 73736
3799, 0.599, 73754
3800, 0.5986, 73772
3801, 0.5985, 73790
3802, 0.5984, 73808
3803, 0.5992, 73826
3804, 0.5987, 73844
3805, 0.5988, 73862
3806, 0.5986, 73880
3807, 0.5994, 73898
3808, 0.5996, 73916
3809, 0.5994, 73934
3810, 0.5995, 73952
3811, 0.5986, 73970
3812, 0.5993, 73988
3813, 0.5992, 74006
3814, 0.5993, 74024
3815, 0.599, 74042
3816, 0.5996, 74060
3817, 0.5984, 74078
3818, 0.5991, 74096
3819, 0.5987, 74114
3820, 0.5988, 74132
3821, 0.5984, 74151
3822, 0.5988, 74168
3823, 0.5988, 74186
3824, 0.599, 74204
3825, 0.5984, 74223
3826, 0.5985, 74241
3827, 0.5982, 74259
3828, 0.5988, 74277
3829, 0.5983, 74295
3830, 0.599, 74313
3831, 0.5988, 74331
3832, 0.5985, 74349
3833, 0.5989, 74367
3834, 0.5982, 74386
3835, 0.5986, 74404
3836, 0.5989, 74422
3837, 0.5982, 74440
3838, 0.599, 74458
3839, 0.5983, 74476
3840, 0.5989, 74494
3841, 0.5981, 74512
3842, 0.5988, 74530
3843, 0.5983, 74548
3844, 0.599, 74566
3845, 0.5977, 74584
3846, 0.5987, 74602
3847, 0.5975, 74620
3848, 0.5985, 74638
3849, 0.5978, 74656
3850, 0.5982, 74674
3851, 0.5984, 74692
3852, 0.5991, 74710
3853, 0.5987, 74728
3854, 0.5991, 74746
3855, 0.5982, 74764
3856, 0.5993, 74783
3857, 0.5978, 74801
3858, 0.5988, 74818
3859, 0.5979, 74836
3860, 0.5985, 74855
3861, 0.5981, 74873
3862, 0.5988, 74891
3863, 0.5983, 74909
3864, 0.5982, 74927
3865, 0.5984, 74945
3866, 0.5984, 74963
3867, 0.5974, 74981
3868, 0.5977, 75000
3869, 0.5977, 75018
3870, 0.5977, 75036
3871, 0.5975, 75054
3872, 0.5975, 75072
3873, 0.5979, 75090
3874, 0.5979, 75108
3875, 0.5977, 75126
3876, 0.5982, 75144
3877, 0.5976, 75162
3878, 0.5981, 75180
3879, 0.5974, 75198
3880, 0.5978, 75217
3881, 0.5974, 75235
3882, 0.5984, 75252
3883, 0.5972, 75271
3884, 0.5982, 75289
3885, 0.5969, 75307
3886, 0.5978, 75325
3887, 0.5973, 75343
3888, 0.5976, 75361
3889, 0.5974, 75379
3890, 0.598, 75397
3891, 0.5975, 75414
3892, 0.5983, 75432
3893, 0.5978, 75450
3894, 0.5982, 75468
3895, 0.5977, 75486
3896, 0.5983, 75504
3897, 0.5975, 75522
3898, 0.598, 75540
3899, 0.597, 75558
3900, 0.5982, 75576
3901, 0.5966, 75594
3902, 0.598, 75612
3903, 0.5974, 75630
3904, 0.5979, 75649
3905, 0.5969, 75666
3906, 0.5979, 75684
3907, 0.5971, 75702
3908, 0.598, 75720
3909, 0.5966, 75738
3910, 0.598, 75756
3911, 0.5968, 75774
3912, 0.5976, 75792
3913, 0.5965, 75811
3914, 0.5971, 75829
3915, 0.5975, 75847
3916, 0.597, 75865
3917, 0.5972, 75883
3918, 0.5974, 75901
3919, 0.5973, 75919
3920, 0.5968, 75937
3921, 0.597, 75955
3922, 0.5974, 75973
3923, 0.5969, 75991
3924, 0.5973, 76009
3925, 0.597, 76027
3926, 0.5969, 76045
3927, 0.597, 76063
3928, 0.5971, 76081
3929, 0.5978, 76099
3930, 0.5972, 76117
3931, 0.5973, 76135
3932, 0.5977, 76153
3933, 0.5974, 76172
3934, 0.5978, 76190
3935, 0.5977, 76207
3936, 0.598, 76225
3937, 0.5977, 76243
3938, 0.5976, 76261
3939, 0.5973, 76279
3940, 0.5977, 76297
3941, 0.5978, 76316
3942, 0.5975, 76334
3943, 0.5975, 76352
3944, 0.5976, 76370
3945, 0.5969, 76388
3946, 0.5978, 76406
3947, 0.5968, 76424
3948, 0.5976, 76442
3949, 0.5969, 76460
3950, 0.5973, 76478
3951, 0.5967, 76496
3952, 0.5969, 76515
3953, 0.5967, 76534
3954, 0.5968, 76551
3955, 0.597, 76569
3956, 0.5972, 76587
3957, 0.5967, 76606
3958, 0.597, 76624
3959, 0.5965, 76642
3960, 0.5969, 76660
3961, 0.5961, 76678
3962, 0.5969, 76695
3963, 0.5963, 76714
3964, 0.5966, 76732
3965, 0.5966, 76750
3966, 0.5965, 76768
3967, 0.5963, 76787
3968, 0.597, 76805
3969, 0.5965, 76823
3970, 0.5973, 76841
3971, 0.5966, 76859
3972, 0.5972, 76877
3973, 0.5966, 76895
3974, 0.5968, 76914
3975, 0.5966, 76932
3976, 0.5968, 76950
3977, 0.5967, 76967
3978, 0.5969, 76985
3979, 0.5963, 77004
3980, 0.5972, 77022
3981, 0.5966, 77040
3982, 0.5961, 77058
3983, 0.5968, 77076
3984, 0.5964, 77095
3985, 0.5965, 77113
3986, 0.5963, 77131
3987, 0.5965, 77149
3988, 0.5958, 77167
3989, 0.5964, 77186
3990, 0.5961, 77204
3991, 0.5964, 77222
3992, 0.5958, 77240
3993, 0.5964, 77258
3994, 0.5959, 77276
3995, 0.5969, 77294
3996, 0.596, 77313
3997, 0.5961, 77331
3998, 0.5957, 77349
3999, 0.5961, 77367
4000, 0.5954, 77385
4001, 0.5961, 77403
4002, 0.5953, 77422
4003, 0.5961, 77439
4004, 0.5954, 77457
4005, 0.5961, 77475
4006, 0.5951, 77493
4007, 0.5953, 77512
4008, 0.5952, 77530
4009, 0.5953, 77548
4010, 0.5951, 77566
4011, 0.5954, 77584
4012, 0.595, 77602
4013, 0.5954, 77621
4014, 0.595, 77639
4015, 0.5957, 77657
4016, 0.5948, 77675
4017, 0.5956, 77692
4018, 0.5953, 77710
4019, 0.5954, 77729
4020, 0.595, 77747
4021, 0.5951, 77765
4022, 0.5953, 77783
4023, 0.5954, 77801
4024, 0.5953, 77819
4025, 0.5952, 77837
4026, 0.5953, 77855
4027, 0.5951, 77873
4028, 0.5954, 77891
4029, 0.595, 77910
4030, 0.5955, 77927
4031, 0.5947, 77946
4032, 0.5953, 77964
4033, 0.5952, 77982
4034, 0.5951, 78000
4035, 0.595, 78018
4036, 0.5949, 78036
4037, 0.595, 78054
4038, 0.5948, 78072
4039, 0.5946, 78090
4040, 0.5948, 78108
4041, 0.5948, 78126
4042, 0.5953, 78144
4043, 0.5949, 78162
4044, 0.5952, 78181
4045, 0.5948, 78199
4046, 0.5954, 78217
4047, 0.5946, 78235
4048, 0.5955, 78253
4049, 0.5949, 78272
4050, 0.5955, 78291
4051, 0.5944, 78310
4052, 0.5958, 78328
4053, 0.5947, 78346
4054, 0.5951, 78364
4055, 0.594, 78382
4056, 0.5946, 78400
4057, 0.5943, 78418
4058, 0.5951, 78436
4059, 0.5946, 78454
4060, 0.595, 78472
4061, 0.5942, 78491
4062, 0.595, 78509
4063, 0.5944, 78527
4064, 0.5947, 78545
4065, 0.5941, 78563
4066, 0.5948, 78582
4067, 0.5943, 78600
4068, 0.5944, 78618
4069, 0.5942, 78637
4070, 0.5945, 78655
4071, 0.5944, 78673
4072, 0.5944, 78691
4073, 0.5944, 78709
4074, 0.5946, 78728
4075, 0.5944, 78746
4076, 0.5949, 78765
4077, 0.5941, 78783
4078, 0.5948, 78801
4079, 0.5938, 78819
4080, 0.5945, 78837
4081, 0.5939, 78856
4082, 0.5945, 78873
4083, 0.5937, 78891
4084, 0.5943, 78909
4085, 0.5942, 78927
4086, 0.5943, 78945
4087, 0.5939, 78964
4088, 0.5946, 78983
4089, 0.5937, 79001
4090, 0.5938, 79019
4091, 0.5938, 79037
4092, 0.5937, 79055
4093, 0.5938, 79073
4094, 0.5941, 79091
4095, 0.5937, 79110
4096, 0.5935, 79128
4097, 0.5939, 79146
4098, 0.5934, 79164
4099, 0.5941, 79182
4100, 0.5937, 79200
4101, 0.5941, 79219
4102, 0.5935, 79237
4103, 0.5937, 79255
4104, 0.5935, 79273
4105, 0.5937, 79292
4106, 0.5934, 79310
4107, 0.5934, 79328
4108, 0.5933, 79346
4109, 0.594, 79364
4110, 0.5939, 79382
4111, 0.5931, 79401
4112, 0.5937, 79419
4113, 0.5929, 79437
4114, 0.5934, 79455
4115, 0.5932, 79473
4116, 0.5931, 79491
4117, 0.593, 79509
4118, 0.5927, 79528
4119, 0.5929, 79546
4120, 0.5926, 79564
4121, 0.593, 79582
4122, 0.5925, 79600
4123, 0.5931, 79617
4124, 0.5928, 79636
4125, 0.5933, 79653
4126, 0.5926, 79671
4127, 0.5934, 79689
4128, 0.5931, 79708
4129, 0.5938, 79726
4130, 0.5928, 79744
4131, 0.593, 79762
4132, 0.5931, 79780
4133, 0.5934, 79799
4134, 0.5927, 79817
4135, 0.5933, 79835
4136, 0.5925, 79853
4137, 0.5933, 79872
4138, 0.5929, 79890
4139, 0.5932, 79908
4140, 0.5927, 79926
4141, 0.5933, 79944
4142, 0.593, 79962
4143, 0.593, 79980
4144, 0.5927, 79998
4145, 0.5928, 80017
4146, 0.5923, 80035
4147, 0.5933, 80053
4148, 0.5928, 80071
4149, 0.5928, 80089
4150, 0.5924, 80107
4151, 0.5929, 80126
4152, 0.5926, 80144
4153, 0.5927, 80162
4154, 0.5922, 80180
4155, 0.5927, 80199
4156, 0.5932, 80217
4157, 0.5927, 80235
4158, 0.5928, 80253
4159, 0.5927, 80271
4160, 0.5925, 80289
4161, 0.5923, 80307
4162, 0.5922, 80325
4163, 0.5925, 80343
4164, 0.5922, 80361
4165, 0.5915, 80379
4166, 0.5917, 80397
4167, 0.5915, 80416
4168, 0.5922, 80434
4169, 0.5914, 80452
4170, 0.5925, 80470
4171, 0.5916, 80488
4172, 0.592, 80507
4173, 0.5916, 80525
4174, 0.5923, 80543
4175, 0.592, 80561
4176, 0.5923, 80579
4177, 0.5927, 80598
4178, 0.5924, 80616
4179, 0.5922, 80634
4180, 0.593, 80653
4181, 0.593, 80671
4182, 0.5932, 80689
4183, 0.5924, 80707
4184, 0.5933, 80725
4185, 0.5925, 80743
4186, 0.5929, 80761
4187, 0.5927, 80779
4188, 0.5928, 80797
4189, 0.5926, 80815
4190, 0.592, 80834
4191, 0.593, 80852
4192, 0.5926, 80870
4193, 0.5931, 80888
4194, 0.5924, 80906
4195, 0.5929, 80924
4196, 0.5929, 80942
4197, 0.5926, 80960
4198, 0.5923, 80978
4199, 0.5927, 80996
4200, 0.5924, 81014
4201, 0.5921, 81032
4202, 0.5924, 81051
4203, 0.5924, 81069
4204, 0.5925, 81087
4205, 0.5923, 81105
4206, 0.5925, 81123
4207, 0.5919, 81141
4208, 0.5924, 81160
4209, 0.5919, 81178
4210, 0.5921, 81196
4211, 0.592, 81214
4212, 0.5918, 81233
4213, 0.5918, 81251
4214, 0.5923, 81269
4215, 0.5914, 81288
4216, 0.5918, 81306
4217, 0.592, 81324
4218, 0.5919, 81342
4219, 0.5922, 81361
4220, 0.5919, 81379
4221, 0.5917, 81397
4222, 0.5919, 81415
4223, 0.592, 81433
4224, 0.5916, 81451
4225, 0.592, 81470
4226, 0.5919, 81488
4227, 0.592, 81507
4228, 0.5911, 81525
4229, 0.5919, 81544
4230, 0.5914, 81562
4231, 0.5914, 81580
4232, 0.5914, 81598
4233, 0.5916, 81616
4234, 0.5912, 81634
4235, 0.5918, 81652
4236, 0.5917, 81671
4237, 0.5917, 81689
4238, 0.5917, 81707
4239, 0.5909, 81725
4240, 0.5921, 81743
4241, 0.5914, 81761
4242, 0.5918, 81779
4243, 0.591, 81798
4244, 0.5916, 81816
4245, 0.5907, 81834
4246, 0.5915, 81852
4247, 0.5906, 81870
4248, 0.5913, 81888
4249, 0.5909, 81906
4250, 0.5907, 81924
4251, 0.5906, 81943
4252, 0.5917, 81961
4253, 0.5906, 81979
4254, 0.591, 81997
4255, 0.591, 82015
4256, 0.5909, 82033
4257, 0.5905, 82052
4258, 0.5905, 82070
4259, 0.5905, 82089
4260, 0.5902, 82107
4261, 0.5911, 82125
4262, 0.5902, 82143
4263, 0.5904, 82161
4264, 0.5901, 82179
4265, 0.5908, 82198
4266, 0.5898, 82216
4267, 0.5913, 82234
4268, 0.5902, 82252
4269, 0.5912, 82270
4270, 0.5901, 82288
4271, 0.5917, 82307
4272, 0.5907, 82325
4273, 0.5917, 82343
4274, 0.5905, 82361
4275, 0.5916, 82379
4276, 0.5904, 82397
4277, 0.5912, 82415
4278, 0.5901, 82433
4279, 0.5914, 82450
4280, 0.5903, 82468
4281, 0.5914, 82486
4282, 0.5898, 82505
4283, 0.591, 82523
4284, 0.5903, 82541
4285, 0.5909, 82559
4286, 0.5901, 82577
4287, 0.5908, 82595
4288, 0.5902, 82613
4289, 0.5912, 82631
4290, 0.5902, 82649
4291, 0.5904, 82667
4292, 0.5903, 82685
4293, 0.5906, 82703
4294, 0.5905, 82721
4295, 0.5909, 82739
4296, 0.59, 82757
4297, 0.5905, 82775
4298, 0.5903, 82794
4299, 0.5905, 82812
4300, 0.59, 82830
4301, 0.5904, 82848
4302, 0.5903, 82866
4303, 0.5905, 82884
4304, 0.5901, 82903
4305, 0.5904, 82921
4306, 0.5905, 82939
4307, 0.5899, 82956
4308, 0.5898, 82975
4309, 0.5899, 82993
4310, 0.5903, 83011
4311, 0.5894, 83029
4312, 0.5906, 83047
4313, 0.5899, 83065
4314, 0.5907, 83083
4315, 0.5904, 83101
4316, 0.5903, 83120
4317, 0.5905, 83138
4318, 0.5908, 83156
4319, 0.5906, 83174
4320, 0.59, 83192
4321, 0.5907, 83210
4322, 0.5901, 83228
4323, 0.5908, 83247
4324, 0.5907, 83265
4325, 0.5907, 83283
4326, 0.5908, 83301
4327, 0.5911, 83319
4328, 0.5906, 83337
4329, 0.5909, 83356
4330, 0.59, 83374
4331, 0.591, 83392
4332, 0.5902, 83410
4333, 0.5906, 83428
4334, 0.5903, 83446
4335, 0.5913, 83464
4336, 0.59, 83482
4337, 0.5911, 83500
4338, 0.59, 83518
4339, 0.5908, 83537
4340, 0.59, 83555
4341, 0.5905, 83573
4342, 0.5899, 83591
4343, 0.5905, 83609
4344, 0.5903, 83627
4345, 0.5903, 83645
4346, 0.5903, 83663
4347, 0.5903, 83681
4348, 0.5899, 83699
4349, 0.5903, 83718
4350, 0.5901, 83736
4351, 0.5901, 83754
4352, 0.5899, 83772
4353, 0.5899, 83790
4354, 0.5896, 83809
4355, 0.5902, 83827
4356, 0.5902, 83844
4357, 0.5899, 83862
4358, 0.5895, 83881
4359, 0.5898, 83898
4360, 0.5892, 83917
4361, 0.5901, 83935
4362, 0.5895, 83953
4363, 0.5898, 83971
4364, 0.5893, 83989
4365, 0.5898, 84007
4366, 0.5892, 84025
4367, 0.5899, 84043
4368, 0.5893, 84061
4369, 0.5898, 84079
4370, 0.5896, 84098
4371, 0.5899, 84116
4372, 0.5894, 84134
4373, 0.5902, 84152
4374, 0.5891, 84170
4375, 0.5898, 84188
4376, 0.5889, 84206
4377, 0.5896, 84224
4378, 0.5893, 84243
4379, 0.5899, 84261
4380, 0.5895, 84279
4381, 0.5899, 84296
4382, 0.5893, 84315
4383, 0.5896, 84333
4384, 0.5895, 84351
4385, 0.5897, 84369
4386, 0.5893, 84387
4387, 0.5898, 84405
4388, 0.589, 84423
4389, 0.5888, 84441
4390, 0.5893, 84460
4391, 0.5892, 84478
4392, 0.5894, 84496
4393, 0.5889, 84514
4394, 0.5891, 84532
4395, 0.5885, 84550
4396, 0.5894, 84568
4397, 0.5884, 84587
4398, 0.589, 84604
4399, 0.589, 84622
4400, 0.5888, 84640
4401, 0.5889, 84658
4402, 0.5889, 84676
4403, 0.589, 84694
4404, 0.5893, 84712
4405, 0.5888, 84730
4406, 0.5889, 84748
4407, 0.5889, 84766
4408, 0.5892, 84784
4409, 0.5886, 84803
4410, 0.5889, 84822
4411, 0.5892, 84840
4412, 0.589, 84858
4413, 0.5889, 84876
4414, 0.5885, 84895
4415, 0.5888, 84913
4416, 0.5886, 84931
4417, 0.5878, 84949
4418, 0.5888, 84968
4419, 0.5878, 84986
4420, 0.5888, 85004
4421, 0.5881, 85022
4422, 0.5889, 85040
4423, 0.5885, 85058
4424, 0.5883, 85077
4425, 0.5879, 85095
4426, 0.588, 85113
4427, 0.5883, 85131
4428, 0.5879, 85149
4429, 0.5881, 85167
4430, 0.5885, 85185
4431, 0.5885, 85203
4432, 0.588, 85221
4433, 0.5881, 85239
4434, 0.5888, 85257
4435, 0.5883, 85276
4436, 0.5888, 85294
4437, 0.5879, 85312
4438, 0.5883, 85330
4439, 0.5881, 85349
4440, 0.5888, 85367
4441, 0.5882, 85385
4442, 0.5886, 85404
4443, 0.588, 85422
4444, 0.5887, 85440
4445, 0.5882, 85458
4446, 0.5887, 85476
4447, 0.5885, 85495
4448, 0.5882, 85513
4449, 0.5884, 85531
4450, 0.589, 85549
4451, 0.5884, 85567
4452, 0.5886, 85584
4453, 0.589, 85603
4454, 0.5889, 85621
4455, 0.5879, 85639
4456, 0.5881, 85657
4457, 0.5886, 85675
4458, 0.5884, 85693
4459, 0.588, 85711
4460, 0.5877, 85730
4461, 0.5883, 85748
4462, 0.5876, 85766
4463, 0.5877, 85784
4464, 0.5872, 85803
4465, 0.5879, 85821
4466, 0.5877, 85839
4467, 0.588, 85857
4468, 0.5875, 85875
4469, 0.5879, 85893
4470, 0.5878, 85911
4471, 0.5881, 85929
4472, 0.5879, 85947
4473, 0.5883, 85965
4474, 0.5878, 85983
4475, 0.588, 86001
4476, 0.5883, 86019
4477, 0.5881, 86037
4478, 0.5878, 86056
4479, 0.5876, 86074
4480, 0.5877, 86092
4481, 0.5881, 86110
4482, 0.5876, 86128
4483, 0.588, 86146
4484, 0.5882, 86165
4485, 0.5882, 86183
4486, 0.5877, 86201
4487, 0.5878, 86219
4488, 0.5878, 86237
4489, 0.5878, 86255
4490, 0.5873, 86273
4491, 0.5878, 86291
4492, 0.5875, 86309
4493, 0.5876, 86327
4494, 0.5879, 86346
4495, 0.5885, 86364
4496, 0.5879, 86382
4497, 0.5886, 86400
4498, 0.5885, 86418
4499, 0.5882, 86437
4500, 0.5879, 86455
4501, 0.5887, 86473
4502, 0.5887, 86491
4503, 0.5883, 86509
4504, 0.588, 86527
4505, 0.5883, 86545
4506, 0.5881, 86563
4507, 0.5883, 86581
4508, 0.5876, 86600
4509, 0.5883, 86618
4510, 0.5874, 86635
4511, 0.5881, 86654
4512, 0.5872, 86672
4513, 0.5883, 86690
4514, 0.5878, 86708
4515, 0.5875, 86726
4516, 0.587, 86744
4517, 0.5881, 86762
4518, 0.588, 86780
4519, 0.5883, 86798
4520, 0.5878, 86816
4521, 0.5879, 86834
4522, 0.5878, 86852
4523, 0.5883, 86870
4524, 0.5877, 86888
4525, 0.5882, 86906
4526, 0.5877, 86924
4527, 0.588, 86943
4528, 0.5874, 86961
4529, 0.5883, 86979
4530, 0.5877, 86997
4531, 0.5886, 87015
4532, 0.588, 87033
4533, 0.5884, 87051
4534, 0.5885, 87069
4535, 0.5885, 87087
4536, 0.5882, 87105
4537, 0.5888, 87123
4538, 0.5879, 87141
4539, 0.5881, 87159
4540, 0.5884, 87177
4541, 0.5884, 87195
4542, 0.5877, 87213
4543, 0.5877, 87231
4544, 0.5883, 87250
4545, 0.5877, 87268
4546, 0.588, 87286
4547, 0.5879, 87305
4548, 0.5884, 87323
4549, 0.5878, 87342
4550, 0.5883, 87360
4551, 0.5877, 87378
4552, 0.5875, 87396
4553, 0.5874, 87414
4554, 0.5874, 87432
4555, 0.5874, 87451
4556, 0.5876, 87469
4557, 0.5874, 87487
4558, 0.5877, 87505
4559, 0.5874, 87523
4560, 0.5877, 87542
4561, 0.5879, 87560
4562, 0.5878, 87578
4563, 0.5876, 87596
4564, 0.5876, 87614
4565, 0.5879, 87632
4566, 0.5876, 87651
4567, 0.5878, 87669
4568, 0.5872, 87687
4569, 0.588, 87705
4570, 0.5869, 87723
4571, 0.5876, 87741
4572, 0.5876, 87759
4573, 0.5873, 87776
4574, 0.5871, 87795
4575, 0.5873, 87813
4576, 0.5871, 87831
4577, 0.5871, 87849
4578, 0.5869, 87867
4579, 0.5865, 87885
4580, 0.5869, 87903
4581, 0.5872, 87921
4582, 0.5868, 87940
4583, 0.5876, 87958
4584, 0.5874, 87976
4585, 0.5871, 87994
4586, 0.587, 88012
4587, 0.5877, 88030
4588, 0.5862, 88048
4589, 0.5874, 88066
4590, 0.5869, 88084
4591, 0.588, 88102
4592, 0.5872, 88120
4593, 0.5875, 88138
4594, 0.5874, 88156
4595, 0.5875, 88175
4596, 0.5872, 88193
4597, 0.5872, 88211
4598, 0.5868, 88228
4599, 0.5878, 88247
4600, 0.5871, 88265
4601, 0.5876, 88283
4602, 0.587, 88301
4603, 0.5873, 88319
4604, 0.5866, 88337
4605, 0.587, 88355
4606, 0.5865, 88373
4607, 0.5873, 88391
4608, 0.5863, 88410
4609, 0.5871, 88428
4610, 0.5869, 88446
4611, 0.5873, 88465
4612, 0.5866, 88483
4613, 0.5869, 88501
4614, 0.5867, 88519
4615, 0.5868, 88537
4616, 0.5866, 88556
4617, 0.5868, 88574
4618, 0.5873, 88592
4619, 0.5874, 88610
4620, 0.5867, 88629
4621, 0.5869, 88647
4622, 0.5872, 88665
4623, 0.5873, 88683
4624, 0.5872, 88702
4625, 0.5872, 88720
4626, 0.5874, 88738
4627, 0.5862, 88756
4628, 0.5867, 88774
4629, 0.5868, 88793
4630, 0.5874, 88811
4631, 0.5872, 88829
4632, 0.5873, 88847
4633, 0.587, 88865
4634, 0.5877, 88883
4635, 0.5874, 88902
4636, 0.5873, 88920
4637, 0.5875, 88939
4638, 0.5873, 88957
4639, 0.5875, 88975
4640, 0.5875, 88993
4641, 0.5873, 89011
4642, 0.5872, 89029
4643, 0.5877, 89047
4644, 0.5879, 89066
4645, 0.5877, 89084
4646, 0.5875, 89102
4647, 0.5874, 89121
4648, 0.5872, 89139
4649, 0.588, 89157
4650, 0.587, 89175
4651, 0.5874, 89194
4652, 0.5873, 89212
4653, 0.5883, 89230
4654, 0.5873, 89248
4655, 0.5875, 89266
4656, 0.5871, 89284
4657, 0.587, 89302
4658, 0.5876, 89320
4659, 0.5866, 89339
4660, 0.5873, 89357
4661, 0.5868, 89375
4662, 0.5871, 89393
4663, 0.5864, 89412
4664, 0.5869, 89430
4665, 0.5869, 89449
4666, 0.5872, 89467
4667, 0.5869, 89485
4668, 0.587, 89503
4669, 0.5874, 89522
4670, 0.587, 89540
4671, 0.5862, 89558
4672, 0.5869, 89576
4673, 0.5867, 89594
4674, 0.5867, 89612
4675, 0.5865, 89631
4676, 0.5862, 89649
4677, 0.5868, 89667
4678, 0.5863, 89685
4679, 0.5864, 89703
4680, 0.5868, 89721
4681, 0.5859, 89739
4682, 0.5865, 89757
4683, 0.586, 89775
4684, 0.5857, 89794
4685, 0.5858, 89812
4686, 0.5864, 89830
4687, 0.5863, 89848
4688, 0.5869, 89867
4689, 0.5867, 89885
4690, 0.5866, 89903
4691, 0.5871, 89922
4692, 0.5869, 89940
4693, 0.5867, 89958
4694, 0.5871, 89976
4695, 0.5866, 89994
4696, 0.5869, 90012
4697, 0.5868, 90031
4698, 0.5871, 90049
4699, 0.587, 90067
4700, 0.5871, 90085
4701, 0.5869, 90103
4702, 0.5869, 90121
4703, 0.5876, 90139
4704, 0.5877, 90158
4705, 0.587, 90176
4706, 0.5871, 90195
4707, 0.5872, 90213
4708, 0.5873, 90231
4709, 0.5871, 90249
4710, 0.5867, 90267
4711, 0.5867, 90285
4712, 0.5869, 90303
4713, 0.5873, 90322
4714, 0.5873, 90340
4715, 0.5872, 90359
4716, 0.5864, 90377
4717, 0.587, 90396
4718, 0.5868, 90414
4719, 0.5872, 90432
4720, 0.5863, 90450
4721, 0.5869, 90468
4722, 0.5859, 90486
4723, 0.5866, 90505
4724, 0.5859, 90523
4725, 0.5869, 90541
4726, 0.5855, 90559
4727, 0.5862, 90577
4728, 0.5857, 90596
4729, 0.5864, 90614
4730, 0.586, 90632
4731, 0.5858, 90650
4732, 0.586, 90669
4733, 0.5864, 90687
4734, 0.586, 90706
4735, 0.586, 90724
4736, 0.5867, 90742
4737, 0.5869, 90760
4738, 0.587, 90778
4739, 0.5868, 90796
4740, 0.5875, 90815
4741, 0.5872, 90833
4742, 0.5864, 90851
4743, 0.5871, 90869
4744, 0.5863, 90887
4745, 0.5868, 90906
4746, 0.586, 90925
4747, 0.586, 90943
4748, 0.5867, 90962
4749, 0.5865, 90980
4750, 0.5858, 90999
4751, 0.5864, 91017
4752, 0.5866, 91035
4753, 0.5866, 91053
4754, 0.5864, 91071
4755, 0.5865, 91089
4756, 0.5866, 91107
4757, 0.5864, 91126
4758, 0.5866, 91144
4759, 0.5864, 91162
4760, 0.5867, 91180
4761, 0.5866, 91198
4762, 0.5862, 91216
4763, 0.5868, 91235
4764, 0.5864, 91253
4765, 0.586, 91271
4766, 0.5857, 91290
4767, 0.5861, 91308
4768, 0.5863, 91326
4769, 0.5864, 91345
4770, 0.5864, 91363
4771, 0.5861, 91381
4772, 0.5854, 91399
4773, 0.5855, 91417
4774, 0.5853, 91436
4775, 0.5854, 91454
4776, 0.5849, 91472
4777, 0.5853, 91490
4778, 0.5855, 91508
4779, 0.5855, 91526
4780, 0.5851, 91544
4781, 0.5859, 91562
4782, 0.5858, 91580
4783, 0.586, 91598
4784, 0.5857, 91616
4785, 0.5861, 91635
4786, 0.5853, 91653
4787, 0.5859, 91671
4788, 0.5855, 91689
4789, 0.5857, 91707
4790, 0.5852, 91726
4791, 0.5856, 91744
4792, 0.5852, 91762
4793, 0.5856, 91780
4794, 0.5847, 91798
4795, 0.5852, 91817
4796, 0.5844, 91834
4797, 0.5855, 91853
4798, 0.5847, 91871
4799, 0.5862, 91889
4800, 0.5848, 91907
4801, 0.5859, 91925
4802, 0.5855, 91943
4803, 0.5859, 91961
4804, 0.5853, 91980
4805, 0.5857, 91998
4806, 0.5854, 92016
4807, 0.5851, 92035
4808, 0.5854, 92053
4809, 0.5856, 92071
4810, 0.5849, 92090
4811, 0.5854, 92108
4812, 0.5852, 92126
4813, 0.5861, 92144
4814, 0.5857, 92163
4815, 0.5852, 92181
4816, 0.5851, 92199
4817, 0.585, 92217
4818, 0.5849, 92235
4819, 0.5846, 92253
4820, 0.5854, 92271
4821, 0.5853, 92290
4822, 0.5851, 92308
4823, 0.5856, 92326
4824, 0.5855, 92344
4825, 0.5852, 92362
4826, 0.5852, 92381
4827, 0.5857, 92399
4828, 0.5852, 92417
4829, 0.5856, 92435
4830, 0.5853, 92453
4831, 0.5855, 92472
4832, 0.5857, 92490
4833, 0.5853, 92508
4834, 0.5854, 92526
4835, 0.585, 92544
4836, 0.5858, 92563
4837, 0.5852, 92581
4838, 0.5861, 92599
4839, 0.5849, 92617
4840, 0.5852, 92636
4841, 0.5853, 92654
4842, 0.5852, 92672
4843, 0.5852, 92691
4844, 0.5853, 92709
4845, 0.5854, 92727
4846, 0.5855, 92745
4847, 0.5854, 92763
4848, 0.5853, 92781
4849, 0.5846, 92800
4850, 0.5852, 92818
4851, 0.5842, 92836
4852, 0.5846, 92855
4853, 0.5849, 92873
4854, 0.5841, 92891
4855, 0.5843, 92909
4856, 0.584, 92927
4857, 0.5844, 92946
4858, 0.5839, 92964
4859, 0.5836, 92982
4860, 0.584, 93001
4861, 0.5841, 93019
4862, 0.5837, 93037
4863, 0.5849, 93055
4864, 0.5841, 93073
4865, 0.5846, 93091
4866, 0.5835, 93109
4867, 0.5842, 93127
4868, 0.584, 93145
4869, 0.5837, 93163
4870, 0.5843, 93181
4871, 0.5836, 93199
4872, 0.5841, 93217
4873, 0.5834, 93236
4874, 0.5835, 93254
4875, 0.5844, 93272
4876, 0.5832, 93290
4877, 0.5844, 93308
4878, 0.5846, 93327
4879, 0.5847, 93345
4880, 0.5848, 93363
4881, 0.5842, 93381
4882, 0.5852, 93399
4883, 0.5847, 93417
4884, 0.5847, 93435
4885, 0.5845, 93453
4886, 0.5843, 93471
4887, 0.5835, 93489
4888, 0.5841, 93508
4889, 0.5834, 93526
4890, 0.5841, 93544
4891, 0.5834, 93563
4892, 0.584, 93580
4893, 0.5829, 93599
4894, 0.5841, 93617
4895, 0.5842, 93635
4896, 0.584, 93653
4897, 0.5837, 93671
4898, 0.5842, 93690
4899, 0.5831, 93708
4900, 0.5843, 93726
4901, 0.5834, 93744
4902, 0.5843, 93762
4903, 0.5833, 93780
4904, 0.5847, 93799
4905, 0.583, 93817
4906, 0.5838, 93835
4907, 0.5832, 93854
4908, 0.5838, 93872
4909, 0.5827, 93890
4910, 0.5834, 93908
4911, 0.5827, 93926
4912, 0.5835, 93944
4913, 0.5827, 93962
4914, 0.5837, 93980
4915, 0.5824, 93999
4916, 0.5836, 94017
4917, 0.5823, 94035
4918, 0.5833, 94053
4919, 0.582, 94072
4920, 0.5836, 94090
4921, 0.5824, 94108
4922, 0.5833, 94126
4923, 0.5834, 94144
4924, 0.5838, 94162
4925, 0.5832, 94181
4926, 0.5844, 94199
4927, 0.5833, 94217
4928, 0.5836, 94235
4929, 0.5836, 94253
4930, 0.5844, 94272
4931, 0.584, 94290
4932, 0.5842, 94308
4933, 0.5839, 94326
4934, 0.584, 94344
4935, 0.5845, 94363
4936, 0.5842, 94381
4937, 0.5844, 94399
4938, 0.5849, 94417
4939, 0.585, 94436
4940, 0.5845, 94454
4941, 0.5847, 94472
4942, 0.585, 94490
4943, 0.5842, 94508
4944, 0.5841, 94527
4945, 0.5835, 94545
4946, 0.5842, 94563
4947, 0.5836, 94582
4948, 0.5839, 94600
4949, 0.5838, 94618
4950, 0.5843, 94636
4951, 0.5838, 94654
4952, 0.583, 94672
4953, 0.5839, 94690
4954, 0.5845, 94709
4955, 0.5846, 94727
4956, 0.5841, 94745
4957, 0.5845, 94763
4958, 0.5844, 94781
4959, 0.5843, 94799
4960, 0.584, 94817
4961, 0.5844, 94835
4962, 0.5835, 94854
4963, 0.5841, 94872
4964, 0.5838, 94890
4965, 0.5842, 94908
4966, 0.5829, 94927
4967, 0.5842, 94945
4968, 0.5832, 94963
4969, 0.584, 94981
4970, 0.5831, 94999
4971, 0.5834, 95017
4972, 0.5831, 95035
4973, 0.5841, 95054
4974, 0.5827, 95072
4975, 0.584, 95090
4976, 0.5823, 95108
4977, 0.5838, 95127
4978, 0.5836, 95145
4979, 0.5836, 95163
4980, 0.5829, 95181
4981, 0.5833, 95200
4982, 0.5835, 95218
4983, 0.5828, 95236
4984, 0.5835, 95254
4985, 0.5831, 95272
4986, 0.5834, 95290
4987, 0.5833, 95308
4988, 0.5828, 95326
4989, 0.5829, 95345
4990, 0.5834, 95363
4991, 0.5824, 95381
4992, 0.5835, 95399
4993, 0.5828, 95417
4994, 0.5839, 95435
4995, 0.5836, 95453
4996, 0.5837, 95471
4997, 0.5828, 95489
4998, 0.5834, 95507
4999, 0.5833, 95526
5000, 0.5834, 95544
