1, 0.0773, 23
2, 0.0778, 38
3, 0.0778, 53
4, 0.0778, 68
5, 0.078, 84
6, 0.0782, 100
7, 0.0787, 115
8, 0.0785, 130
9, 0.079, 144
10, 0.0791, 159
11, 0.0794, 174
12, 0.0797, 189
13, 0.08, 205
14, 0.0799, 219
15, 0.0803, 235
16, 0.0805, 249
17, 0.0802, 264
18, 0.0807, 279
19, 0.0809, 294
20, 0.0812, 309
21, 0.0817, 324
22, 0.0817, 340
23, 0.0822, 355
24, 0.0822, 370
25, 0.0825, 386
26, 0.0824, 401
27, 0.0831, 415
28, 0.0833, 430
29, 0.0839, 445
30, 0.0841, 460
31, 0.0845, 475
32, 0.0845, 490
33, 0.0852, 505
34, 0.0856, 520
35, 0.0857, 535
36, 0.0862, 551
37, 0.0869, 566
38, 0.087, 581
39, 0.0873, 596
40, 0.0876, 612
41, 0.0878, 627
42, 0.0884, 642
43, 0.0886, 657
44, 0.0891, 672
45, 0.0891, 687
46, 0.0895, 702
47, 0.0895, 717
48, 0.0895, 732
49, 0.0896, 747
50, 0.0901, 763
51, 0.0908, 778
52, 0.0908, 793
53, 0.0908, 808
54, 0.0907, 824
55, 0.0912, 839
56, 0.0915, 854
57, 0.0917, 870
58, 0.0922, 890
59, 0.0925, 909
60, 0.0934, 928
61, 0.0936, 948
62, 0.094, 966
63, 0.0942, 985
64, 0.0943, 1005
65, 0.0946, 1025
66, 0.0948, 1044
67, 0.0952, 1063
68, 0.0954, 1083
69, 0.0955, 1102
70, 0.0954, 1121
71, 0.0951, 1141
72, 0.0959, 1160
73, 0.0959, 1180
74, 0.0962, 1200
75, 0.0964, 1219
76, 0.0964, 1239
77, 0.0963, 1258
78, 0.0966, 1277
79, 0.0967, 1296
80, 0.0973, 1315
81, 0.0979, 1334
82, 0.098, 1354
83, 0.0986, 1373
84, 0.0989, 1392
85, 0.099, 1411
86, 0.099, 1431
87, 0.0986, 1450
88, 0.0988, 1470
89, 0.0989, 1489
90, 0.0991, 1509
91, 0.099, 1528
92, 0.099, 1548
93, 0.0997, 1567
94, 0.0997, 1586
95, 0.1003, 1606
96, 0.1001, 1625
97, 0.1004, 1644
98, 0.1011, 1663
99, 0.1014, 1683
100, 0.1019, 1702
101, 0.1024, 1721
102, 0.1029, 1740
103, 0.1032, 1760
104, 0.1035, 1779
105, 0.1037, 1799
106, 0.1041, 1818
107, 0.1043, 1837
108, 0.1044, 1858
109, 0.1044, 1877
110, 0.1044, 1896
111, 0.1048, 1916
112, 0.1047, 1935
113, 0.105, 1955
114, 0.1052, 1974
115, 0.1056, 1994
116, 0.1059, 2013
117, 0.1067, 2033
118, 0.1071, 2052
119, 0.1072, 2071
120, 0.1073, 2091
121, 0.1074, 2111
122, 0.1075, 2130
123, 0.1079, 2149
124, 0.1087, 2168
125, 0.1087, 2187
126, 0.1094, 2206
127, 0.1095, 2225
128, 0.1096, 2244
129, 0.1096, 2264
130, 0.1097, 2283
131, 0.1097, 2302
132, 0.1099, 2321
133, 0.1098, 2340
134, 0.1099, 2359
135, 0.1101, 2378
136, 0.1102, 2398
137, 0.1108, 2417
138, 0.1111, 2436
139, 0.1117, 2456
140, 0.1121, 2475
141, 0.1123, 2494
142, 0.1125, 2514
143, 0.1125, 2533
144, 0.1127, 2552
145, 0.1128, 2571
146, 0.1127, 2590
147, 0.1129, 2609
148, 0.113, 2629
149, 0.113, 2647
150, 0.1134, 2667
151, 0.1137, 2687
152, 0.1138, 2706
153, 0.1136, 2725
154, 0.1138, 2745
155, 0.1136, 2764
156, 0.1138, 2783
157, 0.1139, 2803
158, 0.1144, 2822
159, 0.1144, 2841
160, 0.1143, 2860
161, 0.1145, 2880
162, 0.1145, 2899
163, 0.1146, 2918
164, 0.1147, 2938
165, 0.115, 2957
166, 0.1155, 2976
167, 0.1155, 2995
168, 0.1159, 3014
169, 0.1159, 3033
170, 0.1158, 3052
171, 0.1159, 3072
172, 0.1159, 3091
173, 0.1158, 3111
174, 0.1161, 3130
175, 0.1165, 3149
176, 0.1165, 3169
177, 0.1166, 3188
178, 0.1167, 3207
179, 0.1169, 3226
180, 0.1168, 3246
181, 0.117, 3265
182, 0.1173, 3284
183, 0.1175, 3304
184, 0.1175, 3323
185, 0.1177, 3342
186, 0.1179, 3361
187, 0.1181, 3381
188, 0.1181, 3400
189, 0.1184, 3419
190, 0.119, 3439
191, 0.1192, 3458
192, 0.1196, 3477
193, 0.1196, 3496
194, 0.1199, 3515
195, 0.12, 3535
196, 0.1201, 3555
197, 0.1203, 3574
198, 0.1205, 3593
199, 0.1206, 3613
200, 0.1206, 3632
201, 0.1205, 3651
202, 0.1206, 3670
203, 0.1208, 3690
204, 0.1215, 3709
205, 0.1218, 3728
206, 0.1221, 3748
207, 0.1223, 3767
208, 0.1225, 3786
209, 0.1224, 3806
210, 0.1223, 3825
211, 0.1227, 3844
212, 0.1231, 3864
213, 0.1229, 3883
214, 0.123, 3902
215, 0.123, 3921
216, 0.1231, 3941
217, 0.1232, 3960
218, 0.1233, 3979
219, 0.1235, 3999
220, 0.1237, 4018
221, 0.1236, 4038
222, 0.1236, 4057
223, 0.124, 4076
224, 0.1242, 4095
225, 0.1244, 4114
226, 0.1247, 4134
227, 0.1251, 4153
228, 0.1253, 4172
229, 0.1257, 4192
230, 0.1259, 4211
231, 0.1258, 4230
232, 0.1261, 4250
233, 0.1263, 4269
234, 0.1264, 4288
235, 0.1264, 4307
236, 0.1265, 4326
237, 0.1268, 4345
238, 0.1267, 4364
239, 0.1268, 4384
240, 0.1272, 4403
241, 0.1272, 4422
242, 0.1273, 4441
243, 0.1272, 4461
244, 0.1273, 4480
245, 0.1272, 4499
246, 0.1274, 4518
247, 0.1273, 4538
248, 0.1275, 4557
249, 0.1279, 4576
250, 0.1281, 4595
251, 0.1282, 4615
252, 0.1283, 4634
253, 0.1282, 4653
254, 0.1284, 4673
255, 0.1283, 4692
256, 0.1282, 4711
257, 0.1282, 4730
258, 0.1282, 4749
259, 0.1281, 4768
260, 0.1283, 4788
261, 0.1287, 4807
262, 0.129, 4825
263, 0.1288, 4845
264, 0.1292, 4864
265, 0.1294, 4883
266, 0.13, 4903
267, 0.1302, 4923
268, 0.1304, 4942
269, 0.1304, 4962
270, 0.1305, 4981
271, 0.1302, 5000
272, 0.1302, 5019
273, 0.1303, 5038
274, 0.1304, 5057
275, 0.1309, 5077
276, 0.1311, 5096
277, 0.1309, 5115
278, 0.1313, 5134
279, 0.131, 5153
280, 0.1315, 5173
281, 0.1314, 5192
282, 0.1317, 5211
283, 0.132, 5231
284, 0.1319, 5250
285, 0.1324, 5269
286, 0.1327, 5288
287, 0.1331, 5308
288, 0.1333, 5327
289, 0.1331, 5346
290, 0.1334, 5366
291, 0.1335, 5385
292, 0.1336, 5405
293, 0.1337, 5424
294, 0.1338, 5444
295, 0.1339, 5464
296, 0.1343, 5484
297, 0.1349, 5503
298, 0.1349, 5522
299, 0.135, 5541
300, 0.1353, 5560
301, 0.1353, 5580
302, 0.1355, 5600
303, 0.1359, 5620
304, 0.1357, 5639
305, 0.136, 5659
306, 0.1362, 5680
307, 0.136, 5700
308, 0.1363, 5720
309, 0.1367, 5739
310, 0.1369, 5759
311, 0.1374, 5778
312, 0.1373, 5797
313, 0.1372, 5817
314, 0.1373, 5836
315, 0.1375, 5855
316, 0.1373, 5875
317, 0.1378, 5894
318, 0.1378, 5913
319, 0.1381, 5933
320, 0.1383, 5953
321, 0.1386, 5973
322, 0.1389, 5992
323, 0.1392, 6011
324, 0.1392, 6031
325, 0.1391, 6050
326, 0.1394, 6069
327, 0.1392, 6089
328, 0.1393, 6108
329, 0.1389, 6127
330, 0.1389, 6146
331, 0.1387, 6165
332, 0.1385, 6185
333, 0.1385, 6204
334, 0.1385, 6223
335, 0.1388, 6243
336, 0.1388, 6262
337, 0.1386, 6281
338, 0.1385, 6301
339, 0.1384, 6320
340, 0.1385, 6339
341, 0.1391, 6358
342, 0.139, 6377
343, 0.1389, 6397
344, 0.1394, 6417
345, 0.1392, 6435
346, 0.1391, 6455
347, 0.1394, 6474
348, 0.1399, 6493
349, 0.1402, 6512
350, 0.1402, 6532
351, 0.1403, 6551
352, 0.1404, 6571
353, 0.1405, 6590
354, 0.1407, 6610
355, 0.1408, 6629
356, 0.1407, 6649
357, 0.1408, 6668
358, 0.1406, 6687
359, 0.1406, 6706
360, 0.1401, 6726
361, 0.14, 6745
362, 0.1399, 6764
363, 0.1401, 6784
364, 0.1405, 6803
365, 0.1409, 6822
366, 0.141, 6842
367, 0.1411, 6861
368, 0.1412, 6880
369, 0.1412, 6900
370, 0.1417, 6919
371, 0.1418, 6938
372, 0.1421, 6957
373, 0.142, 6977
374, 0.1418, 6996
375, 0.1421, 7015
376, 0.1425, 7034
377, 0.1429, 7053
378, 0.1433, 7072
379, 0.1433, 7092
380, 0.1429, 7111
381, 0.1427, 7131
382, 0.1427, 7149
383, 0.1426, 7169
384, 0.1428, 7188
385, 0.1433, 7207
386, 0.1432, 7226
387, 0.1433, 7245
388, 0.1433, 7265
389, 0.143, 7284
390, 0.1431, 7303
391, 0.1433, 7322
392, 0.1436, 7342
393, 0.1443, 7361
394, 0.1442, 7380
395, 0.1448, 7400
396, 0.1449, 7419
397, 0.1449, 7438
398, 0.1452, 7457
399, 0.1452, 7477
400, 0.1455, 7497
401, 0.1455, 7516
402, 0.1456, 7535
403, 0.146, 7555
404, 0.1465, 7574
405, 0.1464, 7593
406, 0.1461, 7612
407, 0.1462, 7631
408, 0.1464, 7650
409, 0.1465, 7670
410, 0.1465, 7689
411, 0.1468, 7708
412, 0.1469, 7727
413, 0.1466, 7746
414, 0.1468, 7765
415, 0.1465, 7785
416, 0.1464, 7804
417, 0.1467, 7824
418, 0.1469, 7843
419, 0.147, 7862
420, 0.1471, 7881
421, 0.1467, 7900
422, 0.1468, 7920
423, 0.1469, 7939
424, 0.1469, 7958
425, 0.147, 7977
426, 0.1473, 7997
427, 0.1475, 8016
428, 0.1478, 8035
429, 0.148, 8054
430, 0.1482, 8074
431, 0.148, 8093
432, 0.1478, 8112
433, 0.1482, 8131
434, 0.148, 8150
435, 0.1482, 8169
436, 0.1487, 8189
437, 0.1492, 8208
438, 0.1496, 8228
439, 0.1496, 8247
440, 0.1495, 8266
441, 0.1499, 8286
442, 0.1503, 8305
443, 0.1507, 8324
444, 0.1507, 8344
445, 0.151, 8363
446, 0.1508, 8382
447, 0.1515, 8401
448, 0.1512, 8420
449, 0.1513, 8440
450, 0.1514, 8459
451, 0.1517, 8478
452, 0.152, 8498
453, 0.152, 8517
454, 0.1515, 8536
455, 0.1515, 8556
456, 0.1517, 8575
457, 0.1515, 8594
458, 0.1517, 8613
459, 0.152, 8633
460, 0.1525, 8652
461, 0.1526, 8671
462, 0.1524, 8691
463, 0.1527, 8710
464, 0.1528, 8729
465, 0.1528, 8749
466, 0.1528, 8768
467, 0.1531, 8788
468, 0.1532, 8807
469, 0.1529, 8826
470, 0.153, 8846
471, 0.1529, 8865
472, 0.1528, 8884
473, 0.1527, 8904
474, 0.1525, 8923
475, 0.1525, 8942
476, 0.1521, 8961
477, 0.152, 8980
478, 0.152, 9000
479, 0.1516, 9019
480, 0.1514, 9038
481, 0.1511, 9058
482, 0.1515, 9078
483, 0.1516, 9097
484, 0.1518, 9116
485, 0.1518, 9136
486, 0.1521, 9155
487, 0.1519, 9174
488, 0.1518, 9194
489, 0.1519, 9213
490, 0.1523, 9232
491, 0.1523, 9252
492, 0.152, 9271
493, 0.1525, 9291
494, 0.1526, 9310
495, 0.1525, 9329
496, 0.1527, 9349
497, 0.1524, 9368
498, 0.1521, 9387
499, 0.1522, 9406
500, 0.1523, 9425
501, 0.1522, 9445
502, 0.1523, 9464
503, 0.1526, 9483
504, 0.1527, 9502
505, 0.1529, 9521
506, 0.1526, 9540
507, 0.1531, 9559
508, 0.153, 9578
509, 0.1526, 9598
510, 0.1525, 9617
511, 0.1526, 9636
512, 0.1528, 9655
513, 0.1527, 9675
514, 0.1526, 9694
515, 0.1527, 9714
516, 0.1527, 9733
517, 0.153, 9752
518, 0.1527, 9771
519, 0.1523, 9790
520, 0.1524, 9809
521, 0.1525, 9829
522, 0.1525, 9848
523, 0.1527, 9867
524, 0.153, 9886
525, 0.153, 9906
526, 0.1529, 9924
527, 0.1526, 9944
528, 0.1529, 9963
529, 0.1527, 9982
530, 0.1526, 10001
531, 0.1523, 10021
532, 0.1526, 10040
533, 0.1527, 10059
534, 0.1524, 10079
535, 0.152, 10098
536, 0.1519, 10118
537, 0.1521, 10137
538, 0.1519, 10156
539, 0.1518, 10175
540, 0.1518, 10195
541, 0.1515, 10214
542, 0.1513, 10233
543, 0.1517, 10252
544, 0.1517, 10272
545, 0.1516, 10291
546, 0.1518, 10311
547, 0.1522, 10330
548, 0.1523, 10349
549, 0.1523, 10369
550, 0.1527, 10388
551, 0.1534, 10407
552, 0.1536, 10426
553, 0.1537, 10446
554, 0.1537, 10465
555, 0.1538, 10484
556, 0.1535, 10503
557, 0.1538, 10522
558, 0.1535, 10542
559, 0.1533, 10561
560, 0.1533, 10580
561, 0.1533, 10600
562, 0.1533, 10619
563, 0.1536, 10638
564, 0.1534, 10657
565, 0.1537, 10676
566, 0.1542, 10695
567, 0.1543, 10715
568, 0.1545, 10734
569, 0.1543, 10753
570, 0.1543, 10772
571, 0.1545, 10791
572, 0.1547, 10810
573, 0.155, 10830
574, 0.1556, 10849
575, 0.1562, 10869
576, 0.1563, 10888
577, 0.1564, 10907
578, 0.1566, 10926
579, 0.1567, 10945
580, 0.1569, 10964
581, 0.1569, 10983
582, 0.1567, 11002
583, 0.1563, 11022
584, 0.1563, 11041
585, 0.1561, 11060
586, 0.1563, 11079
587, 0.1565, 11099
588, 0.1565, 11118
589, 0.1563, 11137
590, 0.1566, 11156
591, 0.1565, 11175
592, 0.1564, 11194
593, 0.1569, 11214
594, 0.1568, 11232
595, 0.1574, 11252
596, 0.1575, 11271
597, 0.1579, 11291
598, 0.1578, 11310
599, 0.1576, 11329
600, 0.1578, 11348
601, 0.1583, 11368
602, 0.1581, 11388
603, 0.1585, 11407
604, 0.159, 11427
605, 0.1593, 11446
606, 0.1599, 11466
607, 0.1601, 11485
608, 0.1602, 11505
609, 0.1603, 11524
610, 0.1603, 11543
611, 0.1605, 11563
612, 0.1612, 11582
613, 0.1617, 11601
614, 0.1619, 11620
615, 0.162, 11639
616, 0.1622, 11659
617, 0.1625, 11678
618, 0.1624, 11698
619, 0.1627, 11717
620, 0.1629, 11736
621, 0.1628, 11756
622, 0.163, 11775
623, 0.163, 11795
624, 0.1631, 11814
625, 0.1636, 11833
626, 0.1639, 11853
627, 0.1638, 11872
628, 0.1641, 11891
629, 0.1643, 11910
630, 0.1643, 11930
631, 0.1647, 11949
632, 0.1653, 11968
633, 0.1659, 11988
634, 0.1664, 12007
635, 0.1671, 12026
636, 0.1673, 12046
637, 0.1673, 12065
638, 0.1676, 12084
639, 0.1677, 12103
640, 0.1677, 12122
641, 0.1679, 12142
642, 0.1681, 12161
643, 0.1681, 12180
644, 0.1684, 12199
645, 0.1682, 12218
646, 0.1684, 12238
647, 0.1683, 12257
648, 0.1684, 12276
649, 0.1685, 12295
650, 0.1684, 12314
651, 0.1685, 12334
652, 0.1688, 12353
653, 0.1689, 12372
654, 0.1689, 12391
655, 0.1692, 12410
656, 0.1696, 12429
657, 0.1698, 12449
658, 0.1702, 12468
659, 0.17, 12487
660, 0.1704, 12506
661, 0.1706, 12526
662, 0.1712, 12545
663, 0.1715, 12564
664, 0.1717, 12584
665, 0.1717, 12603
666, 0.1717, 12623
667, 0.1718, 12642
668, 0.1719, 12662
669, 0.1723, 12681
670, 0.1727, 12700
671, 0.1728, 12720
672, 0.1729, 12739
673, 0.1728, 12758
674, 0.1732, 12778
675, 0.1725, 12797
676, 0.1726, 12817
677, 0.1734, 12836
678, 0.1734, 12856
679, 0.1737, 12875
680, 0.1737, 12894
681, 0.1735, 12914
682, 0.1735, 12933
683, 0.1737, 12953
684, 0.1737, 12972
685, 0.1737, 12991
686, 0.1734, 13010
687, 0.1735, 13029
688, 0.1735, 13048
689, 0.1736, 13068
690, 0.1734, 13087
691, 0.1737, 13106
692, 0.1737, 13125
693, 0.1738, 13144
694, 0.1739, 13163
695, 0.174, 13183
696, 0.1742, 13202
697, 0.1741, 13221
698, 0.1738, 13241
699, 0.1736, 13260
700, 0.1736, 13280
701, 0.1738, 13299
702, 0.1737, 13318
703, 0.1737, 13337
704, 0.1736, 13357
705, 0.174, 13376
706, 0.174, 13395
707, 0.1741, 13415
708, 0.1744, 13434
709, 0.1748, 13453
710, 0.1747, 13473
711, 0.1751, 13492
712, 0.1753, 13512
713, 0.1749, 13531
714, 0.1745, 13550
715, 0.1745, 13570
716, 0.1745, 13589
717, 0.1744, 13609
718, 0.1747, 13628
719, 0.1747, 13648
720, 0.1747, 13667
721, 0.1749, 13686
722, 0.175, 13705
723, 0.175, 13724
724, 0.1747, 13744
725, 0.1745, 13764
726, 0.1746, 13784
727, 0.1749, 13804
728, 0.1748, 13824
729, 0.1746, 13843
730, 0.1746, 13863
731, 0.1741, 13882
732, 0.1739, 13902
733, 0.1738, 13921
734, 0.174, 13940
735, 0.1738, 13959
736, 0.1736, 13979
737, 0.1736, 13998
738, 0.1736, 14018
739, 0.1732, 14037
740, 0.1735, 14056
741, 0.1736, 14075
742, 0.1735, 14095
743, 0.1736, 14114
744, 0.174, 14133
745, 0.174, 14152
746, 0.1741, 14172
747, 0.1743, 14191
748, 0.1744, 14211
749, 0.1751, 14231
750, 0.1747, 14251
751, 0.1744, 14270
752, 0.1745, 14289
753, 0.1743, 14308
754, 0.1745, 14328
755, 0.1746, 14347
756, 0.1746, 14367
757, 0.1747, 14386
758, 0.1754, 14406
759, 0.1754, 14425
760, 0.1755, 14444
761, 0.1754, 14464
762, 0.1755, 14483
763, 0.1753, 14502
764, 0.1753, 14522
765, 0.1755, 14541
766, 0.1754, 14560
767, 0.1753, 14579
768, 0.1755, 14599
769, 0.1755, 14618
770, 0.1754, 14638
771, 0.1756, 14657
772, 0.1758, 14677
773, 0.1758, 14696
774, 0.176, 14715
775, 0.1759, 14734
776, 0.1761, 14754
777, 0.1765, 14773
778, 0.1765, 14792
779, 0.1761, 14812
780, 0.1759, 14831
781, 0.1758, 14851
782, 0.1758, 14870
783, 0.1755, 14889
784, 0.1756, 14908
785, 0.1754, 14928
786, 0.1761, 14947
787, 0.1761, 14966
788, 0.1759, 14985
789, 0.1761, 15004
790, 0.1759, 15024
791, 0.176, 15043
792, 0.1762, 15063
793, 0.1763, 15082
794, 0.1764, 15102
795, 0.1764, 15121
796, 0.1764, 15141
797, 0.1764, 15160
798, 0.1762, 15179
799, 0.1761, 15199
800, 0.1759, 15218
801, 0.1759, 15238
802, 0.1756, 15257
803, 0.1757, 15276
804, 0.1758, 15296
805, 0.1759, 15315
806, 0.1762, 15334
807, 0.176, 15353
808, 0.1761, 15372
809, 0.1761, 15392
810, 0.1761, 15411
811, 0.1758, 15430
812, 0.1758, 15449
813, 0.1755, 15469
814, 0.1756, 15488
815, 0.1759, 15507
816, 0.1762, 15526
817, 0.1764, 15546
818, 0.1765, 15565
819, 0.1763, 15584
820, 0.1763, 15603
821, 0.1762, 15623
822, 0.1763, 15642
823, 0.1761, 15661
824, 0.1764, 15680
825, 0.1765, 15699
826, 0.1764, 15719
827, 0.1765, 15739
828, 0.1765, 15758
829, 0.1764, 15777
830, 0.1767, 15796
831, 0.1766, 15815
832, 0.1767, 15834
833, 0.1768, 15854
834, 0.1769, 15873
835, 0.1769, 15892
836, 0.1766, 15911
837, 0.177, 15930
838, 0.1769, 15950
839, 0.1769, 15969
840, 0.1769, 15988
841, 0.1772, 16008
842, 0.1772, 16027
843, 0.1772, 16046
844, 0.1769, 16065
845, 0.1771, 16084
846, 0.1773, 16103
847, 0.1775, 16123
848, 0.1775, 16142
849, 0.1778, 16161
850, 0.1777, 16180
851, 0.1779, 16199
852, 0.178, 16218
853, 0.1779, 16238
854, 0.1777, 16258
855, 0.1782, 16277
856, 0.1785, 16297
857, 0.1784, 16316
858, 0.1785, 16335
859, 0.1787, 16354
860, 0.1789, 16374
861, 0.1791, 16393
862, 0.1793, 16412
863, 0.1796, 16431
864, 0.1796, 16451
865, 0.1794, 16471
866, 0.1796, 16490
867, 0.1798, 16509
868, 0.18, 16528
869, 0.1802, 16547
870, 0.1804, 16566
871, 0.1808, 16586
872, 0.1811, 16605
873, 0.181, 16624
874, 0.1812, 16644
875, 0.1812, 16663
876, 0.1813, 16682
877, 0.1814, 16701
878, 0.1817, 16720
879, 0.182, 16740
880, 0.1821, 16759
881, 0.1825, 16778
882, 0.1826, 16797
883, 0.1826, 16817
884, 0.1827, 16836
885, 0.1826, 16855
886, 0.1828, 16875
887, 0.1832, 16894
888, 0.1833, 16914
889, 0.1834, 16933
890, 0.1834, 16953
891, 0.1833, 16973
892, 0.1834, 16992
893, 0.1835, 17011
894, 0.1836, 17031
895, 0.1837, 17050
896, 0.1835, 17070
897, 0.1837, 17089
898, 0.1837, 17109
899, 0.1838, 17128
900, 0.1839, 17147
901, 0.1842, 17167
902, 0.184, 17186
903, 0.184, 17206
904, 0.1842, 17226
905, 0.1843, 17245
906, 0.1843, 17264
907, 0.1844, 17284
908, 0.1846, 17303
909, 0.1849, 17323
910, 0.1857, 17342
911, 0.1857, 17361
912, 0.1853, 17381
913, 0.1853, 17400
914, 0.1855, 17419
915, 0.1854, 17439
916, 0.1852, 17458
917, 0.1849, 17477
918, 0.1855, 17497
919, 0.1856, 17516
920, 0.186, 17535
921, 0.1863, 17554
922, 0.1866, 17573
923, 0.1868, 17592
924, 0.1869, 17611
925, 0.1868, 17630
926, 0.1871, 17649
927, 0.1871, 17669
928, 0.1874, 17688
929, 0.1873, 17707
930, 0.187, 17726
931, 0.1873, 17745
932, 0.1872, 17764
933, 0.1875, 17784
934, 0.1876, 17803
935, 0.1875, 17822
936, 0.1879, 17842
937, 0.1878, 17861
938, 0.1879, 17880
939, 0.1883, 17900
940, 0.1891, 17919
941, 0.189, 17938
942, 0.1892, 17957
943, 0.1897, 17977
944, 0.1898, 17996
945, 0.1897, 18015
946, 0.1899, 18035
947, 0.1902, 18054
948, 0.1903, 18073
949, 0.1906, 18093
950, 0.1909, 18111
951, 0.1912, 18131
952, 0.1916, 18150
953, 0.1918, 18169
954, 0.1923, 18188
955, 0.1926, 18208
956, 0.193, 18227
957, 0.1933, 18247
958, 0.1932, 18267
959, 0.1933, 18286
960, 0.1937, 18305
961, 0.1938, 18324
962, 0.1938, 18344
963, 0.194, 18363
964, 0.1944, 18383
965, 0.1943, 18402
966, 0.1942, 18421
967, 0.1942, 18440
968, 0.1942, 18459
969, 0.1942, 18479
970, 0.1942, 18498
971, 0.1945, 18517
972, 0.1952, 18536
973, 0.1955, 18556
974, 0.196, 18575
975, 0.1961, 18595
976, 0.1961, 18614
977, 0.1962, 18634
978, 0.1967, 18653
979, 0.1973, 18672
980, 0.1981, 18691
981, 0.1983, 18710
982, 0.1985, 18730
983, 0.199, 18749
984, 0.199, 18768
985, 0.1992, 18787
986, 0.1998, 18807
987, 0.2004, 18826
988, 0.2006, 18845
989, 0.2006, 18865
990, 0.2009, 18884
991, 0.2014, 18903
992, 0.2016, 18923
993, 0.2023, 18942
994, 0.203, 18961
995, 0.2039, 18980
996, 0.2046, 19000
997, 0.2046, 19019
998, 0.2046, 19038
999, 0.2048, 19057
1000, 0.2051, 19076
1001, 0.2055, 19096
1002, 0.2057, 19115
1003, 0.2057, 19135
1004, 0.2055, 19153
1005, 0.2057, 19173
1006, 0.2056, 19192
1007, 0.2059, 19212
1008, 0.2061, 19231
1009, 0.2059, 19250
1010, 0.2058, 19269
1011, 0.2057, 19289
1012, 0.2063, 19308
1013, 0.206, 19327
1014, 0.2062, 19346
1015, 0.2065, 19366
1016, 0.207, 19385
1017, 0.2077, 19404
1018, 0.2082, 19424
1019, 0.2085, 19444
1020, 0.2092, 19463
1021, 0.2096, 19482
1022, 0.2101, 19501
1023, 0.2104, 19521
1024, 0.2111, 19540
1025, 0.2107, 19559
1026, 0.2106, 19579
1027, 0.211, 19598
1028, 0.2113, 19618
1029, 0.2119, 19637
1030, 0.2122, 19656
1031, 0.2125, 19675
1032, 0.2125, 19694
1033, 0.2127, 19714
1034, 0.2132, 19733
1035, 0.2134, 19753
1036, 0.2135, 19772
1037, 0.2137, 19791
1038, 0.214, 19810
1039, 0.2145, 19829
1040, 0.2155, 19849
1041, 0.2156, 19869
1042, 0.2165, 19888
1043, 0.2165, 19907
1044, 0.2167, 19926
1045, 0.2175, 19945
1046, 0.2178, 19964
1047, 0.2179, 19984
1048, 0.2186, 20003
1049, 0.2198, 20023
1050, 0.2199, 20043
1051, 0.2198, 20062
1052, 0.2202, 20081
1053, 0.2203, 20100
1054, 0.2206, 20119
1055, 0.2213, 20139
1056, 0.2222, 20158
1057, 0.2225, 20178
1058, 0.2228, 20197
1059, 0.2227, 20216
1060, 0.2232, 20235
1061, 0.2239, 20255
1062, 0.2245, 20274
1063, 0.2246, 20293
1064, 0.2245, 20312
1065, 0.2245, 20332
1066, 0.2247, 20352
1067, 0.2252, 20371
1068, 0.2258, 20390
1069, 0.2263, 20410
1070, 0.2271, 20429
1071, 0.2272, 20449
1072, 0.2274, 20468
1073, 0.2274, 20487
1074, 0.2276, 20506
1075, 0.228, 20525
1076, 0.2285, 20545
1077, 0.229, 20564
1078, 0.2299, 20583
1079, 0.2304, 20602
1080, 0.2304, 20622
1081, 0.2299, 20641
1082, 0.2302, 20661
1083, 0.2304, 20680
1084, 0.2298, 20699
1085, 0.2299, 20718
1086, 0.2299, 20738
1087, 0.23, 20757
1088, 0.2306, 20777
1089, 0.2311, 20796
1090, 0.2312, 20815
1091, 0.2316, 20835
1092, 0.2314, 20854
1093, 0.2316, 20874
1094, 0.2319, 20893
1095, 0.2325, 20912
1096, 0.2327, 20933
1097, 0.233, 20953
1098, 0.2333, 20972
1099, 0.2338, 20992
1100, 0.2344, 21011
1101, 0.2341, 21030
1102, 0.2344, 21050
1103, 0.235, 21069
1104, 0.2355, 21088
1105, 0.2359, 21107
1106, 0.2364, 21126
1107, 0.2364, 21146
1108, 0.2367, 21165
1109, 0.2368, 21185
1110, 0.2368, 21204
1111, 0.237, 21224
1112, 0.2368, 21243
1113, 0.2369, 21262
1114, 0.2371, 21282
1115, 0.2371, 21302
1116, 0.2374, 21321
1117, 0.2376, 21340
1118, 0.2376, 21360
1119, 0.2381, 21379
1120, 0.2381, 21399
1121, 0.2386, 21418
1122, 0.239, 21437
1123, 0.2392, 21456
1124, 0.2395, 21476
1125, 0.2394, 21496
1126, 0.2396, 21515
1127, 0.2395, 21535
1128, 0.2393, 21554
1129, 0.239, 21574
1130, 0.2394, 21593
1131, 0.2395, 21612
1132, 0.2397, 21632
1133, 0.2396, 21651
1134, 0.2396, 21670
1135, 0.2397, 21689
1136, 0.2396, 21709
1137, 0.2396, 21728
1138, 0.2396, 21747
1139, 0.2399, 21767
1140, 0.2399, 21786
1141, 0.24, 21805
1142, 0.2398, 21825
1143, 0.2401, 21844
1144, 0.2403, 21864
1145, 0.2405, 21883
1146, 0.2405, 21902
1147, 0.2407, 21922
1148, 0.2409, 21941
1149, 0.2412, 21960
1150, 0.2414, 21979
1151, 0.2417, 21999
1152, 0.2413, 22018
1153, 0.2409, 22037
1154, 0.2407, 22057
1155, 0.2405, 22076
1156, 0.2407, 22095
1157, 0.2411, 22115
1158, 0.2412, 22134
1159, 0.2415, 22154
1160, 0.2415, 22174
1161, 0.2418, 22193
1162, 0.2415, 22212
1163, 0.2416, 22232
1164, 0.2418, 22251
1165, 0.2418, 22270
1166, 0.242, 22290
1167, 0.2426, 22309
1168, 0.2426, 22328
1169, 0.2429, 22347
1170, 0.2432, 22367
1171, 0.243, 22386
1172, 0.2436, 22406
1173, 0.2441, 22425
1174, 0.2438, 22444
1175, 0.2442, 22464
1176, 0.2447, 22483
1177, 0.2447, 22502
1178, 0.2451, 22522
1179, 0.2455, 22541
1180, 0.2457, 22560
1181, 0.246, 22579
1182, 0.2461, 22598
1183, 0.2462, 22618
1184, 0.2463, 22637
1185, 0.2463, 22656
1186, 0.2466, 22676
1187, 0.2468, 22695
1188, 0.2468, 22714
1189, 0.2471, 22733
1190, 0.2473, 22753
1191, 0.2478, 22772
1192, 0.2479, 22791
1193, 0.2481, 22810
1194, 0.248, 22830
1195, 0.2484, 22849
1196, 0.2489, 22868
1197, 0.2496, 22887
1198, 0.2495, 22907
1199, 0.2497, 22926
1200, 0.2496, 22945
1201, 0.2498, 22964
1202, 0.2499, 22984
1203, 0.2499, 23003
1204, 0.2499, 23022
1205, 0.2502, 23042
1206, 0.2505, 23061
1207, 0.2508, 23081
1208, 0.2504, 23100
1209, 0.2507, 23120
1210, 0.2509, 23139
1211, 0.251, 23158
1212, 0.2515, 23178
1213, 0.2518, 23197
1214, 0.2518, 23216
1215, 0.2519, 23235
1216, 0.252, 23255
1217, 0.2523, 23274
1218, 0.2526, 23294
1219, 0.2525, 23313
1220, 0.2528, 23332
1221, 0.2534, 23352
1222, 0.2535, 23371
1223, 0.2538, 23391
1224, 0.254, 23410
1225, 0.2539, 23429
1226, 0.2541, 23448
1227, 0.2541, 23468
1228, 0.2541, 23488
1229, 0.2547, 23507
1230, 0.2548, 23526
1231, 0.255, 23545
1232, 0.255, 23565
1233, 0.2551, 23584
1234, 0.2552, 23603
1235, 0.2556, 23623
1236, 0.2557, 23643
1237, 0.2559, 23662
1238, 0.2564, 23681
1239, 0.2566, 23701
1240, 0.2566, 23720
1241, 0.2565, 23740
1242, 0.2567, 23759
1243, 0.2565, 23779
1244, 0.2566, 23798
1245, 0.2567, 23817
1246, 0.2567, 23837
1247, 0.257, 23856
1248, 0.2571, 23876
1249, 0.2576, 23895
1250, 0.2576, 23913
1251, 0.2576, 23933
1252, 0.2575, 23953
1253, 0.2575, 23972
1254, 0.2574, 23991
1255, 0.2575, 24011
1256, 0.2574, 24030
1257, 0.2577, 24049
1258, 0.2578, 24069
1259, 0.2577, 24088
1260, 0.2579, 24107
1261, 0.2582, 24127
1262, 0.2586, 24146
1263, 0.2589, 24166
1264, 0.2592, 24185
1265, 0.2598, 24204
1266, 0.2599, 24224
1267, 0.2602, 24243
1268, 0.26, 24263
1269, 0.26, 24282
1270, 0.2599, 24302
1271, 0.2598, 24321
1272, 0.2598, 24340
1273, 0.26, 24360
1274, 0.2602, 24379
1275, 0.2601, 24399
1276, 0.2603, 24418
1277, 0.2606, 24437
1278, 0.2606, 24457
1279, 0.2606, 24476
1280, 0.261, 24496
1281, 0.2611, 24515
1282, 0.2613, 24534
1283, 0.2615, 24554
1284, 0.2614, 24574
1285, 0.2618, 24593
1286, 0.2616, 24613
1287, 0.2616, 24632
1288, 0.262, 24652
1289, 0.2626, 24671
1290, 0.2627, 24690
1291, 0.2626, 24710
1292, 0.2629, 24729
1293, 0.2629, 24748
1294, 0.263, 24767
1295, 0.2633, 24787
1296, 0.2632, 24806
1297, 0.2632, 24826
1298, 0.2633, 24846
1299, 0.2635, 24865
1300, 0.2637, 24885
1301, 0.2641, 24904
1302, 0.2641, 24924
1303, 0.2643, 24943
1304, 0.2644, 24962
1305, 0.2645, 24982
1306, 0.2646, 25001
1307, 0.2645, 25020
1308, 0.2647, 25039
1309, 0.2652, 25059
1310, 0.2652, 25078
1311, 0.2653, 25097
1312, 0.2654, 25117
1313, 0.2655, 25136
1314, 0.2656, 25155
1315, 0.2659, 25174
1316, 0.2663, 25194
1317, 0.2663, 25213
1318, 0.2668, 25232
1319, 0.2666, 25252
1320, 0.2667, 25271
1321, 0.2671, 25290
1322, 0.2671, 25309
1323, 0.2673, 25329
1324, 0.2673, 25348
1325, 0.2677, 25368
1326, 0.268, 25387
1327, 0.2683, 25406
1328, 0.2685, 25425
1329, 0.2682, 25445
1330, 0.2685, 25464
1331, 0.2686, 25484
1332, 0.2685, 25503
1333, 0.2688, 25522
1334, 0.2689, 25542
1335, 0.2694, 25561
1336, 0.2699, 25581
1337, 0.2701, 25601
1338, 0.27, 25621
1339, 0.2702, 25641
1340, 0.2706, 25663
1341, 0.2704, 25684
1342, 0.2706, 25705
1343, 0.2705, 25727
1344, 0.2707, 25747
1345, 0.2708, 25766
1346, 0.2711, 25785
1347, 0.2713, 25804
1348, 0.2716, 25824
1349, 0.2716, 25843
1350, 0.272, 25862
1351, 0.2721, 25882
1352, 0.2722, 25901
1353, 0.2725, 25920
1354, 0.2727, 25940
1355, 0.2729, 25959
1356, 0.2731, 25978
1357, 0.2736, 25998
1358, 0.2737, 26017
1359, 0.2741, 26037
1360, 0.2735, 26056
1361, 0.274, 26076
1362, 0.2743, 26095
1363, 0.2746, 26115
1364, 0.275, 26134
1365, 0.2751, 26154
1366, 0.2751, 26173
1367, 0.2755, 26192
1368, 0.2757, 26212
1369, 0.276, 26231
1370, 0.276, 26250
1371, 0.276, 26270
1372, 0.2763, 26289
1373, 0.2764, 26308
1374, 0.2765, 26329
1375, 0.2768, 26351
1376, 0.2766, 26371
1377, 0.2766, 26391
1378, 0.2765, 26411
1379, 0.2767, 26430
1380, 0.2765, 26449
1381, 0.2761, 26469
1382, 0.2764, 26489
1383, 0.2769, 26513
1384, 0.2771, 26532
1385, 0.277, 26552
1386, 0.2768, 26571
1387, 0.2771, 26591
1388, 0.2773, 26610
1389, 0.2776, 26630
1390, 0.2778, 26649
1391, 0.2785, 26669
1392, 0.2789, 26688
1393, 0.2792, 26707
1394, 0.2798, 26726
1395, 0.28, 26746
1396, 0.2802, 26765
1397, 0.2804, 26784
1398, 0.2807, 26804
1399, 0.2806, 26824
1400, 0.2806, 26843
1401, 0.2803, 26862
1402, 0.2803, 26881
1403, 0.2808, 26901
1404, 0.2809, 26920
1405, 0.2809, 26940
1406, 0.2811, 26959
1407, 0.2815, 26979
1408, 0.2817, 26998
1409, 0.2817, 27018
1410, 0.2816, 27037
1411, 0.2815, 27057
1412, 0.2816, 27077
1413, 0.2817, 27096
1414, 0.2816, 27116
1415, 0.2818, 27135
1416, 0.2821, 27154
1417, 0.2821, 27173
1418, 0.2826, 27193
1419, 0.2827, 27212
1420, 0.2828, 27232
1421, 0.2829, 27251
1422, 0.2827, 27270
1423, 0.2825, 27289
1424, 0.2826, 27309
1425, 0.2827, 27328
1426, 0.2829, 27348
1427, 0.2832, 27367
1428, 0.283, 27386
1429, 0.2831, 27405
1430, 0.283, 27424
1431, 0.283, 27444
1432, 0.2831, 27463
1433, 0.2834, 27483
1434, 0.2834, 27502
1435, 0.2835, 27521
1436, 0.2833, 27540
1437, 0.2837, 27560
1438, 0.284, 27579
1439, 0.2841, 27598
1440, 0.2842, 27618
1441, 0.2842, 27637
1442, 0.2842, 27656
1443, 0.2842, 27676
1444, 0.2842, 27695
1445, 0.2846, 27714
1446, 0.285, 27734
1447, 0.2852, 27753
1448, 0.2854, 27772
1449, 0.286, 27792
1450, 0.2858, 27811
1451, 0.2862, 27830
1452, 0.2863, 27850
1453, 0.2864, 27869
1454, 0.2868, 27889
1455, 0.2867, 27908
1456, 0.287, 27927
1457, 0.2874, 27946
1458, 0.2878, 27966
1459, 0.2878, 27985
1460, 0.2884, 28005
1461, 0.2885, 28024
1462, 0.2884, 28043
1463, 0.2884, 28063
1464, 0.2885, 28082
1465, 0.2888, 28101
1466, 0.2888, 28121
1467, 0.2888, 28140
1468, 0.2887, 28160
1469, 0.2885, 28179
1470, 0.2889, 28199
1471, 0.2889, 28218
1472, 0.2891, 28238
1473, 0.2891, 28257
1474, 0.2894, 28277
1475, 0.2894, 28296
1476, 0.2897, 28315
1477, 0.2901, 28334
1478, 0.2907, 28354
1479, 0.2908, 28373
1480, 0.2909, 28393
1481, 0.2909, 28413
1482, 0.2907, 28432
1483, 0.2907, 28452
1484, 0.2911, 28471
1485, 0.2909, 28490
1486, 0.2911, 28510
1487, 0.2913, 28529
1488, 0.2916, 28548
1489, 0.2919, 28568
1490, 0.2922, 28587
1491, 0.2925, 28606
1492, 0.2928, 28626
1493, 0.2926, 28645
1494, 0.2922, 28665
1495, 0.2927, 28684
1496, 0.2929, 28703
1497, 0.293, 28722
1498, 0.2931, 28742
1499, 0.2934, 28761
1500, 0.2937, 28780
1501, 0.2937, 28800
1502, 0.2937, 28819
1503, 0.2938, 28839
1504, 0.294, 28858
1505, 0.2943, 28878
1506, 0.2946, 28897
1507, 0.2947, 28917
1508, 0.2947, 28936
1509, 0.2945, 28955
1510, 0.2944, 28975
1511, 0.2943, 28994
1512, 0.2944, 29013
1513, 0.2945, 29033
1514, 0.2947, 29052
1515, 0.2948, 29072
1516, 0.2944, 29091
1517, 0.2946, 29111
1518, 0.2943, 29130
1519, 0.2949, 29149
1520, 0.2947, 29168
1521, 0.295, 29187
1522, 0.2948, 29206
1523, 0.2948, 29226
1524, 0.295, 29245
1525, 0.2949, 29264
1526, 0.2949, 29283
1527, 0.2948, 29303
1528, 0.2949, 29323
1529, 0.2954, 29342
1530, 0.2952, 29362
1531, 0.2953, 29381
1532, 0.2955, 29400
1533, 0.2955, 29420
1534, 0.2954, 29438
1535, 0.2954, 29458
1536, 0.2956, 29477
1537, 0.2958, 29496
1538, 0.2959, 29515
1539, 0.296, 29535
1540, 0.2964, 29554
1541, 0.2965, 29573
1542, 0.2969, 29592
1543, 0.2976, 29611
1544, 0.2975, 29631
1545, 0.2974, 29650
1546, 0.2981, 29670
1547, 0.2986, 29689
1548, 0.2987, 29708
1549, 0.2989, 29728
1550, 0.2991, 29747
1551, 0.2991, 29766
1552, 0.2991, 29786
1553, 0.2989, 29805
1554, 0.2991, 29824
1555, 0.2992, 29844
1556, 0.2993, 29863
1557, 0.2994, 29882
1558, 0.2998, 29902
1559, 0.2999, 29921
1560, 0.3, 29940
1561, 0.2998, 29959
1562, 0.3, 29979
1563, 0.3001, 29998
1564, 0.3006, 30017
1565, 0.3005, 30037
1566, 0.3005, 30056
1567, 0.3007, 30075
1568, 0.301, 30094
1569, 0.301, 30114
1570, 0.3006, 30133
1571, 0.3008, 30152
1572, 0.3011, 30172
1573, 0.3009, 30191
1574, 0.301, 30210
1575, 0.3013, 30230
1576, 0.3013, 30250
1577, 0.3014, 30269
1578, 0.3013, 30288
1579, 0.3016, 30308
1580, 0.3015, 30327
1581, 0.3014, 30346
1582, 0.3015, 30365
1583, 0.3017, 30384
1584, 0.3018, 30404
1585, 0.3018, 30423
1586, 0.3024, 30442
1587, 0.3025, 30461
1588, 0.3029, 30481
1589, 0.3033, 30500
1590, 0.3038, 30519
1591, 0.3041, 30538
1592, 0.304, 30558
1593, 0.3045, 30577
1594, 0.3048, 30597
1595, 0.3047, 30616
1596, 0.3046, 30635
1597, 0.3048, 30655
1598, 0.3051, 30674
1599, 0.3049, 30694
1600, 0.3052, 30713
1601, 0.3053, 30732
1602, 0.3053, 30752
1603, 0.3055, 30771
1604, 0.3054, 30791
1605, 0.3053, 30810
1606, 0.3052, 30829
1607, 0.3051, 30848
1608, 0.3054, 30867
1609, 0.3054, 30887
1610, 0.3058, 30906
1611, 0.306, 30925
1612, 0.3064, 30945
1613, 0.3064, 30965
1614, 0.307, 30984
1615, 0.3071, 31003
1616, 0.3072, 31023
1617, 0.3071, 31042
1618, 0.307, 31061
1619, 0.307, 31081
1620, 0.3068, 31100
1621, 0.307, 31120
1622, 0.307, 31139
1623, 0.3074, 31159
1624, 0.3077, 31178
1625, 0.3081, 31197
1626, 0.3077, 31216
1627, 0.3075, 31236
1628, 0.3076, 31255
1629, 0.3077, 31274
1630, 0.3079, 31293
1631, 0.3081, 31313
1632, 0.3081, 31332
1633, 0.3079, 31351
1634, 0.3083, 31370
1635, 0.3081, 31390
1636, 0.308, 31409
1637, 0.3081, 31429
1638, 0.3082, 31448
1639, 0.3083, 31468
1640, 0.3081, 31487
1641, 0.3083, 31507
1642, 0.3083, 31526
1643, 0.3086, 31545
1644, 0.3081, 31564
1645, 0.3082, 31584
1646, 0.3083, 31603
1647, 0.3086, 31623
1648, 0.3085, 31642
1649, 0.3082, 31661
1650, 0.3085, 31681
1651, 0.3086, 31700
1652, 0.3091, 31720
1653, 0.3092, 31739
1654, 0.3093, 31758
1655, 0.3095, 31777
1656, 0.3094, 31797
1657, 0.3094, 31816
1658, 0.3096, 31835
1659, 0.3097, 31855
1660, 0.3098, 31874
1661, 0.3098, 31894
1662, 0.3099, 31913
1663, 0.31, 31933
1664, 0.3102, 31952
1665, 0.31, 31972
1666, 0.3103, 31991
1667, 0.3104, 32011
1668, 0.3104, 32030
1669, 0.3105, 32050
1670, 0.3104, 32069
1671, 0.3106, 32089
1672, 0.3106, 32108
1673, 0.3106, 32127
1674, 0.3107, 32147
1675, 0.3107, 32166
1676, 0.3106, 32185
1677, 0.3108, 32204
1678, 0.3108, 32223
1679, 0.3109, 32243
1680, 0.3109, 32262
1681, 0.3112, 32282
1682, 0.3112, 32301
1683, 0.3112, 32321
1684, 0.3114, 32340
1685, 0.3116, 32359
1686, 0.3118, 32379
1687, 0.3118, 32398
1688, 0.3117, 32417
1689, 0.3116, 32437
1690, 0.3117, 32456
1691, 0.3116, 32475
1692, 0.3117, 32495
1693, 0.3119, 32514
1694, 0.3116, 32533
1695, 0.3115, 32552
1696, 0.3114, 32572
1697, 0.3117, 32591
1698, 0.3116, 32610
1699, 0.3113, 32630
1700, 0.3111, 32649
1701, 0.3111, 32668
1702, 0.3111, 32688
1703, 0.3115, 32708
1704, 0.3115, 32727
1705, 0.3118, 32746
1706, 0.312, 32765
1707, 0.3122, 32785
1708, 0.3121, 32804
1709, 0.3121, 32824
1710, 0.3119, 32843
1711, 0.312, 32862
1712, 0.3117, 32881
1713, 0.3118, 32900
1714, 0.3118, 32920
1715, 0.3118, 32939
1716, 0.312, 32959
1717, 0.3123, 32978
1718, 0.3123, 32998
1719, 0.3125, 33017
1720, 0.3122, 33036
1721, 0.3127, 33055
1722, 0.3128, 33075
1723, 0.3129, 33094
1724, 0.3129, 33113
1725, 0.3131, 33133
1726, 0.3132, 33152
1727, 0.3133, 33172
1728, 0.3133, 33191
1729, 0.3133, 33210
1730, 0.3129, 33230
1731, 0.3128, 33249
1732, 0.3129, 33268
1733, 0.3131, 33288
1734, 0.3133, 33308
1735, 0.3133, 33327
1736, 0.3133, 33346
1737, 0.3133, 33366
1738, 0.3134, 33385
1739, 0.3134, 33404
1740, 0.3134, 33424
1741, 0.3134, 33443
1742, 0.3139, 33463
1743, 0.3139, 33483
1744, 0.3141, 33502
1745, 0.3139, 33522
1746, 0.3138, 33542
1747, 0.3141, 33561
1748, 0.3142, 33580
1749, 0.3143, 33599
1750, 0.3144, 33619
1751, 0.3148, 33638
1752, 0.315, 33658
1753, 0.3153, 33677
1754, 0.3159, 33696
1755, 0.3159, 33716
1756, 0.3157, 33735
1757, 0.3157, 33755
1758, 0.316, 33774
1759, 0.3162, 33793
1760, 0.3161, 33813
1761, 0.3161, 33832
1762, 0.3162, 33852
1763, 0.3163, 33871
1764, 0.3163, 33891
1765, 0.3162, 33910
1766, 0.3164, 33929
1767, 0.3163, 33949
1768, 0.3163, 33968
1769, 0.3164, 33987
1770, 0.3163, 34007
1771, 0.3165, 34026
1772, 0.3166, 34046
1773, 0.3168, 34065
1774, 0.3171, 34084
1775, 0.3172, 34103
1776, 0.3172, 34123
1777, 0.3173, 34143
1778, 0.3174, 34162
1779, 0.3176, 34182
1780, 0.3177, 34201
1781, 0.3175, 34220
1782, 0.3176, 34239
1783, 0.3176, 34259
1784, 0.3177, 34279
1785, 0.3177, 34298
1786, 0.3178, 34318
1787, 0.3178, 34338
1788, 0.3178, 34357
1789, 0.3178, 34377
1790, 0.3178, 34397
1791, 0.3176, 34416
1792, 0.3176, 34436
1793, 0.3177, 34455
1794, 0.3179, 34474
1795, 0.3178, 34494
1796, 0.3179, 34513
1797, 0.3181, 34532
1798, 0.3181, 34552
1799, 0.318, 34571
1800, 0.318, 34591
1801, 0.3181, 34610
1802, 0.3182, 34629
1803, 0.3184, 34648
1804, 0.3183, 34668
1805, 0.3183, 34687
1806, 0.3184, 34706
1807, 0.3186, 34726
1808, 0.3186, 34745
1809, 0.3186, 34765
1810, 0.3188, 34784
1811, 0.3187, 34803
1812, 0.3186, 34823
1813, 0.3185, 34842
1814, 0.3186, 34861
1815, 0.3187, 34881
1816, 0.3188, 34900
1817, 0.3192, 34920
1818, 0.3193, 34939
1819, 0.3194, 34958
1820, 0.3196, 34978
1821, 0.3197, 34997
1822, 0.3194, 35016
1823, 0.3194, 35036
1824, 0.3194, 35055
1825, 0.3193, 35075
1826, 0.3193, 35094
1827, 0.3194, 35113
1828, 0.3194, 35132
1829, 0.3194, 35151
1830, 0.3193, 35171
1831, 0.3196, 35190
1832, 0.3198, 35209
1833, 0.3197, 35228
1834, 0.3198, 35247
1835, 0.3198, 35267
1836, 0.3198, 35286
1837, 0.3198, 35306
1838, 0.3198, 35325
1839, 0.3199, 35344
1840, 0.3198, 35364
1841, 0.3199, 35383
1842, 0.3199, 35402
1843, 0.32, 35422
1844, 0.32, 35441
1845, 0.3201, 35460
1846, 0.3202, 35479
1847, 0.3205, 35499
1848, 0.3205, 35519
1849, 0.3208, 35538
1850, 0.3212, 35557
1851, 0.3216, 35577
1852, 0.3217, 35596
1853, 0.3218, 35615
1854, 0.3218, 35635
1855, 0.3217, 35655
1856, 0.322, 35674
1857, 0.3222, 35693
1858, 0.3221, 35713
1859, 0.3224, 35732
1860, 0.3225, 35751
1861, 0.3224, 35771
1862, 0.3227, 35790
1863, 0.3228, 35809
1864, 0.3228, 35829
1865, 0.3229, 35849
1866, 0.3231, 35869
1867, 0.323, 35889
1868, 0.3231, 35909
1869, 0.3231, 35928
1870, 0.323, 35948
1871, 0.3231, 35967
1872, 0.3231, 35987
1873, 0.3232, 36006
1874, 0.3233, 36026
1875, 0.3232, 36045
1876, 0.3231, 36064
1877, 0.3232, 36084
1878, 0.3233, 36103
1879, 0.3235, 36122
1880, 0.3235, 36142
1881, 0.3236, 36161
1882, 0.3234, 36180
1883, 0.3234, 36200
1884, 0.3236, 36219
1885, 0.3237, 36239
1886, 0.3235, 36259
1887, 0.3237, 36278
1888, 0.3237, 36297
1889, 0.3238, 36316
1890, 0.3241, 36335
1891, 0.324, 36354
1892, 0.3242, 36374
1893, 0.3243, 36393
1894, 0.3242, 36412
1895, 0.3243, 36432
1896, 0.3243, 36451
1897, 0.3245, 36471
1898, 0.3247, 36490
1899, 0.325, 36509
1900, 0.325, 36529
1901, 0.3254, 36548
1902, 0.3257, 36567
1903, 0.3259, 36586
1904, 0.3261, 36605
1905, 0.3261, 36625
1906, 0.3261, 36644
1907, 0.3261, 36663
1908, 0.326, 36683
1909, 0.326, 36702
1910, 0.3261, 36722
1911, 0.3262, 36741
1912, 0.3266, 36760
1913, 0.3269, 36779
1914, 0.3268, 36799
1915, 0.3269, 36818
1916, 0.327, 36837
1917, 0.327, 36856
1918, 0.327, 36876
1919, 0.327, 36895
1920, 0.3269, 36914
1921, 0.3269, 36933
1922, 0.3267, 36953
1923, 0.3266, 36972
1924, 0.3268, 36991
1925, 0.327, 37011
1926, 0.3273, 37030
1927, 0.3272, 37049
1928, 0.3274, 37068
1929, 0.3274, 37087
1930, 0.3274, 37106
1931, 0.3277, 37126
1932, 0.3281, 37146
1933, 0.3282, 37166
1934, 0.3283, 37185
1935, 0.3286, 37204
1936, 0.3287, 37223
1937, 0.3287, 37242
1938, 0.3288, 37262
1939, 0.3291, 37281
1940, 0.3291, 37300
1941, 0.3292, 37319
1942, 0.3291, 37339
1943, 0.3291, 37358
1944, 0.3291, 37377
1945, 0.3291, 37396
1946, 0.3293, 37415
1947, 0.3294, 37435
1948, 0.3296, 37454
1949, 0.3296, 37474
1950, 0.3297, 37493
1951, 0.3301, 37513
1952, 0.3299, 37532
1953, 0.3298, 37552
1954, 0.33, 37571
1955, 0.3302, 37590
1956, 0.3305, 37610
1957, 0.3306, 37629
1958, 0.3306, 37648
1959, 0.3309, 37667
1960, 0.331, 37687
1961, 0.3312, 37706
1962, 0.331, 37726
1963, 0.3312, 37745
1964, 0.3313, 37765
1965, 0.3316, 37784
1966, 0.3315, 37804
1967, 0.3313, 37823
1968, 0.3314, 37842
1969, 0.3314, 37862
1970, 0.3315, 37882
1971, 0.3313, 37902
1972, 0.3316, 37921
1973, 0.3318, 37940
1974, 0.3319, 37959
1975, 0.3321, 37978
1976, 0.3322, 37998
1977, 0.3324, 38017
1978, 0.3323, 38037
1979, 0.3324, 38056
1980, 0.3328, 38077
1981, 0.3325, 38096
1982, 0.3328, 38115
1983, 0.3329, 38134
1984, 0.3329, 38154
1985, 0.3329, 38173
1986, 0.3329, 38193
1987, 0.333, 38211
1988, 0.333, 38231
1989, 0.333, 38251
1990, 0.333, 38270
1991, 0.333, 38289
1992, 0.3331, 38309
1993, 0.3332, 38328
1994, 0.3334, 38348
1995, 0.3334, 38367
1996, 0.3334, 38387
1997, 0.3336, 38405
1998, 0.3336, 38425
1999, 0.3336, 38444
2000, 0.3338, 38465
2001, 0.3337, 38484
2002, 0.3339, 38503
2003, 0.3341, 38523
2004, 0.3341, 38542
2005, 0.3345, 38561
2006, 0.3346, 38581
2007, 0.3343, 38600
2008, 0.3343, 38620
2009, 0.3343, 38639
2010, 0.3343, 38659
2011, 0.3344, 38678
2012, 0.3345, 38698
2013, 0.3346, 38717
2014, 0.3347, 38737
2015, 0.3347, 38757
2016, 0.3348, 38776
2017, 0.3352, 38796
2018, 0.3353, 38815
2019, 0.3353, 38834
2020, 0.3356, 38854
2021, 0.3357, 38873
2022, 0.3358, 38892
2023, 0.3359, 38911
2024, 0.3358, 38931
2025, 0.3358, 38950
2026, 0.3358, 38969
2027, 0.336, 38988
2028, 0.3361, 39008
2029, 0.3363, 39027
2030, 0.3363, 39046
2031, 0.3364, 39066
2032, 0.3364, 39085
2033, 0.3364, 39104
2034, 0.3365, 39123
2035, 0.3365, 39143
2036, 0.3365, 39162
2037, 0.3366, 39182
2038, 0.3367, 39201
2039, 0.337, 39221
2040, 0.337, 39240
2041, 0.337, 39260
2042, 0.3373, 39279
2043, 0.3375, 39299
2044, 0.3379, 39317
2045, 0.338, 39337
2046, 0.3378, 39356
2047, 0.3379, 39376
2048, 0.3378, 39394
2049, 0.3379, 39414
2050, 0.3379, 39433
2051, 0.3381, 39452
2052, 0.3383, 39471
2053, 0.3386, 39491
2054, 0.3389, 39511
2055, 0.3393, 39530
2056, 0.3391, 39549
2057, 0.3392, 39569
2058, 0.3391, 39588
2059, 0.3393, 39607
2060, 0.3393, 39627
2061, 0.3394, 39646
2062, 0.3395, 39665
2063, 0.3396, 39685
2064, 0.3395, 39705
2065, 0.3397, 39724
2066, 0.3397, 39743
2067, 0.3398, 39763
2068, 0.3398, 39782
2069, 0.3399, 39801
2070, 0.3403, 39820
2071, 0.3406, 39839
2072, 0.3406, 39858
2073, 0.3408, 39878
2074, 0.3408, 39897
2075, 0.3408, 39917
2076, 0.341, 39936
2077, 0.3414, 39956
2078, 0.3414, 39975
2079, 0.3414, 39994
2080, 0.3417, 40014
2081, 0.342, 40033
2082, 0.3422, 40052
2083, 0.3423, 40071
2084, 0.3424, 40091
2085, 0.3425, 40110
2086, 0.3426, 40129
2087, 0.3424, 40149
2088, 0.3425, 40168
2089, 0.3426, 40187
2090, 0.3426, 40206
2091, 0.3424, 40225
2092, 0.3427, 40245
2093, 0.3427, 40264
2094, 0.343, 40283
2095, 0.3431, 40302
2096, 0.3431, 40322
2097, 0.3434, 40341
2098, 0.3433, 40360
2099, 0.3433, 40380
2100, 0.3435, 40399
2101, 0.3437, 40419
2102, 0.3435, 40438
2103, 0.3435, 40457
2104, 0.3434, 40476
2105, 0.3434, 40495
2106, 0.3433, 40515
2107, 0.3435, 40534
2108, 0.3435, 40554
2109, 0.3435, 40574
2110, 0.3436, 40593
2111, 0.3436, 40613
2112, 0.3436, 40632
2113, 0.3435, 40652
2114, 0.3436, 40671
2115, 0.3438, 40691
2116, 0.3438, 40710
2117, 0.3437, 40730
2118, 0.3438, 40749
2119, 0.3439, 40768
2120, 0.3438, 40788
2121, 0.3438, 40807
2122, 0.3435, 40827
2123, 0.3434, 40846
2124, 0.3432, 40865
2125, 0.3435, 40885
2126, 0.3434, 40904
2127, 0.3434, 40924
2128, 0.3431, 40943
2129, 0.3432, 40963
2130, 0.3433, 40982
2131, 0.3434, 41002
2132, 0.3434, 41021
2133, 0.3435, 41041
2134, 0.3436, 41060
2135, 0.3437, 41079
2136, 0.3436, 41099
2137, 0.3439, 41118
2138, 0.3442, 41138
2139, 0.3446, 41157
2140, 0.3446, 41177
2141, 0.3445, 41196
2142, 0.3445, 41215
2143, 0.3444, 41235
2144, 0.3441, 41254
2145, 0.344, 41274
2146, 0.3439, 41293
2147, 0.3437, 41312
2148, 0.3438, 41332
2149, 0.344, 41351
2150, 0.3439, 41371
2151, 0.3439, 41390
2152, 0.344, 41410
2153, 0.3441, 41429
2154, 0.3444, 41449
2155, 0.3444, 41469
2156, 0.3445, 41488
2157, 0.3444, 41508
2158, 0.3443, 41527
2159, 0.3444, 41547
2160, 0.3447, 41566
2161, 0.3448, 41585
2162, 0.3448, 41604
2163, 0.3449, 41624
2164, 0.345, 41643
2165, 0.345, 41662
2166, 0.3452, 41682
2167, 0.3455, 41701
2168, 0.3457, 41720
2169, 0.3457, 41739
2170, 0.3459, 41758
2171, 0.346, 41777
2172, 0.3462, 41797
2173, 0.3464, 41816
2174, 0.3465, 41835
2175, 0.3464, 41854
2176, 0.3465, 41873
2177, 0.3465, 41893
2178, 0.3465, 41912
2179, 0.3465, 41932
2180, 0.3467, 41951
2181, 0.3468, 41970
2182, 0.3472, 41990
2183, 0.347, 42009
2184, 0.3473, 42028
2185, 0.3475, 42047
2186, 0.3476, 42067
2187, 0.3476, 42086
2188, 0.3473, 42105
2189, 0.3473, 42124
2190, 0.3475, 42144
2191, 0.3475, 42163
2192, 0.3475, 42182
2193, 0.3475, 42202
2194, 0.3474, 42221
2195, 0.3478, 42241
2196, 0.3478, 42261
2197, 0.3481, 42280
2198, 0.3485, 42299
2199, 0.3487, 42319
2200, 0.3488, 42338
2201, 0.3488, 42357
2202, 0.349, 42377
2203, 0.3491, 42397
2204, 0.3493, 42416
2205, 0.3496, 42435
2206, 0.3498, 42454
2207, 0.35, 42474
2208, 0.3498, 42493
2209, 0.3499, 42512
2210, 0.3502, 42531
2211, 0.3501, 42551
2212, 0.3501, 42570
2213, 0.3502, 42589
2214, 0.3502, 42608
2215, 0.3504, 42627
2216, 0.3505, 42646
2217, 0.3504, 42666
2218, 0.3503, 42685
2219, 0.3504, 42705
2220, 0.3506, 42724
2221, 0.3507, 42744
2222, 0.3507, 42763
2223, 0.3509, 42782
2224, 0.351, 42802
2225, 0.3509, 42821
2226, 0.3509, 42843
2227, 0.3512, 42862
2228, 0.3512, 42881
2229, 0.3512, 42901
2230, 0.3515, 42920
2231, 0.3512, 42939
2232, 0.3515, 42959
2233, 0.3518, 42978
2234, 0.3519, 42998
2235, 0.352, 43017
2236, 0.3518, 43036
2237, 0.352, 43056
2238, 0.3522, 43075
2239, 0.3521, 43095
2240, 0.3523, 43114
2241, 0.3522, 43134
2242, 0.3522, 43154
2243, 0.3523, 43173
2244, 0.3525, 43192
2245, 0.3527, 43211
2246, 0.3529, 43231
2247, 0.353, 43250
2248, 0.353, 43270
2249, 0.3529, 43289
2250, 0.3533, 43309
2251, 0.3533, 43328
2252, 0.3537, 43348
2253, 0.3539, 43367
2254, 0.3543, 43386
2255, 0.3543, 43405
2256, 0.3545, 43425
2257, 0.3543, 43444
2258, 0.3543, 43464
2259, 0.3544, 43483
2260, 0.3543, 43502
2261, 0.3543, 43522
2262, 0.3546, 43541
2263, 0.3546, 43560
2264, 0.3547, 43580
2265, 0.3549, 43599
2266, 0.355, 43619
2267, 0.3551, 43639
2268, 0.355, 43658
2269, 0.355, 43678
2270, 0.3553, 43697
2271, 0.3554, 43716
2272, 0.3558, 43735
2273, 0.3557, 43755
2274, 0.3555, 43775
2275, 0.356, 43794
2276, 0.3561, 43813
2277, 0.3564, 43833
2278, 0.3564, 43852
2279, 0.3568, 43871
2280, 0.3568, 43890
2281, 0.357, 43910
2282, 0.3568, 43929
2283, 0.3569, 43948
2284, 0.3568, 43967
2285, 0.3569, 43987
2286, 0.3569, 44006
2287, 0.3567, 44026
2288, 0.3567, 44045
2289, 0.3569, 44064
2290, 0.3567, 44084
2291, 0.3567, 44103
2292, 0.357, 44122
2293, 0.3572, 44142
2294, 0.3573, 44161
2295, 0.3573, 44181
2296, 0.3574, 44200
2297, 0.3575, 44219
2298, 0.3577, 44239
2299, 0.3577, 44258
2300, 0.3578, 44277
2301, 0.3578, 44297
2302, 0.3579, 44316
2303, 0.3579, 44336
2304, 0.358, 44355
2305, 0.358, 44375
2306, 0.3582, 44394
2307, 0.3584, 44414
2308, 0.3584, 44433
2309, 0.3584, 44452
2310, 0.3584, 44472
2311, 0.3583, 44491
2312, 0.3585, 44510
2313, 0.3586, 44530
2314, 0.3584, 44550
2315, 0.3581, 44570
2316, 0.3582, 44589
2317, 0.3582, 44608
2318, 0.3583, 44627
2319, 0.3584, 44647
2320, 0.3584, 44666
2321, 0.3584, 44686
2322, 0.3585, 44705
2323, 0.3585, 44725
2324, 0.3585, 44744
2325, 0.3588, 44763
2326, 0.3588, 44782
2327, 0.3588, 44802
2328, 0.3592, 44822
2329, 0.3592, 44841
2330, 0.3592, 44860
2331, 0.3596, 44880
2332, 0.3597, 44899
2333, 0.3598, 44918
2334, 0.3601, 44938
2335, 0.3602, 44957
2336, 0.3605, 44977
2337, 0.3609, 44996
2338, 0.3609, 45016
2339, 0.3611, 45035
2340, 0.3611, 45055
2341, 0.361, 45074
2342, 0.3611, 45094
2343, 0.3612, 45113
2344, 0.3612, 45132
2345, 0.3612, 45152
2346, 0.3613, 45171
2347, 0.3612, 45191
2348, 0.3611, 45210
2349, 0.3612, 45230
2350, 0.3613, 45249
2351, 0.3614, 45269
2352, 0.3614, 45287
2353, 0.3612, 45307
2354, 0.3616, 45326
2355, 0.3615, 45346
2356, 0.3615, 45365
2357, 0.361, 45384
2358, 0.3612, 45403
2359, 0.3614, 45423
2360, 0.3616, 45442
2361, 0.3616, 45461
2362, 0.3617, 45480
2363, 0.3618, 45499
2364, 0.3617, 45518
2365, 0.3619, 45538
2366, 0.3619, 45557
2367, 0.362, 45577
2368, 0.3622, 45596
2369, 0.3622, 45615
2370, 0.3622, 45634
2371, 0.3622, 45654
2372, 0.3625, 45673
2373, 0.3626, 45692
2374, 0.3628, 45711
2375, 0.3629, 45731
2376, 0.3628, 45750
2377, 0.3629, 45770
2378, 0.3632, 45789
2379, 0.3632, 45809
2380, 0.3632, 45828
2381, 0.3633, 45847
2382, 0.3633, 45867
2383, 0.3637, 45886
2384, 0.3636, 45905
2385, 0.3636, 45924
2386, 0.3637, 45944
2387, 0.3638, 45963
2388, 0.364, 45982
2389, 0.3639, 46001
2390, 0.3637, 46020
2391, 0.3636, 46040
2392, 0.3637, 46059
2393, 0.364, 46078
2394, 0.3639, 46097
2395, 0.3639, 46117
2396, 0.364, 46136
2397, 0.3641, 46155
2398, 0.3639, 46175
2399, 0.3639, 46194
2400, 0.3641, 46213
2401, 0.3643, 46233
2402, 0.3646, 46252
2403, 0.365, 46271
2404, 0.3653, 46290
2405, 0.3654, 46310
2406, 0.3656, 46330
2407, 0.3655, 46349
2408, 0.3654, 46369
2409, 0.365, 46389
2410, 0.3651, 46408
2411, 0.3652, 46427
2412, 0.3651, 46447
2413, 0.365, 46466
2414, 0.3648, 46486
2415, 0.3649, 46505
2416, 0.3648, 46524
2417, 0.3647, 46544
2418, 0.3649, 46563
2419, 0.365, 46582
2420, 0.3651, 46602
2421, 0.3652, 46621
2422, 0.3651, 46641
2423, 0.3653, 46660
2424, 0.3654, 46680
2425, 0.3653, 46699
2426, 0.3655, 46718
2427, 0.3656, 46738
2428, 0.366, 46758
2429, 0.3663, 46777
2430, 0.3665, 46796
2431, 0.3665, 46816
2432, 0.3665, 46835
2433, 0.3667, 46855
2434, 0.3668, 46874
2435, 0.367, 46894
2436, 0.3669, 46913
2437, 0.3668, 46932
2438, 0.3668, 46951
2439, 0.3669, 46970
2440, 0.3668, 46990
2441, 0.3668, 47009
2442, 0.3667, 47029
2443, 0.3667, 47048
2444, 0.3668, 47068
2445, 0.367, 47087
2446, 0.367, 47106
2447, 0.3669, 47126
2448, 0.3667, 47146
2449, 0.3667, 47165
2450, 0.3667, 47185
2451, 0.3668, 47204
2452, 0.367, 47223
2453, 0.3669, 47242
2454, 0.3671, 47262
2455, 0.3672, 47281
2456, 0.3675, 47300
2457, 0.3676, 47320
2458, 0.3675, 47339
2459, 0.3675, 47359
2460, 0.3676, 47378
2461, 0.3677, 47398
2462, 0.3678, 47417
2463, 0.368, 47437
2464, 0.3681, 47456
2465, 0.3678, 47476
2466, 0.3675, 47495
2467, 0.3672, 47514
2468, 0.3673, 47534
2469, 0.3676, 47553
2470, 0.3677, 47572
2471, 0.3677, 47592
2472, 0.3678, 47611
2473, 0.3677, 47630
2474, 0.3678, 47650
2475, 0.3679, 47669
2476, 0.3676, 47689
2477, 0.3675, 47709
2478, 0.3675, 47728
2479, 0.3674, 47747
2480, 0.3674, 47767
2481, 0.3675, 47786
2482, 0.3674, 47806
2483, 0.3677, 47826
2484, 0.3678, 47845
2485, 0.3677, 47864
2486, 0.3678, 47884
2487, 0.3678, 47904
2488, 0.3678, 47923
2489, 0.3678, 47943
2490, 0.3677, 47963
2491, 0.3678, 47982
2492, 0.3679, 48002
2493, 0.3677, 48021
2494, 0.3679, 48040
2495, 0.368, 48059
2496, 0.3681, 48079
2497, 0.3681, 48099
2498, 0.368, 48119
2499, 0.368, 48138
2500, 0.3686, 48158
2501, 0.3685, 48177
2502, 0.3684, 48197
2503, 0.3684, 48216
2504, 0.3685, 48236
2505, 0.3685, 48255
2506, 0.3688, 48275
2507, 0.3689, 48295
2508, 0.3692, 48314
2509, 0.3694, 48334
2510, 0.3697, 48353
2511, 0.3696, 48372
2512, 0.3694, 48392
2513, 0.3696, 48411
2514, 0.3698, 48431
2515, 0.37, 48450
2516, 0.3701, 48469
2517, 0.37, 48489
2518, 0.3699, 48509
2519, 0.3699, 48528
2520, 0.3699, 48548
2521, 0.3701, 48567
2522, 0.3702, 48587
2523, 0.3703, 48607
2524, 0.3703, 48626
2525, 0.3704, 48645
2526, 0.371, 48666
2527, 0.371, 48685
2528, 0.3709, 48704
2529, 0.3708, 48724
2530, 0.3711, 48744
2531, 0.3712, 48763
2532, 0.3712, 48782
2533, 0.3714, 48802
2534, 0.3714, 48821
2535, 0.3714, 48841
2536, 0.3713, 48861
2537, 0.3713, 48880
2538, 0.3714, 48900
2539, 0.3713, 48920
2540, 0.3717, 48939
2541, 0.3718, 48958
2542, 0.3719, 48978
2543, 0.372, 48997
2544, 0.3722, 49017
2545, 0.3721, 49037
2546, 0.3721, 49056
2547, 0.372, 49076
2548, 0.3719, 49095
2549, 0.3719, 49115
2550, 0.3718, 49135
2551, 0.372, 49154
2552, 0.3721, 49174
2553, 0.3722, 49194
2554, 0.3725, 49213
2555, 0.3725, 49233
2556, 0.3729, 49253
2557, 0.3731, 49272
2558, 0.3732, 49291
2559, 0.3731, 49311
2560, 0.3733, 49330
2561, 0.3731, 49350
2562, 0.3734, 49369
2563, 0.3736, 49389
2564, 0.3741, 49408
2565, 0.3742, 49428
2566, 0.3744, 49447
2567, 0.3745, 49467
2568, 0.3749, 49486
2569, 0.3751, 49505
2570, 0.3751, 49525
2571, 0.3753, 49544
2572, 0.3751, 49564
2573, 0.3751, 49583
2574, 0.3752, 49603
2575, 0.3752, 49622
2576, 0.3754, 49641
2577, 0.3753, 49661
2578, 0.3755, 49680
2579, 0.3754, 49699
2580, 0.3755, 49719
2581, 0.3756, 49738
2582, 0.3755, 49758
2583, 0.3758, 49777
2584, 0.3758, 49796
2585, 0.3757, 49816
2586, 0.3758, 49836
2587, 0.3756, 49855
2588, 0.3756, 49874
2589, 0.3757, 49893
2590, 0.3755, 49913
2591, 0.3755, 49932
2592, 0.3753, 49952
2593, 0.3752, 49971
2594, 0.3753, 49991
2595, 0.3752, 50011
2596, 0.375, 50030
2597, 0.375, 50050
2598, 0.3749, 50069
2599, 0.3749, 50088
2600, 0.3749, 50108
2601, 0.375, 50128
2602, 0.375, 50148
2603, 0.375, 50167
2604, 0.3751, 50187
2605, 0.3755, 50206
2606, 0.3756, 50226
2607, 0.3756, 50245
2608, 0.3756, 50265
2609, 0.3757, 50284
2610, 0.3756, 50304
2611, 0.3755, 50324
2612, 0.3757, 50343
2613, 0.3757, 50363
2614, 0.3759, 50382
2615, 0.3761, 50401
2616, 0.3762, 50421
2617, 0.3763, 50441
2618, 0.3759, 50461
2619, 0.3758, 50480
2620, 0.3757, 50500
2621, 0.3758, 50519
2622, 0.3759, 50539
2623, 0.3761, 50558
2624, 0.3761, 50578
2625, 0.3762, 50597
2626, 0.3761, 50617
2627, 0.376, 50636
2628, 0.376, 50656
2629, 0.376, 50675
2630, 0.376, 50694
2631, 0.3761, 50714
2632, 0.3763, 50733
2633, 0.3762, 50752
2634, 0.3763, 50772
2635, 0.3762, 50791
2636, 0.3763, 50810
2637, 0.376, 50830
2638, 0.3761, 50849
2639, 0.376, 50869
2640, 0.3757, 50888
2641, 0.3759, 50907
2642, 0.3759, 50927
2643, 0.3762, 50946
2644, 0.3766, 50965
2645, 0.3766, 50985
2646, 0.3768, 51004
2647, 0.3768, 51024
2648, 0.3769, 51043
2649, 0.3772, 51062
2650, 0.3773, 51082
2651, 0.3776, 51102
2652, 0.3775, 51121
2653, 0.3777, 51141
2654, 0.3777, 51160
2655, 0.3777, 51180
2656, 0.378, 51199
2657, 0.3778, 51218
2658, 0.3782, 51238
2659, 0.3783, 51257
2660, 0.3785, 51277
2661, 0.3784, 51296
2662, 0.3785, 51316
2663, 0.3784, 51335
2664, 0.3783, 51355
2665, 0.3784, 51374
2666, 0.3782, 51394
2667, 0.3782, 51413
2668, 0.3783, 51433
2669, 0.3783, 51452
2670, 0.3781, 51472
2671, 0.3785, 51492
2672, 0.3785, 51511
2673, 0.3786, 51531
2674, 0.3788, 51551
2675, 0.379, 51570
2676, 0.3789, 51590
2677, 0.379, 51609
2678, 0.3791, 51629
2679, 0.3791, 51648
2680, 0.3795, 51667
2681, 0.3795, 51686
2682, 0.3797, 51706
2683, 0.3796, 51725
2684, 0.3797, 51745
2685, 0.38, 51764
2686, 0.38, 51784
2687, 0.3799, 51803
2688, 0.3799, 51822
2689, 0.3798, 51842
2690, 0.38, 51862
2691, 0.3798, 51882
2692, 0.3801, 51901
2693, 0.38, 51920
2694, 0.3799, 51940
2695, 0.38, 51959
2696, 0.38, 51979
2697, 0.3802, 51998
2698, 0.3803, 52017
2699, 0.3798, 52037
2700, 0.3801, 52056
2701, 0.3799, 52076
2702, 0.3802, 52095
2703, 0.3802, 52114
2704, 0.3804, 52134
2705, 0.3803, 52154
2706, 0.3806, 52173
2707, 0.3806, 52193
2708, 0.3806, 52212
2709, 0.3805, 52232
2710, 0.3811, 52252
2711, 0.3809, 52272
2712, 0.3812, 52291
2713, 0.3816, 52310
2714, 0.3817, 52330
2715, 0.3814, 52350
2716, 0.3816, 52369
2717, 0.3817, 52388
2718, 0.3819, 52407
2719, 0.3814, 52427
2720, 0.3823, 52446
2721, 0.3821, 52466
2722, 0.382, 52486
2723, 0.3816, 52505
2724, 0.3827, 52525
2725, 0.3821, 52544
2726, 0.3819, 52563
2727, 0.3819, 52582
2728, 0.3826, 52602
2729, 0.3822, 52622
2730, 0.3822, 52642
2731, 0.382, 52661
2732, 0.3829, 52681
2733, 0.3822, 52701
2734, 0.3825, 52720
2735, 0.3825, 52740
2736, 0.3827, 52759
2737, 0.3829, 52778
2738, 0.3826, 52797
2739, 0.3828, 52816
2740, 0.3832, 52836
2741, 0.3838, 52855
2742, 0.3825, 52874
2743, 0.3828, 52894
2744, 0.3839, 52914
2745, 0.3835, 52933
2746, 0.3833, 52953
2747, 0.3833, 52972
2748, 0.384, 52992
2749, 0.3836, 53011
2750, 0.3827, 53031
2751, 0.3839, 53050
2752, 0.385, 53070
2753, 0.3843, 53089
2754, 0.383, 53109
2755, 0.3841, 53128
2756, 0.3839, 53147
2757, 0.385, 53167
2758, 0.3823, 53186
2759, 0.3841, 53205
2760, 0.3826, 53225
2761, 0.3847, 53244
2762, 0.3822, 53263
2763, 0.3835, 53283
2764, 0.3801, 53302
2765, 0.3854, 53321
2766, 0.3804, 53341
2767, 0.3841, 53360
2768, 0.3761, 53380
2769, 0.3842, 53399
2770, 0.3768, 53419
2771, 0.3844, 53438
2772, 0.3702, 53457
2773, 0.3839, 53476
2774, 0.371, 53495
2775, 0.3838, 53515
2776, 0.3654, 53534
2777, 0.3836, 53554
2778, 0.366, 53573
2779, 0.3839, 53593
2780, 0.361, 53613
2781, 0.3831, 53632
2782, 0.3567, 53651
2783, 0.3841, 53671
2784, 0.3536, 53690
2785, 0.3842, 53710
2786, 0.3492, 53729
2787, 0.383, 53748
2788, 0.347, 53768
2789, 0.3837, 53787
2790, 0.3453, 53806
2791, 0.3777, 53826
2792, 0.3464, 53845
2793, 0.376, 53865
2794, 0.3484, 53885
2795, 0.3625, 53904
2796, 0.3566, 53923
2797, 0.3558, 53943
2798, 0.364, 53962
2799, 0.3475, 53982
2800, 0.3785, 54001
2801, 0.3417, 54021
2802, 0.3821, 54040
2803, 0.3455, 54060
2804, 0.3817, 54079
2805, 0.3488, 54098
2806, 0.3764, 54118
2807, 0.3587, 54138
2808, 0.3666, 54157
2809, 0.3717, 54177
2810, 0.3591, 54197
2811, 0.3815, 54216
2812, 0.3584, 54236
2813, 0.3862, 54255
2814, 0.3581, 54274
2815, 0.3838, 54294
2816, 0.3644, 54313
2817, 0.3774, 54333
2818, 0.3724, 54352
2819, 0.3708, 54372
2820, 0.3817, 54392
2821, 0.3677, 54411
2822, 0.3869, 54431
2823, 0.3658, 54450
2824, 0.3874, 54469
2825, 0.3721, 54489
2826, 0.3856, 54509
2827, 0.375, 54528
2828, 0.3805, 54547
2829, 0.382, 54566
2830, 0.3769, 54586
2831, 0.3874, 54605
2832, 0.3735, 54625
2833, 0.3891, 54644
2834, 0.3757, 54663
2835, 0.388, 54682
2836, 0.3771, 54702
2837, 0.3881, 54721
2838, 0.3828, 54741
2839, 0.3845, 54760
2840, 0.3854, 54779
2841, 0.3801, 54798
2842, 0.3881, 54818
2843, 0.3812, 54838
2844, 0.391, 54857
2845, 0.3791, 54876
2846, 0.3907, 54896
2847, 0.3828, 54915
2848, 0.3883, 54934
2849, 0.384, 54953
2850, 0.388, 54973
2851, 0.3861, 54992
2852, 0.3857, 55011
2853, 0.3907, 55031
2854, 0.3842, 55050
2855, 0.3896, 55070
2856, 0.3842, 55089
2857, 0.3908, 55109
2858, 0.3827, 55128
2859, 0.3925, 55148
2860, 0.3849, 55167
2861, 0.3895, 55186
2862, 0.3869, 55205
2863, 0.3915, 55224
2864, 0.388, 55244
2865, 0.3872, 55263
2866, 0.3922, 55282
2867, 0.3871, 55302
2868, 0.3903, 55322
2869, 0.3862, 55341
2870, 0.3922, 55360
2871, 0.385, 55379
2872, 0.3927, 55399
2873, 0.3863, 55418
2874, 0.3923, 55438
2875, 0.3871, 55457
2876, 0.3928, 55476
2877, 0.388, 55496
2878, 0.3898, 55516
2879, 0.3909, 55536
2880, 0.3877, 55556
2881, 0.3906, 55575
2882, 0.3872, 55595
2883, 0.3932, 55614
2884, 0.3863, 55634
2885, 0.3934, 55653
2886, 0.3866, 55673
2887, 0.3927, 55692
2888, 0.3861, 55712
2889, 0.3936, 55732
2890, 0.3876, 55751
2891, 0.392, 55770
2892, 0.388, 55790
2893, 0.3933, 55810
2894, 0.3902, 55829
2895, 0.3898, 55849
2896, 0.3935, 55869
2897, 0.3878, 55889
2898, 0.3925, 55909
2899, 0.3881, 55928
2900, 0.3941, 55948
2901, 0.3857, 55967
2902, 0.394, 55987
2903, 0.3862, 56006
2904, 0.3941, 56026
2905, 0.3861, 56045
2906, 0.3944, 56064
2907, 0.3876, 56084
2908, 0.3923, 56104
2909, 0.388, 56123
2910, 0.3923, 56143
2911, 0.3893, 56163
2912, 0.3894, 56182
2913, 0.3927, 56202
2914, 0.3883, 56221
2915, 0.3925, 56240
2916, 0.387, 56260
2917, 0.3942, 56280
2918, 0.3869, 56299
2919, 0.3947, 56319
2920, 0.3859, 56338
2921, 0.3943, 56358
2922, 0.3861, 56377
2923, 0.3945, 56396
2924, 0.3868, 56416
2925, 0.3933, 56435
2926, 0.3871, 56454
2927, 0.3929, 56474
2928, 0.3886, 56493
2929, 0.3896, 56513
2930, 0.3916, 56532
2931, 0.3875, 56552
2932, 0.392, 56572
2933, 0.3875, 56591
2934, 0.3952, 56610
2935, 0.3848, 56630
2936, 0.3944, 56649
2937, 0.3851, 56669
2938, 0.395, 56688
2939, 0.3831, 56708
2940, 0.3949, 56727
2941, 0.385, 56747
2942, 0.3931, 56767
2943, 0.386, 56786
2944, 0.3943, 56806
2945, 0.3873, 56826
2946, 0.3893, 56845
2947, 0.39, 56865
2948, 0.3882, 56884
2949, 0.3913, 56903
2950, 0.3863, 56923
2951, 0.3962, 56942
2952, 0.3848, 56962
2953, 0.3945, 56981
2954, 0.384, 57000
2955, 0.3952, 57019
2956, 0.382, 57039
2957, 0.3965, 57058
2958, 0.384, 57078
2959, 0.3939, 57098
2960, 0.3855, 57117
2961, 0.3944, 57137
2962, 0.3873, 57157
2963, 0.3892, 57176
2964, 0.3893, 57195
2965, 0.3877, 57215
2966, 0.3914, 57235
2967, 0.3862, 57254
2968, 0.3962, 57274
2969, 0.383, 57293
2970, 0.3945, 57313
2971, 0.3826, 57333
2972, 0.3969, 57352
2973, 0.3824, 57372
2974, 0.3967, 57391
2975, 0.3838, 57411
2976, 0.3938, 57430
2977, 0.3865, 57450
2978, 0.3935, 57470
2979, 0.3879, 57490
2980, 0.3885, 57509
2981, 0.3925, 57529
2982, 0.3869, 57549
2983, 0.3934, 57569
2984, 0.3844, 57588
2985, 0.3978, 57608
2986, 0.3831, 57627
2987, 0.3963, 57646
2988, 0.384, 57667
2989, 0.3964, 57685
2990, 0.3842, 57705
2991, 0.3976, 57725
2992, 0.3862, 57744
2993, 0.3927, 57763
2994, 0.3897, 57783
2995, 0.3908, 57802
2996, 0.3911, 57821
2997, 0.3884, 57841
2998, 0.3969, 57860
2999, 0.3864, 57879
3000, 0.3953, 57899
3001, 0.3847, 57918
3002, 0.3976, 57938
3003, 0.3846, 57957
3004, 0.3994, 57977
3005, 0.3855, 57996
3006, 0.3962, 58016
3007, 0.3895, 58035
3008, 0.3948, 58054
3009, 0.3901, 58074
3010, 0.3905, 58093
3011, 0.3953, 58113
3012, 0.3905, 58133
3013, 0.3961, 58152
3014, 0.3867, 58172
3015, 0.4003, 58191
3016, 0.3868, 58211
3017, 0.399, 58231
3018, 0.3863, 58250
3019, 0.3976, 58270
3020, 0.3892, 58289
3021, 0.3975, 58309
3022, 0.3897, 58328
3023, 0.3948, 58347
3024, 0.3943, 58367
3025, 0.3939, 58386
3026, 0.395, 58406
3027, 0.3897, 58425
3028, 0.3996, 58445
3029, 0.3897, 58464
3030, 0.3992, 58483
3031, 0.3878, 58503
3032, 0.3997, 58522
3033, 0.3898, 58542
3034, 0.4007, 58561
3035, 0.389, 58580
3036, 0.396, 58599
3037, 0.3947, 58619
3038, 0.3964, 58638
3039, 0.394, 58657
3040, 0.3918, 58677
3041, 0.3988, 58696
3042, 0.393, 58715
3043, 0.3979, 58735
3044, 0.3889, 58754
3045, 0.3995, 58774
3046, 0.3919, 58793
3047, 0.4, 58812
3048, 0.3885, 58831
3049, 0.3975, 58851
3050, 0.3942, 58870
3051, 0.3988, 58889
3052, 0.3931, 58908
3053, 0.3944, 58928
3054, 0.398, 58947
3055, 0.3964, 58966
3056, 0.3969, 58986
3057, 0.3905, 59005
3058, 0.4023, 59024
3059, 0.3936, 59043
3060, 0.4002, 59063
3061, 0.3894, 59082
3062, 0.3989, 59102
3063, 0.3937, 59121
3064, 0.4021, 59141
3065, 0.3922, 59161
3066, 0.3962, 59180
3067, 0.397, 59199
3068, 0.3978, 59218
3069, 0.3956, 59238
3070, 0.3935, 59257
3071, 0.4014, 59277
3072, 0.3951, 59296
3073, 0.4001, 59316
3074, 0.3904, 59335
3075, 0.4006, 59354
3076, 0.3949, 59373
3077, 0.4014, 59393
3078, 0.3923, 59412
3079, 0.3993, 59432
3080, 0.397, 59452
3081, 0.4007, 59472
3082, 0.3954, 59491
3083, 0.396, 59511
3084, 0.3996, 59530
3085, 0.3971, 59549
3086, 0.399, 59569
3087, 0.3932, 59588
3088, 0.404, 59608
3089, 0.3954, 59627
3090, 0.4002, 59647
3091, 0.3923, 59666
3092, 0.4008, 59686
3093, 0.3961, 59705
3094, 0.4039, 59725
3095, 0.3953, 59744
3096, 0.3985, 59764
3097, 0.3991, 59783
3098, 0.3988, 59802
3099, 0.3975, 59822
3100, 0.3956, 59841
3101, 0.4031, 59860
3102, 0.3975, 59880
3103, 0.4008, 59899
3104, 0.394, 59919
3105, 0.4034, 59938
3106, 0.3969, 59957
3107, 0.4034, 59977
3108, 0.3938, 59997
3109, 0.4007, 60016
3110, 0.3974, 60035
3111, 0.4041, 60054
3112, 0.3965, 60074
3113, 0.3978, 60093
3114, 0.4005, 60112
3115, 0.3998, 60131
3116, 0.3993, 60151
3117, 0.3958, 60171
3118, 0.4044, 60190
3119, 0.3983, 60210
3120, 0.4023, 60230
3121, 0.3933, 60249
3122, 0.403, 60268
3123, 0.3975, 60288
3124, 0.4055, 60307
3125, 0.3948, 60327
3126, 0.4012, 60346
3127, 0.3999, 60366
3128, 0.4008, 60385
3129, 0.3984, 60404
3130, 0.3986, 60424
3131, 0.4013, 60443
3132, 0.4, 60463
3133, 0.4017, 60483
3134, 0.3949, 60502
3135, 0.4067, 60521
3136, 0.3981, 60541
3137, 0.4041, 60560
3138, 0.3939, 60579
3139, 0.4035, 60599
3140, 0.3988, 60618
3141, 0.4057, 60638
3142, 0.3962, 60657
3143, 0.4009, 60676
3144, 0.4006, 60696
3145, 0.4014, 60715
3146, 0.3999, 60734
3147, 0.3981, 60753
3148, 0.4055, 60772
3149, 0.4002, 60791
3150, 0.4044, 60811
3151, 0.395, 60831
3152, 0.4059, 60851
3153, 0.3987, 60871
3154, 0.406, 60890
3155, 0.3951, 60910
3156, 0.4045, 60929
3157, 0.4003, 60949
3158, 0.4062, 60968
3159, 0.3986, 60988
3160, 0.401, 61007
3161, 0.4034, 61026
3162, 0.4015, 61046
3163, 0.4017, 61065
3164, 0.3968, 61085
3165, 0.4073, 61104
3166, 0.3991, 61124
3167, 0.4054, 61143
3168, 0.396, 61163
3169, 0.4057, 61183
3170, 0.3995, 61202
3171, 0.4074, 61222
3172, 0.3969, 61242
3173, 0.4039, 61261
3174, 0.4025, 61281
3175, 0.4038, 61300
3176, 0.4006, 61320
3177, 0.401, 61339
3178, 0.4046, 61358
3179, 0.4026, 61377
3180, 0.4037, 61397
3181, 0.397, 61416
3182, 0.4078, 61436
3183, 0.3994, 61456
3184, 0.4075, 61476
3185, 0.3961, 61496
3186, 0.4064, 61515
3187, 0.4011, 61534
3188, 0.4088, 61554
3189, 0.3986, 61573
3190, 0.403, 61593
3191, 0.4041, 61612
3192, 0.4046, 61631
3193, 0.4029, 61650
3194, 0.4001, 61670
3195, 0.4072, 61690
3196, 0.4016, 61709
3197, 0.4069, 61728
3198, 0.3974, 61748
3199, 0.4082, 61767
3200, 0.3995, 61786
3201, 0.4088, 61806
3202, 0.3982, 61825
3203, 0.4067, 61844
3204, 0.4029, 61864
3205, 0.407, 61883
3206, 0.4021, 61903
3207, 0.4037, 61922
3208, 0.4064, 61942
3209, 0.4044, 61961
3210, 0.406, 61981
3211, 0.3999, 62000
3212, 0.4092, 62019
3213, 0.4011, 62039
3214, 0.4091, 62059
3215, 0.3988, 62078
3216, 0.4085, 62097
3217, 0.4016, 62117
3218, 0.4099, 62136
3219, 0.4004, 62156
3220, 0.4061, 62175
3221, 0.4056, 62195
3222, 0.4061, 62214
3223, 0.404, 62234
3224, 0.4027, 62253
3225, 0.4074, 62273
3226, 0.4034, 62292
3227, 0.4084, 62312
3228, 0.3998, 62332
3229, 0.4099, 62352
3230, 0.4014, 62371
3231, 0.4099, 62391
3232, 0.3996, 62410
3233, 0.4086, 62430
3234, 0.4035, 62449
3235, 0.4088, 62469
3236, 0.4028, 62488
3237, 0.4047, 62508
3238, 0.4062, 62527
3239, 0.4058, 62546
3240, 0.4073, 62566
3241, 0.4009, 62585
3242, 0.41, 62605
3243, 0.4027, 62624
3244, 0.4094, 62643
3245, 0.399, 62662
3246, 0.4098, 62682
3247, 0.4027, 62701
3248, 0.411, 62721
3249, 0.4013, 62740
3250, 0.4085, 62759
3251, 0.4068, 62778
3252, 0.4069, 62797
3253, 0.405, 62816
3254, 0.4035, 62835
3255, 0.4092, 62855
3256, 0.4051, 62875
3257, 0.4096, 62894
3258, 0.3998, 62914
3259, 0.411, 62933
3260, 0.4035, 62953
3261, 0.4111, 62972
3262, 0.3997, 62991
3263, 0.41, 63010
3264, 0.405, 63030
3265, 0.4095, 63049
3266, 0.4037, 63069
3267, 0.4064, 63088
3268, 0.4081, 63108
3269, 0.4082, 63127
3270, 0.4094, 63147
3271, 0.4015, 63167
3272, 0.4116, 63186
3273, 0.4048, 63205
3274, 0.4116, 63224
3275, 0.3994, 63244
3276, 0.4108, 63264
3277, 0.4049, 63283
3278, 0.412, 63302
3279, 0.4011, 63322
3280, 0.4104, 63341
3281, 0.4087, 63360
3282, 0.4093, 63380
3283, 0.4063, 63399
3284, 0.4055, 63419
3285, 0.4105, 63438
3286, 0.4075, 63457
3287, 0.4107, 63477
3288, 0.4006, 63496
3289, 0.4118, 63516
3290, 0.4048, 63535
3291, 0.4119, 63554
3292, 0.4002, 63574
3293, 0.412, 63593
3294, 0.4064, 63612
3295, 0.4112, 63631
3296, 0.4046, 63650
3297, 0.4083, 63670
3298, 0.4097, 63689
3299, 0.4089, 63708
3300, 0.4108, 63727
3301, 0.4038, 63747
3302, 0.4121, 63766
3303, 0.4061, 63786
3304, 0.4131, 63805
3305, 0.4006, 63824
3306, 0.4132, 63844
3307, 0.4059, 63863
3308, 0.4127, 63882
3309, 0.4014, 63901
3310, 0.4123, 63921
3311, 0.4089, 63940
3312, 0.4106, 63959
3313, 0.4088, 63978
3314, 0.4081, 63998
3315, 0.4107, 64017
3316, 0.4079, 64036
3317, 0.412, 64056
3318, 0.4013, 64075
3319, 0.4121, 64094
3320, 0.4071, 64114
3321, 0.4135, 64133
3322, 0.4018, 64153
3323, 0.4129, 64172
3324, 0.4076, 64191
3325, 0.4128, 64210
3326, 0.4056, 64230
3327, 0.4106, 64249
3328, 0.41, 64269
3329, 0.4093, 64288
3330, 0.4106, 64308
3331, 0.4058, 64328
3332, 0.4127, 64347
3333, 0.4081, 64366
3334, 0.4136, 64386
3335, 0.4022, 64405
3336, 0.4139, 64424
3337, 0.4088, 64444
3338, 0.4127, 64463
3339, 0.4023, 64483
3340, 0.4125, 64502
3341, 0.4094, 64521
3342, 0.4122, 64540
3343, 0.4083, 64560
3344, 0.4092, 64579
3345, 0.4119, 64599
3346, 0.4101, 64618
3347, 0.4125, 64637
3348, 0.4038, 64657
3349, 0.4139, 64677
3350, 0.4094, 64696
3351, 0.4135, 64716
3352, 0.4027, 64736
3353, 0.4149, 64756
3354, 0.4098, 64776
3355, 0.4131, 64795
3356, 0.4052, 64815
3357, 0.4115, 64835
3358, 0.4112, 64854
3359, 0.412, 64873
3360, 0.411, 64893
3361, 0.4074, 64912
3362, 0.4126, 64932
3363, 0.4102, 64952
3364, 0.4145, 64971
3365, 0.4043, 64991
3366, 0.4139, 65010
3367, 0.41, 65030
3368, 0.4136, 65049
3369, 0.4041, 65069
3370, 0.4147, 65088
3371, 0.4106, 65107
3372, 0.4131, 65127
3373, 0.4084, 65146
3374, 0.4104, 65166
3375, 0.413, 65185
3376, 0.4116, 65205
3377, 0.4119, 65224
3378, 0.4058, 65244
3379, 0.4147, 65263
3380, 0.4101, 65283
3381, 0.4157, 65302
3382, 0.4052, 65321
3383, 0.4147, 65341
3384, 0.4102, 65360
3385, 0.4147, 65380
3386, 0.4059, 65400
3387, 0.4126, 65419
3388, 0.4118, 65439
3389, 0.4136, 65459
3390, 0.4109, 65478
3391, 0.4092, 65498
3392, 0.4139, 65518
3393, 0.412, 65538
3394, 0.4143, 65557
3395, 0.4053, 65577
3396, 0.4149, 65597
3397, 0.4115, 65617
3398, 0.4146, 65637
3399, 0.4059, 65656
3400, 0.4159, 65676
3401, 0.4115, 65696
3402, 0.4156, 65716
3403, 0.4081, 65736
3404, 0.4119, 65756
3405, 0.4135, 65775
3406, 0.4136, 65795
3407, 0.4123, 65815
3408, 0.4076, 65834
3409, 0.4158, 65853
3410, 0.4119, 65873
3411, 0.4163, 65893
3412, 0.4071, 65913
3413, 0.4155, 65932
3414, 0.4122, 65952
3415, 0.4158, 65972
3416, 0.4073, 65992
3417, 0.4149, 66011
3418, 0.414, 66031
3419, 0.4147, 66051
3420, 0.4102, 66070
3421, 0.4111, 66090
3422, 0.415, 66109
3423, 0.4142, 66129
3424, 0.4144, 66148
3425, 0.408, 66168
3426, 0.4169, 66188
3427, 0.4129, 66207
3428, 0.4167, 66226
3429, 0.4084, 66246
3430, 0.4169, 66265
3431, 0.4132, 66285
3432, 0.4166, 66305
3433, 0.4089, 66324
3434, 0.4137, 66344
3435, 0.4148, 66363
3436, 0.415, 66384
3437, 0.4137, 66403
3438, 0.41, 66423
3439, 0.4166, 66442
3440, 0.4138, 66461
3441, 0.4175, 66481
3442, 0.4089, 66501
3443, 0.4176, 66520
3444, 0.4137, 66540
3445, 0.4177, 66560
3446, 0.4089, 66579
3447, 0.416, 66599
3448, 0.4146, 66618
3449, 0.4162, 66638
3450, 0.4106, 66658
3451, 0.4126, 66677
3452, 0.4157, 66697
3453, 0.4144, 66716
3454, 0.4143, 66736
3455, 0.4093, 66755
3456, 0.4173, 66775
3457, 0.4147, 66795
3458, 0.4187, 66816
3459, 0.4092, 66835
3460, 0.4184, 66855
3461, 0.4148, 66874
3462, 0.4182, 66894
3463, 0.4098, 66913
3464, 0.4143, 66933
3465, 0.4158, 66952
3466, 0.4164, 66972
3467, 0.4141, 66991
3468, 0.4115, 67011
3469, 0.4171, 67031
3470, 0.4155, 67050
3471, 0.4176, 67070
3472, 0.4101, 67090
3473, 0.4187, 67110
3474, 0.4147, 67129
3475, 0.4186, 67149
3476, 0.4103, 67168
3477, 0.4187, 67188
3478, 0.4157, 67208
3479, 0.4187, 67227
3480, 0.4117, 67246
3481, 0.4158, 67266
3482, 0.4178, 67286
3483, 0.4169, 67305
3484, 0.4162, 67325
3485, 0.4105, 67345
3486, 0.4185, 67364
3487, 0.4164, 67384
3488, 0.4194, 67403
3489, 0.4108, 67423
3490, 0.4195, 67443
3491, 0.4156, 67462
3492, 0.4184, 67482
3493, 0.4108, 67501
3494, 0.4159, 67521
3495, 0.4171, 67540
3496, 0.419, 67560
3497, 0.4143, 67579
3498, 0.4132, 67599
3499, 0.4197, 67618
3500, 0.416, 67638
3501, 0.4178, 67657
3502, 0.4114, 67677
3503, 0.4198, 67697
3504, 0.4155, 67716
3505, 0.4195, 67736
3506, 0.4114, 67756
3507, 0.4194, 67776
3508, 0.417, 67796
3509, 0.4188, 67816
3510, 0.4135, 67836
3511, 0.4173, 67856
3512, 0.4189, 67875
3513, 0.4188, 67895
3514, 0.4173, 67915
3515, 0.4141, 67934
3516, 0.419, 67954
3517, 0.4172, 67975
3518, 0.4199, 67995
3519, 0.4116, 68014
3520, 0.4192, 68034
3521, 0.4159, 68054
3522, 0.4209, 68073
3523, 0.4115, 68093
3524, 0.4178, 68112
3525, 0.4169, 68131
3526, 0.4218, 68151
3527, 0.4151, 68171
3528, 0.4162, 68191
3529, 0.4209, 68210
3530, 0.4181, 68230
3531, 0.4187, 68250
3532, 0.4119, 68269
3533, 0.4207, 68289
3534, 0.416, 68309
3535, 0.4207, 68328
3536, 0.4116, 68348
3537, 0.42, 68368
3538, 0.4171, 68387
3539, 0.4202, 68407
3540, 0.4135, 68427
3541, 0.4175, 68446
3542, 0.4196, 68466
3543, 0.4198, 68486
3544, 0.4173, 68505
3545, 0.4147, 68525
3546, 0.4213, 68544
3547, 0.4175, 68564
3548, 0.4186, 68583
3549, 0.4123, 68602
3550, 0.4211, 68622
3551, 0.4159, 68642
3552, 0.4215, 68662
3553, 0.4121, 68681
3554, 0.4189, 68701
3555, 0.4174, 68720
3556, 0.4217, 68740
3557, 0.4152, 68759
3558, 0.417, 68779
3559, 0.4207, 68798
3560, 0.4196, 68818
3561, 0.4191, 68838
3562, 0.4143, 68857
3563, 0.4215, 68877
3564, 0.4168, 68896
3565, 0.4219, 68916
3566, 0.4117, 68936
3567, 0.4226, 68955
3568, 0.4173, 68975
3569, 0.4217, 68994
3570, 0.4144, 69014
3571, 0.4194, 69033
3572, 0.4192, 69053
3573, 0.421, 69073
3574, 0.4165, 69092
3575, 0.4161, 69112
3576, 0.4222, 69131
3577, 0.4193, 69150
3578, 0.4208, 69170
3579, 0.4134, 69190
3580, 0.423, 69210
3581, 0.4179, 69229
3582, 0.4231, 69249
3583, 0.413, 69269
3584, 0.4218, 69289
3585, 0.4184, 69308
3586, 0.4217, 69328
3587, 0.4154, 69348
3588, 0.4184, 69368
3589, 0.4209, 69387
3590, 0.4207, 69407
3591, 0.4187, 69426
3592, 0.4153, 69445
3593, 0.4223, 69465
3594, 0.4189, 69484
3595, 0.4226, 69504
3596, 0.4137, 69523
3597, 0.4246, 69543
3598, 0.4191, 69562
3599, 0.4245, 69582
3600, 0.4145, 69602
3601, 0.4214, 69621
3602, 0.4195, 69641
3603, 0.4224, 69661
3604, 0.4169, 69680
3605, 0.4173, 69700
3606, 0.422, 69719
3607, 0.4195, 69739
3608, 0.4197, 69759
3609, 0.4153, 69778
3610, 0.4247, 69798
3611, 0.4198, 69818
3612, 0.4242, 69838
3613, 0.4146, 69857
3614, 0.4236, 69877
3615, 0.42, 69896
3616, 0.4238, 69915
3617, 0.4157, 69935
3618, 0.42, 69954
3619, 0.4207, 69974
3620, 0.4224, 69994
3621, 0.419, 70014
3622, 0.4176, 70034
3623, 0.4223, 70053
3624, 0.4197, 70073
3625, 0.4229, 70093
3626, 0.416, 70113
3627, 0.4261, 70133
3628, 0.4199, 70152
3629, 0.4259, 70172
3630, 0.417, 70191
3631, 0.4222, 70211
3632, 0.42, 70230
3633, 0.4221, 70250
3634, 0.4176, 70270
3635, 0.4197, 70289
3636, 0.4226, 70309
3637, 0.4212, 70328
3638, 0.4206, 70348
3639, 0.417, 70367
3640, 0.4248, 70387
3641, 0.4203, 70407
3642, 0.4245, 70426
3643, 0.4165, 70446
3644, 0.4262, 70465
3645, 0.4202, 70484
3646, 0.4259, 70504
3647, 0.4178, 70524
3648, 0.4221, 70543
3649, 0.4209, 70562
3650, 0.4244, 70582
3651, 0.4193, 70602
3652, 0.4191, 70621
3653, 0.4248, 70641
3654, 0.4205, 70660
3655, 0.4231, 70680
3656, 0.4186, 70700
3657, 0.427, 70719
3658, 0.4202, 70739
3659, 0.4258, 70758
3660, 0.4181, 70777
3661, 0.4248, 70797
3662, 0.4216, 70816
3663, 0.4257, 70835
3664, 0.4183, 70855
3665, 0.4223, 70874
3666, 0.4211, 70893
3667, 0.4238, 70912
3668, 0.4211, 70932
3669, 0.4188, 70951
3670, 0.4247, 70970
3671, 0.4218, 70990
3672, 0.4256, 71010
3673, 0.4189, 71029
3674, 0.428, 71049
3675, 0.4211, 71068
3676, 0.4278, 71087
3677, 0.4192, 71107
3678, 0.425, 71127
3679, 0.4221, 71146
3680, 0.4256, 71166
3681, 0.4206, 71185
3682, 0.4218, 71205
3683, 0.4239, 71224
3684, 0.4231, 71244
3685, 0.4227, 71263
3686, 0.4194, 71283
3687, 0.4281, 71302
3688, 0.4224, 71321
3689, 0.4274, 71341
3690, 0.4195, 71360
3691, 0.4277, 71379
3692, 0.4231, 71399
3693, 0.4276, 71419
3694, 0.4198, 71439
3695, 0.4233, 71458
3696, 0.4231, 71478
3697, 0.4257, 71498
3698, 0.4215, 71517
3699, 0.4212, 71537
3700, 0.4258, 71556
3701, 0.4233, 71576
3702, 0.4251, 71595
3703, 0.4201, 71615
3704, 0.429, 71634
3705, 0.4235, 71653
3706, 0.4288, 71673
3707, 0.4203, 71692
3708, 0.4272, 71711
3709, 0.4242, 71731
3710, 0.4265, 71750
3711, 0.4203, 71769
3712, 0.423, 71789
3713, 0.4236, 71808
3714, 0.4241, 71827
3715, 0.4227, 71847
3716, 0.4206, 71866
3717, 0.4275, 71886
3718, 0.4243, 71906
3719, 0.4273, 71925
3720, 0.421, 71945
3721, 0.4307, 71964
3722, 0.4239, 71983
3723, 0.4286, 72003
3724, 0.4212, 72023
3725, 0.4261, 72042
3726, 0.425, 72062
3727, 0.4267, 72081
3728, 0.4212, 72101
3729, 0.4219, 72121
3730, 0.4249, 72140
3731, 0.425, 72160
3732, 0.4246, 72180
3733, 0.4212, 72199
3734, 0.4297, 72219
3735, 0.4242, 72238
3736, 0.4298, 72258
3737, 0.4212, 72277
3738, 0.4294, 72297
3739, 0.4246, 72316
3740, 0.4288, 72336
3741, 0.4215, 72356
3742, 0.4254, 72375
3743, 0.4257, 72395
3744, 0.4249, 72414
3745, 0.4224, 72433
3746, 0.4224, 72453
3747, 0.4274, 72472
3748, 0.4255, 72491
3749, 0.4279, 72511
3750, 0.4212, 72530
3751, 0.4299, 72550
3752, 0.424, 72569
3753, 0.4305, 72589
3754, 0.4209, 72609
3755, 0.4283, 72628
3756, 0.4251, 72648
3757, 0.4281, 72667
3758, 0.423, 72687
3759, 0.4247, 72706
3760, 0.4265, 72725
3761, 0.4265, 72745
3762, 0.4243, 72765
3763, 0.4219, 72784
3764, 0.4283, 72804
3765, 0.4252, 72823
3766, 0.4305, 72843
3767, 0.4206, 72862
3768, 0.4313, 72882
3769, 0.4248, 72901
3770, 0.4306, 72921
3771, 0.4216, 72941
3772, 0.4288, 72960
3773, 0.4274, 72980
3774, 0.427, 72999
3775, 0.4232, 73019
3776, 0.4235, 73038
3777, 0.4279, 73058
3778, 0.4272, 73077
3779, 0.4284, 73097
3780, 0.4215, 73116
3781, 0.4312, 73136
3782, 0.4255, 73156
3783, 0.4311, 73175
3784, 0.4207, 73194
3785, 0.43, 73214
3786, 0.4257, 73233
3787, 0.4305, 73253
3788, 0.423, 73272
3789, 0.4272, 73291
3790, 0.4285, 73311
3791, 0.4289, 73330
3792, 0.4248, 73350
3793, 0.4238, 73370
3794, 0.429, 73389
3795, 0.4267, 73409
3796, 0.4307, 73429
3797, 0.4215, 73448
3798, 0.4325, 73468
3799, 0.4261, 73487
3800, 0.4313, 73506
3801, 0.4222, 73525
3802, 0.4308, 73545
3803, 0.4283, 73564
3804, 0.4294, 73583
3805, 0.4253, 73603
3806, 0.426, 73622
3807, 0.4288, 73642
3808, 0.4294, 73661
3809, 0.4279, 73680
3810, 0.4235, 73700
3811, 0.4319, 73719
3812, 0.4272, 73739
3813, 0.4325, 73759
3814, 0.4223, 73778
3815, 0.432, 73798
3816, 0.4273, 73818
3817, 0.4327, 73837
3818, 0.4233, 73857
3819, 0.4299, 73876
3820, 0.4296, 73896
3821, 0.429, 73915
3822, 0.4255, 73935
3823, 0.4251, 73954
3824, 0.4308, 73974
3825, 0.4292, 73994
3826, 0.4304, 74013
3827, 0.4239, 74033
3828, 0.4339, 74052
3829, 0.4283, 74072
3830, 0.4327, 74092
3831, 0.4225, 74112
3832, 0.4317, 74131
3833, 0.429, 74150
3834, 0.4306, 74169
3835, 0.4263, 74189
3836, 0.4289, 74208
3837, 0.4307, 74228
3838, 0.4307, 74248
3839, 0.428, 74267
3840, 0.4259, 74287
3841, 0.4315, 74306
3842, 0.4294, 74325
3843, 0.4314, 74345
3844, 0.4232, 74364
3845, 0.4342, 74384
3846, 0.4281, 74403
3847, 0.433, 74423
3848, 0.4238, 74442
3849, 0.4302, 74461
3850, 0.4304, 74481
3851, 0.4313, 74500
3852, 0.4271, 74519
3853, 0.4268, 74539
3854, 0.4325, 74558
3855, 0.4317, 74577
3856, 0.4301, 74597
3857, 0.4262, 74616
3858, 0.4347, 74635
3859, 0.4294, 74654
3860, 0.4335, 74674
3861, 0.4244, 74693
3862, 0.4334, 74713
3863, 0.4295, 74732
3864, 0.4339, 74752
3865, 0.4271, 74771
3866, 0.4308, 74790
3867, 0.432, 74810
3868, 0.4329, 74829
3869, 0.4287, 74849
3870, 0.4278, 74868
3871, 0.4336, 74888
3872, 0.431, 74907
3873, 0.4318, 74926
3874, 0.4259, 74946
3875, 0.4357, 74965
3876, 0.4297, 74985
3877, 0.4353, 75004
3878, 0.426, 75023
3879, 0.4336, 75043
3880, 0.4308, 75062
3881, 0.4342, 75082
3882, 0.4285, 75102
3883, 0.4314, 75121
3884, 0.4332, 75141
3885, 0.4329, 75160
3886, 0.4301, 75179
3887, 0.4281, 75198
3888, 0.4354, 75218
3889, 0.4305, 75238
3890, 0.4333, 75257
3891, 0.4262, 75277
3892, 0.4359, 75297
3893, 0.43, 75317
3894, 0.4349, 75336
3895, 0.4267, 75356
3896, 0.4329, 75375
3897, 0.4314, 75394
3898, 0.4348, 75414
3899, 0.4299, 75434
3900, 0.4304, 75453
3901, 0.4344, 75472
3902, 0.4324, 75492
3903, 0.4313, 75511
3904, 0.4284, 75531
3905, 0.4372, 75551
3906, 0.4301, 75570
3907, 0.4346, 75590
3908, 0.4269, 75609
3909, 0.436, 75629
3910, 0.431, 75648
3911, 0.4355, 75668
3912, 0.4287, 75687
3913, 0.4345, 75707
3914, 0.4337, 75726
3915, 0.4339, 75746
3916, 0.4303, 75765
3917, 0.431, 75785
3918, 0.4355, 75804
3919, 0.432, 75823
3920, 0.4341, 75843
3921, 0.4284, 75863
3922, 0.4385, 75882
3923, 0.4306, 75902
3924, 0.436, 75922
3925, 0.4281, 75941
3926, 0.4351, 75961
3927, 0.4314, 75980
3928, 0.4384, 76000
3929, 0.4298, 76019
3930, 0.4336, 76038
3931, 0.4355, 76058
3932, 0.4345, 76077
3933, 0.4309, 76097
3934, 0.4312, 76117
3935, 0.4363, 76137
3936, 0.4315, 76156
3937, 0.4345, 76175
3938, 0.4288, 76195
3939, 0.4391, 76215
3940, 0.4323, 76235
3941, 0.4354, 76254
3942, 0.4292, 76273
3943, 0.4354, 76293
3944, 0.4342, 76313
3945, 0.4374, 76333
3946, 0.4317, 76352
3947, 0.4326, 76372
3948, 0.4368, 76391
3949, 0.4343, 76411
3950, 0.4328, 76430
3951, 0.4308, 76450
3952, 0.4378, 76469
3953, 0.4332, 76489
3954, 0.4344, 76508
3955, 0.431, 76528
3956, 0.4379, 76547
3957, 0.4331, 76567
3958, 0.4357, 76586
3959, 0.4309, 76605
3960, 0.4353, 76625
3961, 0.4359, 76645
3962, 0.4366, 76664
3963, 0.4322, 76683
3964, 0.432, 76703
3965, 0.4365, 76723
3966, 0.434, 76743
3967, 0.4344, 76762
3968, 0.4318, 76782
3969, 0.4385, 76802
3970, 0.4335, 76821
3971, 0.4366, 76841
3972, 0.4321, 76860
3973, 0.4374, 76880
3974, 0.4334, 76900
3975, 0.435, 76919
3976, 0.4328, 76939
3977, 0.4345, 76958
3978, 0.437, 76978
3979, 0.4341, 76998
3980, 0.4333, 77018
3981, 0.4327, 77037
3982, 0.4361, 77057
3983, 0.4359, 77076
3984, 0.434, 77095
3985, 0.4328, 77115
3986, 0.4364, 77134
3987, 0.435, 77153
3988, 0.4326, 77173
3989, 0.4344, 77192
3990, 0.4344, 77213
3991, 0.4376, 77232
3992, 0.4301, 77251
3993, 0.4342, 77271
3994, 0.4329, 77290
3995, 0.4371, 77310
3996, 0.4302, 77329
3997, 0.4335, 77349
3998, 0.4326, 77368
3999, 0.436, 77388
4000, 0.4346, 77408
4001, 0.432, 77427
4002, 0.4337, 77447
4003, 0.4342, 77466
4004, 0.4377, 77486
4005, 0.4314, 77505
4006, 0.4362, 77525
4007, 0.4333, 77544
4008, 0.4383, 77564
4009, 0.4287, 77583
4010, 0.4353, 77602
4011, 0.4325, 77622
4012, 0.4368, 77641
4013, 0.4318, 77661
4014, 0.4297, 77681
4015, 0.4329, 77700
4016, 0.4335, 77719
4017, 0.4362, 77739
4018, 0.4259, 77758
4019, 0.4359, 77777
4020, 0.4312, 77797
4021, 0.4396, 77817
4022, 0.4264, 77836
4023, 0.4357, 77855
4024, 0.4333, 77875
4025, 0.4372, 77895
4026, 0.4287, 77914
4027, 0.4287, 77934
4028, 0.4344, 77954
4029, 0.4343, 77973
4030, 0.4334, 77993
4031, 0.426, 78012
4032, 0.4373, 78031
4033, 0.4311, 78051
4034, 0.4415, 78070
4035, 0.4237, 78090
4036, 0.438, 78108
4037, 0.4296, 78128
4038, 0.439, 78148
4039, 0.4261, 78167
4040, 0.4322, 78186
4041, 0.4354, 78207
4042, 0.4349, 78226
4043, 0.4311, 78245
4044, 0.4248, 78265
4045, 0.4395, 78285
4046, 0.4316, 78304
4047, 0.44, 78324
4048, 0.4235, 78343
4049, 0.44, 78363
4050, 0.4309, 78382
4051, 0.4396, 78402
4052, 0.4242, 78421
4053, 0.4344, 78441
4054, 0.4333, 78460
4055, 0.4355, 78480
4056, 0.4334, 78500
4057, 0.4241, 78519
4058, 0.4399, 78538
4059, 0.4326, 78558
4060, 0.4394, 78577
4061, 0.4229, 78597
4062, 0.4405, 78617
4063, 0.4313, 78636
4064, 0.4406, 78656
4065, 0.4251, 78675
4066, 0.4369, 78695
4067, 0.4351, 78714
4068, 0.4355, 78733
4069, 0.4327, 78753
4070, 0.4254, 78773
4071, 0.4412, 78792
4072, 0.4317, 78812
4073, 0.4393, 78831
4074, 0.4234, 78851
4075, 0.4415, 78871
4076, 0.4327, 78890
4077, 0.4416, 78910
4078, 0.4265, 78929
4079, 0.4391, 78949
4080, 0.4357, 78968
4081, 0.4366, 78988
4082, 0.4321, 79007
4083, 0.4265, 79026
4084, 0.4422, 79046
4085, 0.4325, 79065
4086, 0.44, 79085
4087, 0.4248, 79104
4088, 0.4437, 79123
4089, 0.4325, 79142
4090, 0.4428, 79162
4091, 0.4254, 79181
4092, 0.4388, 79200
4093, 0.4351, 79220
4094, 0.4378, 79240
4095, 0.4336, 79259
4096, 0.4293, 79278
4097, 0.4431, 79298
4098, 0.4337, 79318
4099, 0.4404, 79337
4100, 0.4243, 79356
4101, 0.4439, 79375
4102, 0.4319, 79395
4103, 0.4447, 79414
4104, 0.4263, 79434
4105, 0.4407, 79453
4106, 0.4357, 79473
4107, 0.4412, 79493
4108, 0.4329, 79512
4109, 0.4332, 79532
4110, 0.4419, 79551
4111, 0.4358, 79571
4112, 0.4409, 79591
4113, 0.4269, 79609
4114, 0.4452, 79629
4115, 0.4338, 79648
4116, 0.4447, 79668
4117, 0.4273, 79687
4118, 0.4418, 79707
4119, 0.4362, 79726
4120, 0.4434, 79746
4121, 0.4339, 79766
4122, 0.4354, 79785
4123, 0.4422, 79805
4124, 0.4378, 79825
4125, 0.441, 79844
4126, 0.4292, 79863
4127, 0.445, 79883
4128, 0.4354, 79902
4129, 0.446, 79921
4130, 0.4296, 79941
4131, 0.4421, 79960
4132, 0.436, 79980
4133, 0.4461, 79999
4134, 0.4321, 80019
4135, 0.439, 80038
4136, 0.4409, 80057
4137, 0.4406, 80077
4138, 0.441, 80097
4139, 0.434, 80116
4140, 0.4445, 80136
4141, 0.4374, 80156
4142, 0.4456, 80175
4143, 0.431, 80194
4144, 0.4446, 80214
4145, 0.4371, 80233
4146, 0.447, 80252
4147, 0.4334, 80272
4148, 0.4406, 80291
4149, 0.4393, 80311
4150, 0.4439, 80331
4151, 0.441, 80350
4152, 0.4365, 80369
4153, 0.443, 80389
4154, 0.4404, 80408
4155, 0.4446, 80428
4156, 0.4338, 80447
4157, 0.4454, 80466
4158, 0.4392, 80486
4159, 0.446, 80506
4160, 0.434, 80525
4161, 0.4409, 80545
4162, 0.4394, 80564
4163, 0.4436, 80584
4164, 0.4395, 80603
4165, 0.436, 80623
4166, 0.4429, 80643
4167, 0.4431, 80662
4168, 0.4448, 80682
4169, 0.4332, 80701
4170, 0.4459, 80721
4171, 0.441, 80740
4172, 0.4451, 80760
4173, 0.4344, 80779
4174, 0.4418, 80799
4175, 0.4421, 80818
4176, 0.4445, 80838
4177, 0.4378, 80857
4178, 0.4367, 80877
4179, 0.4431, 80896
4180, 0.4417, 80916
4181, 0.4427, 80935
4182, 0.434, 80955
4183, 0.444, 80974
4184, 0.4415, 80994
4185, 0.4448, 81013
4186, 0.4342, 81033
4187, 0.4445, 81053
4188, 0.4433, 81072
4189, 0.4435, 81092
4190, 0.4376, 81111
4191, 0.4371, 81131
4192, 0.4455, 81150
4193, 0.4418, 81169
4194, 0.443, 81189
4195, 0.4352, 81208
4196, 0.4475, 81228
4197, 0.4412, 81247
4198, 0.4476, 81267
4199, 0.4351, 81286
4200, 0.4469, 81306
4201, 0.4417, 81326
4202, 0.4454, 81346
4203, 0.4376, 81365
4204, 0.4414, 81385
4205, 0.4453, 81405
4206, 0.4441, 81425
4207, 0.4425, 81444
4208, 0.4357, 81463
4209, 0.4486, 81483
4210, 0.4407, 81503
4211, 0.4471, 81522
4212, 0.4338, 81542
4213, 0.4489, 81562
4214, 0.4406, 81582
4215, 0.449, 81601
4216, 0.4362, 81621
4217, 0.445, 81640
4218, 0.4435, 81659
4219, 0.4462, 81679
4220, 0.4429, 81699
4221, 0.4371, 81718
4222, 0.4472, 81738
4223, 0.4421, 81757
4224, 0.4471, 81777
4225, 0.4352, 81796
4226, 0.448, 81816
4227, 0.4392, 81836
4228, 0.4497, 81855
4229, 0.4353, 81874
4230, 0.4447, 81894
4231, 0.4389, 81913
4232, 0.4464, 81933
4233, 0.44, 81953
4234, 0.4398, 81973
4235, 0.4408, 81992
4236, 0.4442, 82012
4237, 0.4432, 82032
4238, 0.4368, 82051
4239, 0.4442, 82070
4240, 0.4438, 82090
4241, 0.4437, 82109
4242, 0.4379, 82129
4243, 0.4432, 82150
4244, 0.4396, 82169
4245, 0.4443, 82188
4246, 0.438, 82208
4247, 0.4378, 82228
4248, 0.4402, 82247
4249, 0.4454, 82267
4250, 0.4386, 82286
4251, 0.4375, 82306
4252, 0.4369, 82326
4253, 0.4458, 82345
4254, 0.4394, 82365
4255, 0.4387, 82384
4256, 0.4366, 82404
4257, 0.4448, 82423
4258, 0.4381, 82443
4259, 0.4416, 82463
4260, 0.4369, 82482
4261, 0.4413, 82502
4262, 0.4411, 82521
4263, 0.4383, 82541
4264, 0.4376, 82561
4265, 0.4357, 82580
4266, 0.4471, 82599
4267, 0.4356, 82619
4268, 0.4421, 82638
4269, 0.4322, 82658
4270, 0.4481, 82678
4271, 0.4371, 82697
4272, 0.4448, 82717
4273, 0.4334, 82736
4274, 0.4442, 82756
4275, 0.4398, 82775
4276, 0.4409, 82795
4277, 0.44, 82814
4278, 0.4366, 82833
4279, 0.4479, 82853
4280, 0.4356, 82873
4281, 0.4459, 82892
4282, 0.4334, 82912
4283, 0.4509, 82931
4284, 0.4367, 82950
4285, 0.4465, 82970
4286, 0.4344, 82989
4287, 0.4499, 83008
4288, 0.44, 83028
4289, 0.4441, 83047
4290, 0.4451, 83067
4291, 0.44, 83086
4292, 0.447, 83106
4293, 0.4372, 83125
4294, 0.4467, 83145
4295, 0.4348, 83165
4296, 0.4515, 83184
4297, 0.4365, 83203
4298, 0.4507, 83222
4299, 0.4367, 83241
4300, 0.4522, 83261
4301, 0.4398, 83280
4302, 0.446, 83299
4303, 0.4475, 83319
4304, 0.4422, 83339
4305, 0.4474, 83358
4306, 0.44, 83378
4307, 0.4515, 83397
4308, 0.4383, 83417
4309, 0.4518, 83436
4310, 0.438, 83455
4311, 0.4519, 83475
4312, 0.4392, 83495
4313, 0.4521, 83514
4314, 0.441, 83533
4315, 0.448, 83553
4316, 0.4452, 83572
4317, 0.4479, 83592
4318, 0.4458, 83610
4319, 0.4426, 83630
4320, 0.4529, 83649
4321, 0.441, 83669
4322, 0.4504, 83688
4323, 0.4402, 83708
4324, 0.4529, 83728
4325, 0.4417, 83747
4326, 0.4508, 83766
4327, 0.4429, 83786
4328, 0.4498, 83805
4329, 0.4455, 83825
4330, 0.4489, 83844
4331, 0.4463, 83863
4332, 0.446, 83883
4333, 0.4516, 83902
4334, 0.4446, 83921
4335, 0.4486, 83941
4336, 0.4436, 83961
4337, 0.4538, 83981
4338, 0.4436, 84001
4339, 0.4491, 84020
4340, 0.443, 84040
4341, 0.452, 84059
4342, 0.4445, 84079
4343, 0.4495, 84098
4344, 0.4454, 84118
4345, 0.4472, 84137
4346, 0.4509, 84157
4347, 0.4495, 84176
4348, 0.447, 84196
4349, 0.4463, 84216
4350, 0.4504, 84235
4351, 0.4459, 84255
4352, 0.4489, 84274
4353, 0.4449, 84294
4354, 0.4532, 84314
4355, 0.4454, 84333
4356, 0.4482, 84352
4357, 0.4446, 84371
4358, 0.4508, 84391
4359, 0.4477, 84410
4360, 0.4498, 84430
4361, 0.4452, 84449
4362, 0.4488, 84469
4363, 0.4504, 84488
4364, 0.4503, 84507
4365, 0.4462, 84526
4366, 0.4456, 84546
4367, 0.4529, 84565
4368, 0.4474, 84584
4369, 0.4488, 84603
4370, 0.4448, 84623
4371, 0.4533, 84642
4372, 0.4462, 84662
4373, 0.4503, 84681
4374, 0.4434, 84700
4375, 0.4502, 84720
4376, 0.4496, 84739
4377, 0.4539, 84759
4378, 0.4443, 84778
4379, 0.4475, 84798
4380, 0.4497, 84817
4381, 0.45, 84836
4382, 0.4472, 84856
4383, 0.4461, 84875
4384, 0.4534, 84895
4385, 0.4472, 84914
4386, 0.4515, 84933
4387, 0.4436, 84952
4388, 0.4532, 84972
4389, 0.4469, 84991
4390, 0.4562, 85011
4391, 0.4416, 85030
4392, 0.4492, 85050
4393, 0.4515, 85069
4394, 0.4533, 85089
4395, 0.4463, 85109
4396, 0.4472, 85128
4397, 0.4519, 85147
4398, 0.4495, 85167
4399, 0.4512, 85187
4400, 0.4437, 85206
4401, 0.457, 85225
4402, 0.4475, 85245
4403, 0.454, 85264
4404, 0.4428, 85283
4405, 0.454, 85303
4406, 0.4478, 85322
4407, 0.4553, 85342
4408, 0.444, 85361
4409, 0.448, 85380
4410, 0.4519, 85400
4411, 0.4517, 85419
4412, 0.4486, 85438
4413, 0.4462, 85458
4414, 0.457, 85477
4415, 0.4486, 85496
4416, 0.454, 85516
4417, 0.4442, 85535
4418, 0.4562, 85554
4419, 0.4469, 85574
4420, 0.4568, 85593
4421, 0.4443, 85612
4422, 0.4522, 85632
4423, 0.4494, 85651
4424, 0.4553, 85671
4425, 0.4477, 85690
4426, 0.4487, 85709
4427, 0.4556, 85729
4428, 0.4502, 85749
4429, 0.4514, 85768
4430, 0.4454, 85788
4431, 0.457, 85807
4432, 0.4475, 85827
4433, 0.4568, 85846
4434, 0.4436, 85865
4435, 0.4545, 85884
4436, 0.4479, 85904
4437, 0.4578, 85923
4438, 0.4461, 85942
4439, 0.4487, 85962
4440, 0.4527, 85982
4441, 0.4533, 86001
4442, 0.448, 86020
4443, 0.4465, 86040
4444, 0.4565, 86059
4445, 0.45, 86078
4446, 0.4544, 86098
4447, 0.445, 86118
4448, 0.4571, 86137
4449, 0.4477, 86156
4450, 0.4578, 86176
4451, 0.4458, 86195
4452, 0.4535, 86214
4453, 0.4487, 86234
4454, 0.4568, 86252
4455, 0.4473, 86272
4456, 0.4481, 86291
4457, 0.4545, 86311
4458, 0.4516, 86330
4459, 0.4499, 86350
4460, 0.4457, 86369
4461, 0.4583, 86389
4462, 0.4492, 86408
4463, 0.4555, 86428
4464, 0.4454, 86447
4465, 0.4544, 86467
4466, 0.4464, 86487
4467, 0.4575, 86506
4468, 0.4458, 86525
4469, 0.4519, 86545
4470, 0.4496, 86564
4471, 0.4569, 86584
4472, 0.4478, 86603
4473, 0.4477, 86623
4474, 0.4546, 86644
4475, 0.4525, 86664
4476, 0.4511, 86684
4477, 0.4466, 86703
4478, 0.4557, 86722
4479, 0.4478, 86742
4480, 0.4561, 86761
4481, 0.444, 86780
4482, 0.4539, 86800
4483, 0.4457, 86819
4484, 0.4574, 86839
4485, 0.4452, 86858
4486, 0.4499, 86878
4487, 0.4501, 86898
4488, 0.4562, 86917
4489, 0.4487, 86937
4490, 0.4482, 86956
4491, 0.4551, 86975
4492, 0.4514, 86995
4493, 0.4509, 87014
4494, 0.4451, 87033
4495, 0.4537, 87053
4496, 0.4442, 87072
4497, 0.4563, 87091
4498, 0.4439, 87111
4499, 0.4528, 87130
4500, 0.4472, 87150
4501, 0.4567, 87169
4502, 0.4462, 87189
4503, 0.4497, 87208
4504, 0.4517, 87228
4505, 0.4552, 87248
4506, 0.4482, 87267
4507, 0.4484, 87286
4508, 0.455, 87306
4509, 0.4486, 87325
4510, 0.4549, 87345
4511, 0.4449, 87365
4512, 0.4556, 87384
4513, 0.4465, 87404
4514, 0.4586, 87424
4515, 0.4452, 87443
4516, 0.453, 87463
4517, 0.4483, 87482
4518, 0.4582, 87502
4519, 0.4479, 87521
4520, 0.4486, 87541
4521, 0.4537, 87561
4522, 0.4544, 87580
4523, 0.4517, 87599
4524, 0.4456, 87619
4525, 0.4557, 87638
4526, 0.4457, 87658
4527, 0.4569, 87677
4528, 0.445, 87696
4529, 0.4551, 87716
4530, 0.4469, 87735
4531, 0.4598, 87755
4532, 0.447, 87775
4533, 0.451, 87794
4534, 0.4513, 87813
4535, 0.456, 87832
4536, 0.4507, 87852
4537, 0.4478, 87872
4538, 0.4571, 87891
4539, 0.4494, 87910
4540, 0.4554, 87930
4541, 0.4447, 87949
4542, 0.4574, 87968
4543, 0.4465, 87988
4544, 0.4604, 88007
4545, 0.4452, 88026
4546, 0.4551, 88046
4547, 0.4488, 88065
4548, 0.4594, 88085
4549, 0.4492, 88104
4550, 0.4505, 88124
4551, 0.4568, 88143
4552, 0.4547, 88163
4553, 0.452, 88182
4554, 0.4457, 88202
4555, 0.4598, 88221
4556, 0.4475, 88241
4557, 0.4598, 88261
4558, 0.4452, 88280
4559, 0.4574, 88299
4560, 0.4487, 88319
4561, 0.461, 88339
4562, 0.4477, 88359
4563, 0.4526, 88378
4564, 0.4537, 88397
4565, 0.4563, 88417
4566, 0.4535, 88437
4567, 0.4472, 88456
4568, 0.4609, 88475
4569, 0.4507, 88495
4570, 0.4576, 88515
4571, 0.4446, 88535
4572, 0.4602, 88554
4573, 0.4486, 88574
4574, 0.4619, 88594
4575, 0.4465, 88614
4576, 0.4546, 88634
4577, 0.4513, 88653
4578, 0.4597, 88673
4579, 0.4507, 88692
4580, 0.4516, 88712
4581, 0.4593, 88731
4582, 0.4549, 88751
4583, 0.4553, 88771
4584, 0.4458, 88790
4585, 0.4616, 88809
4586, 0.4501, 88829
4587, 0.4621, 88849
4588, 0.4459, 88869
4589, 0.4573, 88888
4590, 0.4514, 88908
4591, 0.4621, 88927
4592, 0.4481, 88946
4593, 0.4529, 88966
4594, 0.4577, 88986
4595, 0.4562, 89006
4596, 0.4533, 89025
4597, 0.448, 89045
4598, 0.4613, 89065
4599, 0.4522, 89085
4600, 0.4588, 89104
4601, 0.4464, 89124
4602, 0.4628, 89144
4603, 0.4516, 89163
4604, 0.4629, 89183
4605, 0.4469, 89202
4606, 0.4552, 89221
4607, 0.4558, 89241
4608, 0.4603, 89260
4609, 0.4536, 89280
4610, 0.4518, 89300
4611, 0.4614, 89319
4612, 0.4552, 89340
4613, 0.4561, 89359
4614, 0.4469, 89379
4615, 0.464, 89399
4616, 0.4523, 89419
4617, 0.4625, 89438
4618, 0.4474, 89457
4619, 0.4595, 89477
4620, 0.4541, 89497
4621, 0.4622, 89515
4622, 0.4512, 89535
4623, 0.454, 89555
4624, 0.4595, 89574
4625, 0.4573, 89594
4626, 0.4559, 89614
4627, 0.4502, 89633
4628, 0.4633, 89653
4629, 0.4538, 89672
4630, 0.4595, 89692
4631, 0.4482, 89711
4632, 0.464, 89731
4633, 0.4541, 89750
4634, 0.4635, 89769
4635, 0.449, 89789
4636, 0.4576, 89808
4637, 0.4576, 89828
4638, 0.4618, 89848
4639, 0.4531, 89868
4640, 0.454, 89887
4641, 0.4624, 89906
4642, 0.4565, 89925
4643, 0.4576, 89945
4644, 0.4495, 89964
4645, 0.4647, 89984
4646, 0.454, 90003
4647, 0.4624, 90023
4648, 0.4493, 90042
4649, 0.4609, 90061
4650, 0.4557, 90081
4651, 0.4632, 90100
4652, 0.4517, 90120
4653, 0.4545, 90139
4654, 0.4598, 90158
4655, 0.459, 90178
4656, 0.4551, 90197
4657, 0.4518, 90217
4658, 0.4641, 90236
4659, 0.4551, 90256
4660, 0.4598, 90276
4661, 0.4505, 90295
4662, 0.4654, 90314
4663, 0.4544, 90330
4664, 0.4636, 90345
4665, 0.4498, 90361
4666, 0.459, 90376
4667, 0.4572, 90391
4668, 0.4625, 90406
4669, 0.4534, 90422
4670, 0.4561, 90438
4671, 0.4625, 90453
4672, 0.4583, 90469
4673, 0.4569, 90485
4674, 0.4513, 90500
4675, 0.4648, 90516
4676, 0.455, 90531
4677, 0.4617, 90546
4678, 0.4497, 90561
4679, 0.4635, 90576
4680, 0.455, 90591
4681, 0.4648, 90607
4682, 0.452, 90622
4683, 0.4566, 90638
4684, 0.4598, 90653
4685, 0.4605, 90669
4686, 0.4552, 90684
4687, 0.4535, 90700
4688, 0.4656, 90715
4689, 0.4562, 90731
4690, 0.4607, 90746
4691, 0.4508, 90761
4692, 0.465, 90777
4693, 0.4552, 90792
4694, 0.464, 90808
4695, 0.4491, 90826
4696, 0.4596, 90841
4697, 0.4562, 90856
4698, 0.4642, 90872
4699, 0.454, 90889
4700, 0.456, 90905
4701, 0.4629, 90920
4702, 0.4599, 90937
4703, 0.457, 90961
4704, 0.4528, 90997
4705, 0.4644, 91047
4706, 0.4561, 91095
4707, 0.4623, 91144
4708, 0.4505, 91191
4709, 0.4651, 91239
4710, 0.4557, 91302
4711, 0.4658, 91357
4712, 0.4517, 91406
4713, 0.4584, 91456
4714, 0.4593, 91505
4715, 0.4619, 91555
4716, 0.4569, 91603
4717, 0.4543, 91650
4718, 0.465, 91697
4719, 0.4573, 91746
4720, 0.4614, 91796
4721, 0.4512, 91845
4722, 0.4669, 91897
4723, 0.4554, 91944
4724, 0.4655, 91992
4725, 0.4505, 92041
4726, 0.4629, 92089
4727, 0.4563, 92138
4728, 0.4646, 92189
4729, 0.4543, 92237
4730, 0.4562, 92288
4731, 0.4624, 92335
4732, 0.4616, 92384
4733, 0.4575, 92433
4734, 0.4542, 92483
4735, 0.4656, 92532
4736, 0.4565, 92581
4737, 0.4636, 92629
4738, 0.4508, 92677
4739, 0.467, 92726
4740, 0.4565, 92774
4741, 0.4669, 92823
4742, 0.4523, 92870
4743, 0.4594, 92918
4744, 0.4596, 92968
4745, 0.4633, 93016
4746, 0.4575, 93065
4747, 0.4552, 93112
4748, 0.4652, 93163
4749, 0.4584, 93212
4750, 0.4611, 93261
4751, 0.4525, 93308
4752, 0.4678, 93355
4753, 0.457, 93403
4754, 0.4667, 93452
4755, 0.4512, 93500
4756, 0.4653, 93552
4757, 0.4585, 93600
4758, 0.4652, 93648
4759, 0.4555, 93695
4760, 0.4571, 93743
4761, 0.4632, 93794
4762, 0.4616, 93843
4763, 0.4583, 93890
4764, 0.454, 93939
4765, 0.4671, 93986
4766, 0.4577, 94035
4767, 0.4653, 94082
4768, 0.4519, 94134
4769, 0.4682, 94187
4770, 0.4572, 94237
4771, 0.4679, 94286
4772, 0.4534, 94333
4773, 0.4606, 94384
4774, 0.4615, 94434
4775, 0.4643, 94482
4776, 0.4581, 94529
4777, 0.4564, 94579
4778, 0.4655, 94630
4779, 0.4596, 94679
4780, 0.461, 94728
4781, 0.4531, 94781
4782, 0.4686, 94832
4783, 0.4575, 94879
4784, 0.4677, 94927
4785, 0.4527, 94978
4786, 0.466, 95029
4787, 0.4587, 95078
4788, 0.4663, 95125
4789, 0.4561, 95174
4790, 0.458, 95222
4791, 0.4639, 95270
4792, 0.4633, 95318
4793, 0.4595, 95366
4794, 0.4546, 95415
4795, 0.4685, 95467
4796, 0.4586, 95514
4797, 0.4665, 95565
4798, 0.452, 95614
4799, 0.4689, 95660
4800, 0.4585, 95708
4801, 0.4682, 95757
4802, 0.4541, 95804
4803, 0.4614, 95850
4804, 0.4636, 95900
4805, 0.4657, 95951
4806, 0.4597, 95998
4807, 0.4564, 96044
4808, 0.4666, 96095
4809, 0.4602, 96143
4810, 0.4618, 96192
4811, 0.4538, 96238
4812, 0.4696, 96288
4813, 0.4592, 96336
4814, 0.4685, 96385
4815, 0.4531, 96433
4816, 0.4668, 96483
4817, 0.4608, 96532
4818, 0.4674, 96580
4819, 0.4569, 96629
4820, 0.4586, 96679
4821, 0.4641, 96728
4822, 0.4645, 96778
4823, 0.4612, 96823
4824, 0.4554, 96872
4825, 0.4686, 96922
4826, 0.4595, 96972
4827, 0.4679, 97020
4828, 0.4532, 97071
4829, 0.4691, 97121
4830, 0.4595, 97171
4831, 0.4697, 97218
4832, 0.4546, 97265
4833, 0.4628, 97314
4834, 0.4637, 97363
4835, 0.4673, 97410
4836, 0.4596, 97462
4837, 0.4574, 97507
4838, 0.467, 97555
4839, 0.461, 97605
4840, 0.4632, 97654
4841, 0.454, 97702
4842, 0.47, 97752
4843, 0.4602, 97794
4844, 0.4694, 97821
4845, 0.4535, 97848
4846, 0.4678, 97876
4847, 0.461, 97903
4848, 0.4691, 97929
4849, 0.4572, 97957
4850, 0.4597, 97983
4851, 0.466, 98011
4852, 0.4654, 98039
4853, 0.4618, 98069
4854, 0.4564, 98100
4855, 0.4701, 98128
4856, 0.4603, 98157
4857, 0.4683, 98185
4858, 0.4535, 98211
4859, 0.4701, 98239
4860, 0.4605, 98269
4861, 0.4698, 98297
4862, 0.4553, 98325
4863, 0.4641, 98357
4864, 0.4636, 98385
4865, 0.4677, 98414
4866, 0.4597, 98444
4867, 0.4596, 98471
4868, 0.4685, 98498
4869, 0.4626, 98525
4870, 0.4643, 98552
4871, 0.4551, 98579
4872, 0.4709, 98605
4873, 0.4611, 98635
4874, 0.4706, 98663
4875, 0.4544, 98692
4876, 0.4684, 98720
4877, 0.4623, 98747
4878, 0.4701, 98774
4879, 0.4572, 98800
4880, 0.4617, 98826
4881, 0.4664, 98853
4882, 0.4667, 98879
4883, 0.4614, 98905
4884, 0.4586, 98932
4885, 0.4703, 98958
4886, 0.4626, 98984
4887, 0.469, 99011
4888, 0.4551, 99037
4889, 0.4708, 99066
4890, 0.4619, 99092
4891, 0.4706, 99119
4892, 0.4563, 99145
4893, 0.4655, 99172
4894, 0.4645, 99197
4895, 0.4694, 99223
4896, 0.4594, 99249
4897, 0.46, 99275
4898, 0.4691, 99301
4899, 0.4642, 99327
4900, 0.4651, 99354
4901, 0.4565, 99380
4902, 0.4709, 99406
4903, 0.4627, 99432
4904, 0.4706, 99458
4905, 0.4557, 99485
4906, 0.4698, 99512
4907, 0.4627, 99539
4908, 0.471, 99565
4909, 0.4585, 99592
4910, 0.4627, 99618
4911, 0.4678, 99644
4912, 0.4668, 99671
4913, 0.4624, 99697
4914, 0.4592, 99724
4915, 0.4708, 99750
4916, 0.4626, 99776
4917, 0.4709, 99803
4918, 0.4568, 99829
4919, 0.4718, 99855
4920, 0.463, 99881
4921, 0.4726, 99908
4922, 0.4569, 99934
4923, 0.466, 99960
4924, 0.4649, 99987
4925, 0.4713, 100014
4926, 0.4608, 100040
4927, 0.4615, 100066
4928, 0.4698, 100093
4929, 0.4648, 100119
4930, 0.4661, 100146
4931, 0.4576, 100172
4932, 0.4727, 100199
4933, 0.4627, 100225
4934, 0.4714, 100251
4935, 0.4571, 100278
4936, 0.4704, 100304
4937, 0.464, 100330
4938, 0.4717, 100355
4939, 0.4593, 100382
4940, 0.4636, 100408
4941, 0.4681, 100434
4942, 0.4671, 100460
4943, 0.4632, 100486
4944, 0.4593, 100512
4945, 0.4715, 100537
4946, 0.4631, 100563
4947, 0.4709, 100589
4948, 0.4575, 100615
4949, 0.4726, 100642
4950, 0.463, 100668
4951, 0.4721, 100694
4952, 0.4589, 100719
4953, 0.4667, 100747
4954, 0.4665, 100772
4955, 0.4708, 100799
4956, 0.4608, 100825
4957, 0.4611, 100852
4958, 0.4708, 100878
4959, 0.4663, 100903
4960, 0.4675, 100929
4961, 0.458, 100955
4962, 0.4723, 100982
4963, 0.463, 101007
4964, 0.4724, 101034
4965, 0.4575, 101060
4966, 0.4697, 101086
4967, 0.4657, 101112
4968, 0.4722, 101138
4969, 0.4601, 101165
4970, 0.4634, 101191
4971, 0.4699, 101217
4972, 0.4681, 101243
4973, 0.464, 101269
4974, 0.4589, 101295
4975, 0.4724, 101321
4976, 0.4655, 101348
4977, 0.4709, 101374
4978, 0.4582, 101400
4979, 0.4715, 101426
4980, 0.4641, 101453
4981, 0.4715, 101479
4982, 0.4594, 101506
4983, 0.467, 101533
4984, 0.4671, 101559
4985, 0.4698, 101586
4986, 0.4632, 101612
4987, 0.46, 101638
4988, 0.4713, 101664
4989, 0.4664, 101691
4990, 0.4686, 101717
4991, 0.4585, 101744
4992, 0.471, 101770
4993, 0.466, 101797
4994, 0.4719, 101822
4995, 0.4591, 101849
4996, 0.4686, 101875
4997, 0.467, 101901
4998, 0.4717, 101927
4999, 0.4619, 101954
5000, 0.4628, 101980
