1, 0.0772, 26
2, 0.0773, 44
3, 0.0794, 62
4, 0.081, 80
5, 0.0808, 97
6, 0.083, 115
7, 0.0837, 133
8, 0.0863, 150
9, 0.0885, 167
10, 0.09, 186
11, 0.0918, 203
12, 0.094, 220
13, 0.0969, 238
14, 0.0998, 255
15, 0.1035, 272
16, 0.1068, 290
17, 0.1092, 307
18, 0.1115, 324
19, 0.1142, 341
20, 0.1168, 359
21, 0.1193, 376
22, 0.1207, 394
23, 0.1233, 411
24, 0.126, 429
25, 0.1278, 447
26, 0.1296, 465
27, 0.1313, 483
28, 0.132, 500
29, 0.1339, 518
30, 0.136, 536
31, 0.1388, 554
32, 0.141, 572
33, 0.1416, 589
34, 0.1425, 606
35, 0.1449, 625
36, 0.1474, 643
37, 0.1488, 663
38, 0.1509, 681
39, 0.1533, 699
40, 0.154, 717
41, 0.1575, 735
42, 0.1571, 752
43, 0.1572, 769
44, 0.1595, 787
45, 0.1613, 804
46, 0.164, 821
47, 0.1656, 838
48, 0.1684, 855
49, 0.1724, 873
50, 0.1742, 890
51, 0.1787, 908
52, 0.1815, 924
53, 0.1842, 942
54, 0.1881, 959
55, 0.1904, 976
56, 0.1916, 994
57, 0.192, 1011
58, 0.1927, 1029
59, 0.1947, 1046
60, 0.1955, 1064
61, 0.1966, 1081
62, 0.1972, 1098
63, 0.1977, 1116
64, 0.1981, 1133
65, 0.1997, 1151
66, 0.1991, 1168
67, 0.1979, 1185
68, 0.1985, 1203
69, 0.1989, 1220
70, 0.1995, 1238
71, 0.2008, 1255
72, 0.2019, 1272
73, 0.2017, 1289
74, 0.2021, 1307
75, 0.2031, 1324
76, 0.2034, 1341
77, 0.205, 1358
78, 0.2071, 1375
79, 0.208, 1392
80, 0.2121, 1410
81, 0.2146, 1427
82, 0.2169, 1444
83, 0.2194, 1461
84, 0.2209, 1478
85, 0.2231, 1496
86, 0.227, 1514
87, 0.2308, 1531
88, 0.2352, 1548
89, 0.2376, 1565
90, 0.2418, 1583
91, 0.2443, 1600
92, 0.2453, 1617
93, 0.2463, 1635
94, 0.2472, 1652
95, 0.248, 1669
96, 0.2505, 1686
97, 0.2516, 1703
98, 0.2518, 1721
99, 0.2524, 1738
100, 0.2541, 1755
101, 0.2568, 1773
102, 0.2595, 1790
103, 0.2613, 1807
104, 0.2633, 1824
105, 0.2646, 1841
106, 0.2668, 1858
107, 0.2684, 1875
108, 0.2703, 1893
109, 0.2718, 1910
110, 0.2727, 1928
111, 0.2747, 1945
112, 0.2762, 1962
113, 0.2776, 1979
114, 0.279, 1996
115, 0.2805, 2014
116, 0.2806, 2031
117, 0.2817, 2048
118, 0.2837, 2065
119, 0.2847, 2083
120, 0.2868, 2100
121, 0.2881, 2117
122, 0.2879, 2135
123, 0.2914, 2152
124, 0.2924, 2169
125, 0.2939, 2187
126, 0.2956, 2204
127, 0.2962, 2221
128, 0.2982, 2239
129, 0.2995, 2256
130, 0.3006, 2273
131, 0.3001, 2290
132, 0.3003, 2308
133, 0.3009, 2325
134, 0.3022, 2342
135, 0.3037, 2360
136, 0.3049, 2377
137, 0.3056, 2394
138, 0.307, 2411
139, 0.309, 2429
140, 0.31, 2447
141, 0.3119, 2464
142, 0.3133, 2481
143, 0.315, 2498
144, 0.3153, 2515
145, 0.3167, 2533
146, 0.3177, 2550
147, 0.3186, 2567
148, 0.3198, 2584
149, 0.3197, 2601
150, 0.3209, 2619
151, 0.3222, 2636
152, 0.3236, 2654
153, 0.325, 2670
154, 0.3256, 2688
155, 0.3262, 2706
156, 0.3269, 2723
157, 0.3277, 2740
158, 0.3284, 2757
159, 0.3291, 2775
160, 0.33, 2792
161, 0.3312, 2809
162, 0.3324, 2826
163, 0.3328, 2843
164, 0.3329, 2860
165, 0.3335, 2878
166, 0.3347, 2895
167, 0.3356, 2912
168, 0.3364, 2929
169, 0.3368, 2946
170, 0.3375, 2964
171, 0.3383, 2981
172, 0.339, 2998
173, 0.3395, 3015
174, 0.3401, 3033
175, 0.3416, 3050
176, 0.3424, 3067
177, 0.3422, 3085
178, 0.3427, 3102
179, 0.3438, 3119
180, 0.3448, 3136
181, 0.3462, 3154
182, 0.3468, 3171
183, 0.3483, 3189
184, 0.3491, 3206
185, 0.3503, 3222
186, 0.3529, 3240
187, 0.3539, 3257
188, 0.3551, 3274
189, 0.3556, 3292
190, 0.3559, 3309
191, 0.3571, 3326
192, 0.3576, 3343
193, 0.359, 3361
194, 0.3593, 3378
195, 0.3586, 3396
196, 0.3588, 3413
197, 0.3596, 3430
198, 0.3611, 3448
199, 0.3621, 3465
200, 0.3629, 3482
201, 0.3642, 3499
202, 0.3653, 3517
203, 0.3658, 3534
204, 0.3668, 3551
205, 0.3672, 3568
206, 0.3681, 3586
207, 0.3676, 3603
208, 0.3681, 3621
209, 0.3692, 3638
210, 0.3696, 3655
211, 0.3701, 3672
212, 0.3706, 3690
213, 0.3718, 3707
214, 0.3724, 3724
215, 0.3733, 3741
216, 0.3733, 3758
217, 0.3734, 3776
218, 0.3739, 3793
219, 0.3749, 3810
220, 0.3769, 3828
221, 0.3781, 3845
222, 0.378, 3862
223, 0.3788, 3879
224, 0.3799, 3896
225, 0.3793, 3914
226, 0.3799, 3931
227, 0.3813, 3948
228, 0.3826, 3966
229, 0.3841, 3983
230, 0.3848, 4000
231, 0.3847, 4017
232, 0.3863, 4035
233, 0.3868, 4052
234, 0.3874, 4069
235, 0.3883, 4086
236, 0.3889, 4104
237, 0.3894, 4121
238, 0.3894, 4138
239, 0.3909, 4156
240, 0.3921, 4173
241, 0.3926, 4191
242, 0.394, 4208
243, 0.3953, 4225
244, 0.3961, 4243
245, 0.396, 4260
246, 0.3968, 4277
247, 0.3979, 4294
248, 0.3989, 4311
249, 0.4, 4328
250, 0.4013, 4345
251, 0.4013, 4363
252, 0.402, 4380
253, 0.4021, 4397
254, 0.4022, 4414
255, 0.4021, 4431
256, 0.4033, 4449
257, 0.4037, 4466
258, 0.4046, 4483
259, 0.4047, 4500
260, 0.4058, 4517
261, 0.4059, 4535
262, 0.406, 4553
263, 0.4064, 4570
264, 0.4064, 4587
265, 0.4062, 4605
266, 0.4073, 4622
267, 0.4078, 4639
268, 0.4077, 4657
269, 0.4087, 4674
270, 0.4095, 4692
271, 0.4092, 4710
272, 0.4096, 4727
273, 0.41, 4744
274, 0.4102, 4762
275, 0.4112, 4779
276, 0.412, 4796
277, 0.4129, 4814
278, 0.413, 4831
279, 0.4127, 4848
280, 0.4134, 4866
281, 0.4135, 4883
282, 0.414, 4900
283, 0.4146, 4918
284, 0.4149, 4935
285, 0.4155, 4952
286, 0.4162, 4969
287, 0.4172, 4987
288, 0.4171, 5004
289, 0.4173, 5021
290, 0.4177, 5038
291, 0.4182, 5056
292, 0.4184, 5073
293, 0.4192, 5090
294, 0.4201, 5108
295, 0.4206, 5125
296, 0.4208, 5142
297, 0.4213, 5159
298, 0.4221, 5176
299, 0.4228, 5193
300, 0.4231, 5211
301, 0.4235, 5228
302, 0.4235, 5246
303, 0.4242, 5265
304, 0.4247, 5284
305, 0.4251, 5302
306, 0.4261, 5319
307, 0.4257, 5337
308, 0.4261, 5354
309, 0.4258, 5372
310, 0.4267, 5389
311, 0.4271, 5406
312, 0.428, 5423
313, 0.4285, 5441
314, 0.4291, 5458
315, 0.4295, 5476
316, 0.4303, 5494
317, 0.4311, 5511
318, 0.4316, 5529
319, 0.4316, 5546
320, 0.4316, 5564
321, 0.4313, 5581
322, 0.432, 5598
323, 0.4315, 5616
324, 0.4317, 5633
325, 0.4324, 5650
326, 0.4323, 5667
327, 0.4329, 5685
328, 0.4331, 5702
329, 0.4333, 5719
330, 0.4339, 5736
331, 0.4341, 5754
332, 0.4348, 5771
333, 0.4347, 5789
334, 0.4352, 5806
335, 0.4356, 5824
336, 0.4364, 5842
337, 0.4363, 5859
338, 0.4368, 5877
339, 0.4371, 5894
340, 0.4377, 5912
341, 0.4383, 5929
342, 0.4387, 5946
343, 0.4387, 5963
344, 0.4386, 5980
345, 0.4392, 5998
346, 0.4398, 6015
347, 0.4394, 6033
348, 0.4402, 6050
349, 0.4406, 6067
350, 0.4402, 6085
351, 0.4395, 6102
352, 0.4397, 6119
353, 0.4397, 6137
354, 0.44, 6154
355, 0.4404, 6171
356, 0.4413, 6188
357, 0.4421, 6205
358, 0.4421, 6223
359, 0.4425, 6240
360, 0.4428, 6257
361, 0.4435, 6275
362, 0.4435, 6292
363, 0.4435, 6309
364, 0.4439, 6327
365, 0.4443, 6344
366, 0.445, 6361
367, 0.4454, 6378
368, 0.4458, 6396
369, 0.4457, 6413
370, 0.4461, 6431
371, 0.447, 6448
372, 0.448, 6465
373, 0.4489, 6482
374, 0.4498, 6500
375, 0.4497, 6517
376, 0.4503, 6534
377, 0.4507, 6552
378, 0.4514, 6569
379, 0.4517, 6586
380, 0.4518, 6603
381, 0.4515, 6621
382, 0.4518, 6638
383, 0.452, 6655
384, 0.4523, 6673
385, 0.4533, 6690
386, 0.4533, 6707
387, 0.4536, 6724
388, 0.4534, 6741
389, 0.4533, 6759
390, 0.4542, 6776
391, 0.4548, 6794
392, 0.4554, 6811
393, 0.456, 6828
394, 0.4559, 6845
395, 0.4569, 6862
396, 0.4578, 6879
397, 0.4587, 6897
398, 0.4592, 6914
399, 0.4606, 6931
400, 0.4609, 6949
401, 0.4609, 6966
402, 0.4616, 6983
403, 0.4621, 7000
404, 0.4622, 7017
405, 0.463, 7035
406, 0.4634, 7052
407, 0.4633, 7069
408, 0.4636, 7087
409, 0.4644, 7104
410, 0.4646, 7122
411, 0.4649, 7139
412, 0.465, 7156
413, 0.4655, 7174
414, 0.4659, 7191
415, 0.4663, 7209
416, 0.4666, 7226
417, 0.4664, 7243
418, 0.4672, 7261
419, 0.4676, 7278
420, 0.4684, 7296
421, 0.4689, 7313
422, 0.4691, 7331
423, 0.4691, 7349
424, 0.4693, 7366
425, 0.47, 7383
426, 0.4699, 7400
427, 0.4707, 7417
428, 0.4718, 7435
429, 0.472, 7452
430, 0.4723, 7469
431, 0.4729, 7486
432, 0.4736, 7504
433, 0.4742, 7521
434, 0.4742, 7539
435, 0.4745, 7556
436, 0.4745, 7574
437, 0.4747, 7591
438, 0.475, 7609
439, 0.4749, 7626
440, 0.4749, 7643
441, 0.4759, 7661
442, 0.4764, 7678
443, 0.4762, 7695
444, 0.4762, 7713
445, 0.4768, 7730
446, 0.4765, 7748
447, 0.4769, 7765
448, 0.4769, 7783
449, 0.4775, 7800
450, 0.4776, 7818
451, 0.4787, 7835
452, 0.4791, 7853
453, 0.4794, 7870
454, 0.4797, 7887
455, 0.48, 7905
456, 0.4801, 7922
457, 0.4801, 7940
458, 0.4801, 7957
459, 0.4806, 7974
460, 0.4808, 7991
461, 0.4809, 8009
462, 0.4809, 8026
463, 0.4806, 8044
464, 0.4811, 8061
465, 0.481, 8078
466, 0.4812, 8095
467, 0.4811, 8112
468, 0.4814, 8130
469, 0.4815, 8147
470, 0.4822, 8164
471, 0.4823, 8181
472, 0.4829, 8199
473, 0.4826, 8216
474, 0.483, 8233
475, 0.4835, 8250
476, 0.4836, 8267
477, 0.4833, 8285
478, 0.4833, 8302
479, 0.4832, 8319
480, 0.4834, 8337
481, 0.4832, 8354
482, 0.4836, 8372
483, 0.4835, 8389
484, 0.4841, 8406
485, 0.4846, 8423
486, 0.4846, 8441
487, 0.4853, 8458
488, 0.4855, 8475
489, 0.4863, 8492
490, 0.4864, 8510
491, 0.4866, 8527
492, 0.4871, 8544
493, 0.4873, 8561
494, 0.4876, 8579
495, 0.4878, 8596
496, 0.4885, 8613
497, 0.4888, 8630
498, 0.4893, 8648
499, 0.4898, 8665
500, 0.49, 8682
501, 0.4899, 8700
502, 0.4899, 8717
503, 0.4904, 8734
504, 0.4906, 8752
505, 0.4909, 8769
506, 0.4911, 8786
507, 0.4912, 8804
508, 0.4912, 8821
509, 0.4915, 8838
510, 0.4912, 8856
511, 0.4918, 8874
512, 0.4918, 8891
513, 0.492, 8909
514, 0.4923, 8926
515, 0.4923, 8943
516, 0.492, 8960
517, 0.4925, 8978
518, 0.4924, 8995
519, 0.4925, 9013
520, 0.4926, 9030
521, 0.4929, 9047
522, 0.4929, 9064
523, 0.4932, 9081
524, 0.4934, 9099
525, 0.4936, 9116
526, 0.4939, 9134
527, 0.4941, 9151
528, 0.4942, 9168
529, 0.4944, 9186
530, 0.4948, 9203
531, 0.4953, 9220
532, 0.4957, 9237
533, 0.4962, 9255
534, 0.4964, 9272
535, 0.4964, 9289
536, 0.4969, 9306
537, 0.4968, 9324
538, 0.4971, 9341
539, 0.4972, 9359
540, 0.4979, 9376
541, 0.4982, 9393
542, 0.4987, 9410
543, 0.4993, 9428
544, 0.4991, 9445
545, 0.499, 9463
546, 0.4993, 9480
547, 0.5001, 9498
548, 0.5002, 9515
549, 0.5004, 9533
550, 0.5008, 9550
551, 0.501, 9567
552, 0.501, 9585
553, 0.5018, 9602
554, 0.5016, 9619
555, 0.5022, 9637
556, 0.5026, 9654
557, 0.5026, 9671
558, 0.5025, 9689
559, 0.503, 9706
560, 0.503, 9724
561, 0.5033, 9741
562, 0.5034, 9759
563, 0.5037, 9776
564, 0.5039, 9793
565, 0.5045, 9810
566, 0.5048, 9828
567, 0.5047, 9845
568, 0.5051, 9863
569, 0.5052, 9881
570, 0.5051, 9898
571, 0.5049, 9915
572, 0.505, 9933
573, 0.5056, 9950
574, 0.5059, 9968
575, 0.5065, 9985
576, 0.5065, 10002
577, 0.5069, 10020
578, 0.5069, 10037
579, 0.5071, 10055
580, 0.5071, 10072
581, 0.5077, 10089
582, 0.5081, 10107
583, 0.5083, 10124
584, 0.5085, 10142
585, 0.5088, 10159
586, 0.5091, 10176
587, 0.509, 10194
588, 0.5088, 10211
589, 0.5091, 10229
590, 0.5094, 10246
591, 0.5095, 10264
592, 0.5095, 10281
593, 0.5096, 10298
594, 0.5095, 10315
595, 0.51, 10333
596, 0.5101, 10350
597, 0.5101, 10368
598, 0.5103, 10385
599, 0.5103, 10402
600, 0.5106, 10420
601, 0.5108, 10437
602, 0.5112, 10454
603, 0.5117, 10472
604, 0.5117, 10491
605, 0.5119, 10509
606, 0.5125, 10526
607, 0.5125, 10543
608, 0.5129, 10561
609, 0.5129, 10578
610, 0.5128, 10596
611, 0.5132, 10613
612, 0.5131, 10631
613, 0.5135, 10650
614, 0.5131, 10668
615, 0.5134, 10686
616, 0.5135, 10703
617, 0.5136, 10721
618, 0.5138, 10738
619, 0.5139, 10756
620, 0.5139, 10775
621, 0.5143, 10793
622, 0.5144, 10810
623, 0.5148, 10827
624, 0.5149, 10845
625, 0.5154, 10861
626, 0.5155, 10879
627, 0.5155, 10896
628, 0.516, 10914
629, 0.516, 10931
630, 0.5161, 10949
631, 0.5166, 10967
632, 0.5165, 10984
633, 0.5167, 11001
634, 0.5165, 11018
635, 0.5167, 11036
636, 0.5167, 11053
637, 0.5169, 11071
638, 0.5166, 11087
639, 0.5169, 11104
640, 0.5167, 11122
641, 0.5169, 11139
642, 0.5175, 11156
643, 0.518, 11174
644, 0.5183, 11191
645, 0.5182, 11209
646, 0.519, 11226
647, 0.5187, 11244
648, 0.5188, 11262
649, 0.5189, 11279
650, 0.519, 11296
651, 0.5192, 11314
652, 0.5194, 11331
653, 0.5196, 11349
654, 0.5197, 11366
655, 0.5201, 11383
656, 0.5203, 11400
657, 0.5204, 11418
658, 0.5203, 11435
659, 0.5208, 11453
660, 0.5207, 11470
661, 0.5207, 11488
662, 0.5209, 11505
663, 0.521, 11522
664, 0.521, 11539
665, 0.5212, 11557
666, 0.5214, 11574
667, 0.522, 11591
668, 0.5218, 11608
669, 0.5216, 11626
670, 0.5221, 11643
671, 0.5223, 11660
672, 0.5226, 11678
673, 0.5228, 11695
674, 0.5231, 11712
675, 0.5233, 11729
676, 0.5232, 11747
677, 0.5232, 11764
678, 0.5239, 11781
679, 0.5238, 11799
680, 0.5238, 11817
681, 0.5242, 11834
682, 0.5245, 11852
683, 0.5248, 11869
684, 0.5252, 11887
685, 0.5251, 11905
686, 0.5253, 11922
687, 0.5256, 11939
688, 0.5255, 11956
689, 0.5258, 11974
690, 0.5265, 11991
691, 0.5266, 12008
692, 0.5268, 12025
693, 0.5271, 12043
694, 0.5272, 12061
695, 0.5272, 12078
696, 0.5272, 12096
697, 0.5269, 12113
698, 0.5269, 12130
699, 0.5272, 12148
700, 0.5275, 12165
701, 0.5281, 12182
702, 0.5282, 12200
703, 0.5284, 12217
704, 0.5285, 12234
705, 0.5285, 12252
706, 0.5285, 12269
707, 0.5289, 12287
708, 0.5292, 12304
709, 0.5289, 12322
710, 0.5294, 12339
711, 0.5295, 12357
712, 0.53, 12374
713, 0.53, 12392
714, 0.5302, 12409
715, 0.53, 12427
716, 0.5304, 12444
717, 0.5305, 12461
718, 0.5307, 12479
719, 0.5305, 12496
720, 0.531, 12514
721, 0.5308, 12532
722, 0.5315, 12549
723, 0.5317, 12566
724, 0.5324, 12583
725, 0.5326, 12600
726, 0.5322, 12617
727, 0.5326, 12634
728, 0.5331, 12651
729, 0.5334, 12669
730, 0.5338, 12686
731, 0.5343, 12703
732, 0.5346, 12720
733, 0.535, 12738
734, 0.5353, 12755
735, 0.5354, 12773
736, 0.5356, 12790
737, 0.5359, 12807
738, 0.5361, 12825
739, 0.5364, 12842
740, 0.5365, 12860
741, 0.5359, 12877
742, 0.5361, 12895
743, 0.5365, 12912
744, 0.5367, 12929
745, 0.5369, 12947
746, 0.5368, 12965
747, 0.5372, 12982
748, 0.5373, 13000
749, 0.5376, 13017
750, 0.5379, 13034
751, 0.5379, 13052
752, 0.538, 13069
753, 0.5383, 13086
754, 0.5381, 13103
755, 0.5385, 13121
756, 0.5386, 13138
757, 0.5385, 13156
758, 0.539, 13173
759, 0.5394, 13190
760, 0.5395, 13207
761, 0.5398, 13224
762, 0.5397, 13242
763, 0.5396, 13259
764, 0.54, 13277
765, 0.5398, 13294
766, 0.5401, 13311
767, 0.5404, 13329
768, 0.5408, 13346
769, 0.541, 13364
770, 0.5406, 13381
771, 0.541, 13399
772, 0.541, 13416
773, 0.5413, 13433
774, 0.5412, 13451
775, 0.5415, 13469
776, 0.5416, 13487
777, 0.5415, 13504
778, 0.5415, 13521
779, 0.5417, 13538
780, 0.5419, 13555
781, 0.5418, 13573
782, 0.542, 13590
783, 0.5419, 13607
784, 0.5424, 13624
785, 0.5422, 13642
786, 0.5429, 13659
787, 0.5428, 13676
788, 0.5424, 13694
789, 0.5423, 13711
790, 0.5424, 13728
791, 0.5424, 13745
792, 0.5426, 13763
793, 0.5426, 13781
794, 0.5427, 13798
795, 0.5426, 13815
796, 0.5426, 13833
797, 0.5428, 13850
798, 0.5431, 13867
799, 0.5433, 13885
800, 0.5432, 13902
801, 0.5431, 13920
802, 0.543, 13937
803, 0.5427, 13954
804, 0.543, 13971
805, 0.5434, 13988
806, 0.5436, 14005
807, 0.5434, 14022
808, 0.5437, 14039
809, 0.5441, 14057
810, 0.5439, 14074
811, 0.5441, 14092
812, 0.5443, 14109
813, 0.5448, 14126
814, 0.5451, 14144
815, 0.5454, 14161
816, 0.5452, 14178
817, 0.5453, 14195
818, 0.5455, 14213
819, 0.5454, 14231
820, 0.5457, 14248
821, 0.546, 14265
822, 0.5461, 14283
823, 0.5463, 14300
824, 0.5467, 14318
825, 0.547, 14335
826, 0.5468, 14352
827, 0.5474, 14369
828, 0.5477, 14387
829, 0.5483, 14404
830, 0.5485, 14421
831, 0.5489, 14439
832, 0.5486, 14456
833, 0.5491, 14474
834, 0.5494, 14491
835, 0.5498, 14509
836, 0.55, 14526
837, 0.5501, 14544
838, 0.5501, 14561
839, 0.5503, 14578
840, 0.5503, 14595
841, 0.5509, 14613
842, 0.5508, 14630
843, 0.5512, 14648
844, 0.5512, 14665
845, 0.5516, 14682
846, 0.5514, 14699
847, 0.5523, 14717
848, 0.5526, 14737
849, 0.5533, 14755
850, 0.5532, 14773
851, 0.5536, 14793
852, 0.5532, 14811
853, 0.5534, 14829
854, 0.5531, 14846
855, 0.5535, 14864
856, 0.5534, 14881
857, 0.5536, 14899
858, 0.5535, 14916
859, 0.5537, 14934
860, 0.5538, 14951
861, 0.5537, 14969
862, 0.5538, 14986
863, 0.5538, 15003
864, 0.5539, 15021
865, 0.554, 15038
866, 0.5545, 15055
867, 0.5546, 15073
868, 0.5546, 15090
869, 0.5552, 15107
870, 0.5555, 15125
871, 0.5554, 15143
872, 0.556, 15160
873, 0.5566, 15178
874, 0.5567, 15195
875, 0.5569, 15212
876, 0.5573, 15229
877, 0.5578, 15247
878, 0.5581, 15264
879, 0.5582, 15281
880, 0.5589, 15299
881, 0.5591, 15316
882, 0.5593, 15333
883, 0.5592, 15350
884, 0.5593, 15367
885, 0.5595, 15385
886, 0.5594, 15402
887, 0.5597, 15419
888, 0.5596, 15437
889, 0.5596, 15454
890, 0.5596, 15472
891, 0.5597, 15490
892, 0.5603, 15507
893, 0.5606, 15524
894, 0.5607, 15542
895, 0.561, 15559
896, 0.5616, 15576
897, 0.5614, 15594
898, 0.562, 15611
899, 0.5623, 15628
900, 0.5628, 15645
901, 0.5631, 15662
902, 0.5634, 15680
903, 0.5633, 15697
904, 0.5635, 15715
905, 0.5641, 15732
906, 0.5644, 15750
907, 0.5644, 15767
908, 0.5644, 15784
909, 0.5644, 15802
910, 0.5647, 15819
911, 0.5652, 15836
912, 0.565, 15853
913, 0.565, 15871
914, 0.565, 15888
915, 0.5653, 15905
916, 0.5654, 15923
917, 0.5658, 15940
918, 0.5658, 15958
919, 0.5661, 15975
920, 0.5663, 15993
921, 0.5665, 16010
922, 0.5667, 16027
923, 0.5667, 16045
924, 0.5669, 16063
925, 0.5669, 16080
926, 0.5671, 16097
927, 0.5674, 16115
928, 0.5674, 16132
929, 0.5676, 16149
930, 0.5673, 16166
931, 0.5677, 16183
932, 0.5677, 16201
933, 0.5676, 16218
934, 0.5676, 16235
935, 0.5674, 16253
936, 0.5673, 16271
937, 0.567, 16288
938, 0.5677, 16306
939, 0.5679, 16323
940, 0.5683, 16340
941, 0.5684, 16357
942, 0.5683, 16374
943, 0.5683, 16392
944, 0.5685, 16409
945, 0.5687, 16427
946, 0.5688, 16444
947, 0.5689, 16462
948, 0.5689, 16479
949, 0.5694, 16497
950, 0.5694, 16514
951, 0.5696, 16532
952, 0.5693, 16549
953, 0.5693, 16566
954, 0.569, 16584
955, 0.5692, 16601
956, 0.5693, 16618
957, 0.5696, 16636
958, 0.5697, 16653
959, 0.5699, 16670
960, 0.5705, 16688
961, 0.5707, 16705
962, 0.5705, 16723
963, 0.571, 16741
964, 0.5708, 16758
965, 0.5708, 16775
966, 0.5712, 16793
967, 0.5708, 16810
968, 0.5709, 16827
969, 0.5711, 16845
970, 0.5711, 16862
971, 0.5717, 16880
972, 0.5716, 16897
973, 0.5715, 16915
974, 0.5716, 16932
975, 0.5721, 16950
976, 0.5718, 16968
977, 0.5721, 16985
978, 0.572, 17002
979, 0.5722, 17019
980, 0.5721, 17037
981, 0.5721, 17054
982, 0.5721, 17072
983, 0.5721, 17089
984, 0.5723, 17107
985, 0.5725, 17124
986, 0.5728, 17141
987, 0.5725, 17159
988, 0.5725, 17176
989, 0.5722, 17194
990, 0.5724, 17211
991, 0.5726, 17228
992, 0.5726, 17245
993, 0.5723, 17263
994, 0.5728, 17281
995, 0.5723, 17298
996, 0.5729, 17315
997, 0.5731, 17332
998, 0.5734, 17350
999, 0.5729, 17367
1000, 0.5732, 17385
1001, 0.5731, 17402
1002, 0.5735, 17420
1003, 0.5732, 17437
1004, 0.5742, 17454
1005, 0.5734, 17472
1006, 0.5742, 17489
1007, 0.5741, 17506
1008, 0.5746, 17523
1009, 0.5745, 17542
1010, 0.5749, 17559
1011, 0.5749, 17577
1012, 0.5753, 17596
1013, 0.5754, 17615
1014, 0.5754, 17634
1015, 0.575, 17651
1016, 0.5755, 17669
1017, 0.5757, 17687
1018, 0.5756, 17704
1019, 0.5756, 17722
1020, 0.5759, 17739
1021, 0.5762, 17757
1022, 0.5762, 17774
1023, 0.5764, 17792
1024, 0.5766, 17809
1025, 0.5764, 17826
1026, 0.5766, 17844
1027, 0.5765, 17861
1028, 0.5764, 17879
1029, 0.5769, 17896
1030, 0.577, 17913
1031, 0.5774, 17931
1032, 0.5773, 17948
1033, 0.5772, 17966
1034, 0.5774, 17983
1035, 0.5776, 18001
1036, 0.5776, 18018
1037, 0.5778, 18036
1038, 0.5782, 18054
1039, 0.5781, 18071
1040, 0.5784, 18089
1041, 0.5779, 18106
1042, 0.5786, 18123
1043, 0.5792, 18140
1044, 0.5791, 18158
1045, 0.5787, 18175
1046, 0.5788, 18193
1047, 0.5789, 18210
1048, 0.5787, 18227
1049, 0.579, 18245
1050, 0.5788, 18262
1051, 0.579, 18279
1052, 0.5787, 18297
1053, 0.5792, 18314
1054, 0.5796, 18332
1055, 0.5801, 18349
1056, 0.5802, 18366
1057, 0.5805, 18384
1058, 0.5809, 18402
1059, 0.5813, 18419
1060, 0.5815, 18436
1061, 0.5819, 18454
1062, 0.5814, 18471
1063, 0.5821, 18488
1064, 0.5821, 18505
1065, 0.5825, 18523
1066, 0.5826, 18540
1067, 0.5827, 18557
1068, 0.5829, 18575
1069, 0.5827, 18592
1070, 0.583, 18609
1071, 0.5831, 18627
1072, 0.5829, 18644
1073, 0.5829, 18661
1074, 0.583, 18679
1075, 0.5834, 18696
1076, 0.5833, 18713
1077, 0.5831, 18731
1078, 0.5832, 18748
1079, 0.583, 18766
1080, 0.5833, 18783
1081, 0.5831, 18800
1082, 0.5832, 18818
1083, 0.5832, 18836
1084, 0.5833, 18853
1085, 0.5835, 18870
1086, 0.5834, 18888
1087, 0.584, 18905
1088, 0.5837, 18922
1089, 0.5842, 18939
1090, 0.5841, 18956
1091, 0.5841, 18973
1092, 0.584, 18990
1093, 0.5841, 19008
1094, 0.5839, 19025
1095, 0.584, 19042
1096, 0.584, 19060
1097, 0.5839, 19077
1098, 0.584, 19095
1099, 0.5841, 19113
1100, 0.5843, 19130
1101, 0.5845, 19147
1102, 0.5844, 19164
1103, 0.5848, 19182
1104, 0.5849, 19199
1105, 0.5848, 19217
1106, 0.5851, 19234
1107, 0.585, 19251
1108, 0.5855, 19268
1109, 0.5856, 19286
1110, 0.5856, 19303
1111, 0.5859, 19321
1112, 0.5856, 19338
1113, 0.5862, 19356
1114, 0.586, 19373
1115, 0.5866, 19391
1116, 0.5867, 19408
1117, 0.5873, 19425
1118, 0.5873, 19442
1119, 0.5877, 19459
1120, 0.5872, 19477
1121, 0.5874, 19494
1122, 0.5875, 19511
1123, 0.5876, 19528
1124, 0.5882, 19546
1125, 0.5884, 19563
1126, 0.5881, 19580
1127, 0.5884, 19598
1128, 0.5881, 19616
1129, 0.5883, 19633
1130, 0.5885, 19650
1131, 0.5887, 19668
1132, 0.5886, 19685
1133, 0.5889, 19702
1134, 0.5887, 19720
1135, 0.5889, 19737
1136, 0.5892, 19754
1137, 0.589, 19772
1138, 0.5889, 19789
1139, 0.5894, 19807
1140, 0.5895, 19824
1141, 0.5897, 19841
1142, 0.5898, 19859
1143, 0.5901, 19876
1144, 0.5905, 19894
1145, 0.5907, 19911
1146, 0.5906, 19928
1147, 0.5909, 19946
1148, 0.5907, 19963
1149, 0.5912, 19980
1150, 0.591, 19997
1151, 0.591, 20014
1152, 0.5909, 20032
1153, 0.5906, 20049
1154, 0.5909, 20067
1155, 0.5908, 20084
1156, 0.5909, 20101
1157, 0.5907, 20119
1158, 0.5909, 20136
1159, 0.5908, 20153
1160, 0.5909, 20171
1161, 0.5908, 20189
1162, 0.5909, 20206
1163, 0.5909, 20224
1164, 0.5909, 20241
1165, 0.5909, 20258
1166, 0.591, 20276
1167, 0.5911, 20293
1168, 0.5912, 20310
1169, 0.591, 20327
1170, 0.5912, 20344
1171, 0.5915, 20362
1172, 0.5913, 20379
1173, 0.5912, 20397
1174, 0.5915, 20414
1175, 0.5914, 20431
1176, 0.5916, 20449
1177, 0.5916, 20466
1178, 0.5916, 20484
1179, 0.5918, 20501
1180, 0.592, 20519
1181, 0.5923, 20536
1182, 0.5922, 20554
1183, 0.5926, 20571
1184, 0.5922, 20588
1185, 0.5925, 20606
1186, 0.5925, 20623
1187, 0.5928, 20641
1188, 0.5924, 20658
1189, 0.5924, 20675
1190, 0.5931, 20693
1191, 0.5927, 20710
1192, 0.5931, 20728
1193, 0.5929, 20746
1194, 0.5933, 20763
1195, 0.5931, 20781
1196, 0.5936, 20798
1197, 0.5937, 20815
1198, 0.5935, 20833
1199, 0.5934, 20850
1200, 0.5931, 20868
1201, 0.5933, 20885
1202, 0.593, 20902
1203, 0.5932, 20919
1204, 0.5932, 20936
1205, 0.5936, 20954
1206, 0.5933, 20971
1207, 0.5938, 20989
1208, 0.5937, 21006
1209, 0.5937, 21024
1210, 0.5937, 21041
1211, 0.594, 21059
1212, 0.5941, 21077
1213, 0.5943, 21094
1214, 0.5944, 21112
1215, 0.5943, 21129
1216, 0.5948, 21146
1217, 0.5945, 21164
1218, 0.5948, 21182
1219, 0.5946, 21199
1220, 0.5949, 21216
1221, 0.5947, 21234
1222, 0.5949, 21251
1223, 0.5951, 21269
1224, 0.5954, 21286
1225, 0.5952, 21303
1226, 0.5951, 21320
1227, 0.5953, 21338
1228, 0.5955, 21355
1229, 0.5953, 21373
1230, 0.5953, 21391
1231, 0.5956, 21408
1232, 0.5957, 21425
1233, 0.5956, 21443
1234, 0.596, 21460
1235, 0.5963, 21478
1236, 0.5961, 21495
1237, 0.5964, 21513
1238, 0.5965, 21530
1239, 0.5968, 21547
1240, 0.5969, 21564
1241, 0.5969, 21582
1242, 0.5971, 21599
1243, 0.5978, 21617
1244, 0.5976, 21634
1245, 0.5979, 21652
1246, 0.5978, 21670
1247, 0.5981, 21687
1248, 0.5979, 21704
1249, 0.5979, 21721
1250, 0.5981, 21738
1251, 0.5978, 21756
1252, 0.598, 21773
1253, 0.5978, 21791
1254, 0.598, 21808
1255, 0.5981, 21826
1256, 0.5985, 21843
1257, 0.5987, 21860
1258, 0.599, 21877
1259, 0.599, 21895
1260, 0.5989, 21913
1261, 0.5991, 21930
1262, 0.5991, 21948
1263, 0.5989, 21966
1264, 0.5993, 21983
1265, 0.599, 22000
1266, 0.5993, 22018
1267, 0.5991, 22035
1268, 0.5994, 22052
1269, 0.5994, 22070
1270, 0.5997, 22087
1271, 0.5996, 22105
1272, 0.5998, 22122
1273, 0.6002, 22139
1274, 0.6003, 22157
1275, 0.6001, 22175
1276, 0.6004, 22192
1277, 0.6004, 22210
1278, 0.6003, 22227
1279, 0.6004, 22244
1280, 0.6003, 22262
1281, 0.6001, 22280
1282, 0.6004, 22297
1283, 0.6006, 22315
1284, 0.6006, 22333
1285, 0.6009, 22350
1286, 0.6007, 22367
1287, 0.6008, 22385
1288, 0.6007, 22402
1289, 0.6009, 22419
1290, 0.6011, 22437
1291, 0.601, 22454
1292, 0.6011, 22472
1293, 0.6011, 22490
1294, 0.601, 22508
1295, 0.6009, 22525
1296, 0.6012, 22542
1297, 0.6014, 22560
1298, 0.6014, 22577
1299, 0.6015, 22595
1300, 0.6018, 22612
1301, 0.6021, 22629
1302, 0.6018, 22647
1303, 0.6022, 22664
1304, 0.602, 22683
1305, 0.602, 22700
1306, 0.6022, 22718
1307, 0.6025, 22735
1308, 0.6024, 22752
1309, 0.6026, 22769
1310, 0.6026, 22787
1311, 0.6028, 22804
1312, 0.6031, 22822
1313, 0.6032, 22839
1314, 0.6033, 22856
1315, 0.6035, 22874
1316, 0.6036, 22891
1317, 0.6035, 22909
1318, 0.6035, 22927
1319, 0.6035, 22945
1320, 0.6038, 22963
1321, 0.6036, 22980
1322, 0.6037, 22997
1323, 0.6035, 23015
1324, 0.6037, 23032
1325, 0.6037, 23049
1326, 0.6039, 23066
1327, 0.604, 23084
1328, 0.6038, 23101
1329, 0.604, 23119
1330, 0.6039, 23136
1331, 0.604, 23154
1332, 0.6041, 23172
1333, 0.6038, 23190
1334, 0.6038, 23207
1335, 0.6039, 23225
1336, 0.604, 23242
1337, 0.604, 23260
1338, 0.6041, 23278
1339, 0.6043, 23295
1340, 0.6042, 23312
1341, 0.6041, 23330
1342, 0.6041, 23347
1343, 0.6045, 23365
1344, 0.6045, 23382
1345, 0.6043, 23399
1346, 0.6048, 23417
1347, 0.6046, 23435
1348, 0.6046, 23452
1349, 0.6046, 23469
1350, 0.6044, 23487
1351, 0.6048, 23504
1352, 0.6049, 23522
1353, 0.6048, 23540
1354, 0.6051, 23558
1355, 0.6049, 23575
1356, 0.6053, 23592
1357, 0.6055, 23609
1358, 0.6053, 23627
1359, 0.6053, 23644
1360, 0.6053, 23662
1361, 0.6052, 23679
1362, 0.6052, 23696
1363, 0.6056, 23714
1364, 0.6056, 23731
1365, 0.6052, 23749
1366, 0.6056, 23766
1367, 0.6058, 23784
1368, 0.6058, 23801
1369, 0.6062, 23819
1370, 0.6064, 23836
1371, 0.6066, 23854
1372, 0.6068, 23871
1373, 0.6067, 23889
1374, 0.6068, 23906
1375, 0.6067, 23923
1376, 0.6066, 23941
1377, 0.6063, 23958
1378, 0.6063, 23975
1379, 0.6065, 23992
1380, 0.6068, 24011
1381, 0.6067, 24030
1382, 0.6068, 24049
1383, 0.6072, 24066
1384, 0.6071, 24084
1385, 0.607, 24101
1386, 0.607, 24119
1387, 0.6075, 24137
1388, 0.6075, 24155
1389, 0.6078, 24172
1390, 0.6077, 24190
1391, 0.6078, 24207
1392, 0.6078, 24224
1393, 0.6075, 24242
1394, 0.6077, 24259
1395, 0.6074, 24276
1396, 0.6077, 24294
1397, 0.6076, 24311
1398, 0.6076, 24329
1399, 0.608, 24347
1400, 0.6077, 24364
1401, 0.6078, 24381
1402, 0.6079, 24399
1403, 0.6081, 24417
1404, 0.6084, 24434
1405, 0.6082, 24452
1406, 0.6084, 24469
1407, 0.6086, 24487
1408, 0.6082, 24504
1409, 0.6083, 24521
1410, 0.6081, 24539
1411, 0.6081, 24557
1412, 0.6083, 24574
1413, 0.6082, 24592
1414, 0.6084, 24609
1415, 0.6084, 24627
1416, 0.6085, 24645
1417, 0.6082, 24662
1418, 0.6087, 24680
1419, 0.6082, 24697
1420, 0.6086, 24714
1421, 0.6084, 24731
1422, 0.6088, 24749
1423, 0.6082, 24766
1424, 0.6086, 24783
1425, 0.6083, 24800
1426, 0.6085, 24818
1427, 0.6085, 24835
1428, 0.6086, 24852
1429, 0.6085, 24870
1430, 0.6086, 24887
1431, 0.609, 24905
1432, 0.609, 24923
1433, 0.6091, 24940
1434, 0.6094, 24957
1435, 0.6095, 24975
1436, 0.6095, 24992
1437, 0.6097, 25010
1438, 0.6097, 25028
1439, 0.6098, 25045
1440, 0.6096, 25063
1441, 0.6097, 25080
1442, 0.6101, 25098
1443, 0.6101, 25115
1444, 0.6102, 25133
1445, 0.6101, 25150
1446, 0.61, 25167
1447, 0.6104, 25185
1448, 0.6104, 25202
1449, 0.6102, 25220
1450, 0.6103, 25237
1451, 0.6108, 25254
1452, 0.6109, 25272
1453, 0.6108, 25290
1454, 0.6107, 25307
1455, 0.6106, 25324
1456, 0.6105, 25341
1457, 0.6104, 25359
1458, 0.6108, 25376
1459, 0.6108, 25394
1460, 0.6104, 25411
1461, 0.611, 25429
1462, 0.6109, 25446
1463, 0.6108, 25464
1464, 0.6105, 25482
1465, 0.6106, 25499
1466, 0.6108, 25516
1467, 0.6108, 25534
1468, 0.6107, 25552
1469, 0.6106, 25570
1470, 0.6114, 25588
1471, 0.6113, 25605
1472, 0.6116, 25622
1473, 0.6111, 25640
1474, 0.6116, 25657
1475, 0.6113, 25675
1476, 0.6113, 25692
1477, 0.6111, 25709
1478, 0.6113, 25727
1479, 0.6116, 25744
1480, 0.6114, 25762
1481, 0.6117, 25780
1482, 0.6117, 25797
1483, 0.612, 25815
1484, 0.6118, 25832
1485, 0.612, 25850
1486, 0.6122, 25867
1487, 0.6124, 25884
1488, 0.6124, 25902
1489, 0.6127, 25919
1490, 0.6128, 25937
1491, 0.613, 25954
1492, 0.6129, 25971
1493, 0.6132, 25989
1494, 0.6134, 26006
1495, 0.6133, 26023
1496, 0.6134, 26041
1497, 0.6135, 26058
1498, 0.6134, 26076
1499, 0.6135, 26093
1500, 0.6137, 26110
1501, 0.6138, 26128
1502, 0.6138, 26145
1503, 0.614, 26162
1504, 0.6138, 26179
1505, 0.6138, 26196
1506, 0.6138, 26214
1507, 0.6139, 26230
1508, 0.6139, 26248
1509, 0.614, 26266
1510, 0.6142, 26284
1511, 0.6141, 26301
1512, 0.6144, 26318
1513, 0.6144, 26336
1514, 0.6149, 26353
1515, 0.6143, 26371
1516, 0.6145, 26388
1517, 0.6145, 26405
1518, 0.6148, 26423
1519, 0.6146, 26440
1520, 0.6151, 26457
1521, 0.6151, 26475
1522, 0.6152, 26492
1523, 0.6151, 26510
1524, 0.6155, 26528
1525, 0.6152, 26545
1526, 0.6154, 26562
1527, 0.6151, 26580
1528, 0.6157, 26597
1529, 0.6152, 26615
1530, 0.6154, 26632
1531, 0.6152, 26650
1532, 0.6154, 26667
1533, 0.6154, 26684
1534, 0.6156, 26702
1535, 0.6155, 26719
1536, 0.6158, 26737
1537, 0.6157, 26754
1538, 0.6159, 26772
1539, 0.616, 26789
1540, 0.616, 26807
1541, 0.6161, 26824
1542, 0.616, 26841
1543, 0.6157, 26859
1544, 0.6158, 26876
1545, 0.6154, 26894
1546, 0.6159, 26911
1547, 0.616, 26928
1548, 0.6164, 26946
1549, 0.6164, 26963
1550, 0.6165, 26980
1551, 0.617, 26998
1552, 0.6167, 27015
1553, 0.6168, 27033
1554, 0.6168, 27050
1555, 0.617, 27068
1556, 0.6171, 27086
1557, 0.6172, 27103
1558, 0.617, 27121
1559, 0.6174, 27138
1560, 0.6174, 27155
1561, 0.6173, 27173
1562, 0.6174, 27190
1563, 0.617, 27207
1564, 0.6173, 27225
1565, 0.6171, 27243
1566, 0.6171, 27261
1567, 0.6171, 27278
1568, 0.617, 27295
1569, 0.6174, 27312
1570, 0.6175, 27329
1571, 0.6174, 27347
1572, 0.6174, 27364
1573, 0.6174, 27382
1574, 0.6176, 27399
1575, 0.6171, 27417
1576, 0.6172, 27434
1577, 0.6171, 27452
1578, 0.6169, 27469
1579, 0.617, 27487
1580, 0.617, 27504
1581, 0.6172, 27522
1582, 0.617, 27539
1583, 0.617, 27557
1584, 0.6173, 27574
1585, 0.6172, 27592
1586, 0.617, 27609
1587, 0.6171, 27626
1588, 0.6173, 27644
1589, 0.6171, 27662
1590, 0.6172, 27679
1591, 0.6171, 27697
1592, 0.6173, 27714
1593, 0.6169, 27732
1594, 0.617, 27750
1595, 0.6172, 27767
1596, 0.6179, 27785
1597, 0.6175, 27802
1598, 0.6176, 27819
1599, 0.6179, 27837
1600, 0.6179, 27854
1601, 0.6182, 27872
1602, 0.6183, 27889
1603, 0.6183, 27906
1604, 0.6185, 27923
1605, 0.6182, 27941
1606, 0.6185, 27958
1607, 0.6186, 27975
1608, 0.6185, 27993
1609, 0.6186, 28010
1610, 0.6185, 28028
1611, 0.6186, 28045
1612, 0.6187, 28063
1613, 0.6185, 28080
1614, 0.6187, 28100
1615, 0.6189, 28118
1616, 0.619, 28136
1617, 0.6189, 28154
1618, 0.6193, 28171
1619, 0.619, 28188
1620, 0.6194, 28206
1621, 0.619, 28224
1622, 0.6194, 28241
1623, 0.6194, 28259
1624, 0.6198, 28276
1625, 0.6197, 28294
1626, 0.6199, 28311
1627, 0.62, 28329
1628, 0.6201, 28346
1629, 0.6201, 28363
1630, 0.6201, 28381
1631, 0.6203, 28398
1632, 0.6204, 28416
1633, 0.6204, 28433
1634, 0.6206, 28451
1635, 0.6207, 28469
1636, 0.6208, 28486
1637, 0.6206, 28503
1638, 0.6209, 28520
1639, 0.6204, 28538
1640, 0.6205, 28555
1641, 0.6203, 28572
1642, 0.6202, 28590
1643, 0.6203, 28607
1644, 0.6206, 28625
1645, 0.6207, 28642
1646, 0.6207, 28659
1647, 0.6206, 28677
1648, 0.6202, 28694
1649, 0.6205, 28711
1650, 0.6204, 28729
1651, 0.6206, 28746
1652, 0.6207, 28764
1653, 0.621, 28780
1654, 0.6212, 28798
1655, 0.621, 28816
1656, 0.6212, 28833
1657, 0.6205, 28850
1658, 0.6212, 28868
1659, 0.6209, 28885
1660, 0.6214, 28902
1661, 0.6211, 28920
1662, 0.6213, 28937
1663, 0.6216, 28955
1664, 0.6216, 28972
1665, 0.6215, 28989
1666, 0.6217, 29007
1667, 0.6215, 29025
1668, 0.6221, 29042
1669, 0.6218, 29059
1670, 0.622, 29076
1671, 0.6217, 29093
1672, 0.6223, 29111
1673, 0.6222, 29128
1674, 0.6228, 29146
1675, 0.6221, 29163
1676, 0.6228, 29180
1677, 0.6219, 29198
1678, 0.6223, 29215
1679, 0.6225, 29233
1680, 0.6223, 29250
1681, 0.6225, 29267
1682, 0.6225, 29285
1683, 0.6225, 29302
1684, 0.6226, 29320
1685, 0.6224, 29337
1686, 0.6227, 29355
1687, 0.6227, 29372
1688, 0.6225, 29389
1689, 0.6226, 29407
1690, 0.6226, 29424
1691, 0.6223, 29441
1692, 0.6224, 29459
1693, 0.6223, 29477
1694, 0.6224, 29494
1695, 0.6224, 29511
1696, 0.6226, 29529
1697, 0.6223, 29546
1698, 0.6225, 29563
1699, 0.6226, 29581
1700, 0.6225, 29598
1701, 0.6228, 29616
1702, 0.6226, 29633
1703, 0.6226, 29651
1704, 0.6224, 29668
1705, 0.6224, 29686
1706, 0.6223, 29703
1707, 0.6223, 29720
1708, 0.6222, 29737
1709, 0.6221, 29754
1710, 0.6221, 29772
1711, 0.6222, 29790
1712, 0.6221, 29807
1713, 0.6219, 29825
1714, 0.6222, 29842
1715, 0.6218, 29860
1716, 0.6219, 29877
1717, 0.6222, 29895
1718, 0.622, 29913
1719, 0.6222, 29930
1720, 0.622, 29947
1721, 0.6223, 29964
1722, 0.6218, 29982
1723, 0.6221, 29999
1724, 0.622, 30017
1725, 0.6219, 30035
1726, 0.6216, 30052
1727, 0.6217, 30069
1728, 0.622, 30087
1729, 0.6217, 30104
1730, 0.622, 30122
1731, 0.6214, 30139
1732, 0.6221, 30157
1733, 0.6216, 30174
1734, 0.6219, 30192
1735, 0.622, 30209
1736, 0.622, 30226
1737, 0.6217, 30244
1738, 0.6219, 30262
1739, 0.6221, 30279
1740, 0.6221, 30296
1741, 0.622, 30314
1742, 0.6222, 30331
1743, 0.6223, 30348
1744, 0.6225, 30366
1745, 0.6222, 30383
1746, 0.6226, 30401
1747, 0.6225, 30418
1748, 0.6227, 30436
1749, 0.6224, 30453
1750, 0.6226, 30471
1751, 0.6224, 30488
1752, 0.6223, 30506
1753, 0.6223, 30523
1754, 0.6224, 30540
1755, 0.6221, 30557
1756, 0.6225, 30575
1757, 0.6221, 30593
1758, 0.6222, 30610
1759, 0.6221, 30628
1760, 0.6222, 30645
1761, 0.6219, 30663
1762, 0.6222, 30680
1763, 0.6223, 30698
1764, 0.6217, 30715
1765, 0.622, 30733
1766, 0.6221, 30750
1767, 0.6222, 30768
1768, 0.6223, 30785
1769, 0.6226, 30802
1770, 0.6227, 30819
1771, 0.6226, 30836
1772, 0.6224, 30853
1773, 0.6228, 30871
1774, 0.6225, 30888
1775, 0.623, 30906
1776, 0.623, 30924
1777, 0.6231, 30941
1778, 0.623, 30959
1779, 0.6233, 30976
1780, 0.623, 30994
1781, 0.6232, 31012
1782, 0.6233, 31029
1783, 0.6232, 31046
1784, 0.6234, 31063
1785, 0.6234, 31081
1786, 0.6233, 31098
1787, 0.6234, 31115
1788, 0.6237, 31133
1789, 0.6236, 31150
1790, 0.6237, 31167
1791, 0.624, 31184
1792, 0.6236, 31201
1793, 0.6238, 31218
1794, 0.6239, 31236
1795, 0.6235, 31253
1796, 0.6239, 31271
1797, 0.6234, 31288
1798, 0.6237, 31306
1799, 0.6237, 31323
1800, 0.6233, 31340
1801, 0.6236, 31358
1802, 0.6237, 31375
1803, 0.6236, 31392
1804, 0.6237, 31409
1805, 0.6239, 31427
1806, 0.6238, 31444
1807, 0.6236, 31462
1808, 0.6234, 31479
1809, 0.6237, 31496
1810, 0.6238, 31514
1811, 0.6237, 31531
1812, 0.6238, 31549
1813, 0.6236, 31566
1814, 0.6234, 31584
1815, 0.6236, 31601
1816, 0.6237, 31618
1817, 0.6235, 31636
1818, 0.6233, 31653
1819, 0.6232, 31670
1820, 0.623, 31688
1821, 0.6235, 31706
1822, 0.6233, 31723
1823, 0.6238, 31741
1824, 0.6237, 31759
1825, 0.6237, 31776
1826, 0.6237, 31793
1827, 0.6238, 31811
1828, 0.6239, 31828
1829, 0.6238, 31845
1830, 0.6235, 31862
1831, 0.6242, 31880
1832, 0.6239, 31897
1833, 0.6243, 31915
1834, 0.624, 31932
1835, 0.6242, 31950
1836, 0.6244, 31967
1837, 0.6246, 31984
1838, 0.6248, 32001
1839, 0.6247, 32019
1840, 0.6246, 32036
1841, 0.6246, 32053
1842, 0.6245, 32071
1843, 0.6246, 32088
1844, 0.6245, 32106
1845, 0.6244, 32124
1846, 0.6248, 32141
1847, 0.6245, 32158
1848, 0.6246, 32176
1849, 0.6249, 32194
1850, 0.6249, 32211
1851, 0.6246, 32228
1852, 0.6248, 32245
1853, 0.6244, 32263
1854, 0.625, 32280
1855, 0.625, 32298
1856, 0.625, 32316
1857, 0.6253, 32333
1858, 0.6252, 32350
1859, 0.6252, 32368
1860, 0.6255, 32385
1861, 0.6255, 32402
1862, 0.6254, 32419
1863, 0.6251, 32436
1864, 0.6257, 32454
1865, 0.6254, 32471
1866, 0.6257, 32489
1867, 0.6258, 32506
1868, 0.6259, 32524
1869, 0.6259, 32541
1870, 0.6262, 32558
1871, 0.6263, 32575
1872, 0.626, 32593
1873, 0.6262, 32611
1874, 0.6259, 32628
1875, 0.6264, 32645
1876, 0.6261, 32663
1877, 0.6263, 32680
1878, 0.6262, 32697
1879, 0.6265, 32715
1880, 0.6264, 32732
1881, 0.6269, 32750
1882, 0.6265, 32767
1883, 0.6267, 32785
1884, 0.6269, 32802
1885, 0.627, 32819
1886, 0.6268, 32837
1887, 0.6272, 32854
1888, 0.627, 32871
1889, 0.627, 32889
1890, 0.6272, 32907
1891, 0.6272, 32924
1892, 0.6271, 32941
1893, 0.6274, 32959
1894, 0.6274, 32976
1895, 0.6269, 32994
1896, 0.6275, 33012
1897, 0.6272, 33029
1898, 0.6276, 33046
1899, 0.6271, 33064
1900, 0.6273, 33082
1901, 0.6271, 33099
1902, 0.6274, 33116
1903, 0.6273, 33134
1904, 0.6273, 33151
1905, 0.6273, 33168
1906, 0.6275, 33186
1907, 0.6273, 33203
1908, 0.6272, 33220
1909, 0.6272, 33238
1910, 0.6275, 33255
1911, 0.6273, 33273
1912, 0.6275, 33290
1913, 0.6273, 33308
1914, 0.6272, 33325
1915, 0.6268, 33343
1916, 0.6271, 33360
1917, 0.6268, 33377
1918, 0.627, 33395
1919, 0.627, 33412
1920, 0.6268, 33429
1921, 0.6267, 33446
1922, 0.627, 33464
1923, 0.6269, 33482
1924, 0.6272, 33499
1925, 0.627, 33517
1926, 0.627, 33534
1927, 0.6272, 33551
1928, 0.6277, 33569
1929, 0.6276, 33586
1930, 0.6274, 33604
1931, 0.6275, 33621
1932, 0.6275, 33639
1933, 0.6275, 33656
1934, 0.6273, 33673
1935, 0.6274, 33690
1936, 0.6273, 33707
1937, 0.6273, 33725
1938, 0.6273, 33742
1939, 0.6273, 33759
1940, 0.6274, 33777
1941, 0.6274, 33794
1942, 0.6276, 33811
1943, 0.6276, 33829
1944, 0.6274, 33846
1945, 0.6275, 33864
1946, 0.6275, 33881
1947, 0.6275, 33899
1948, 0.6279, 33916
1949, 0.6278, 33933
1950, 0.628, 33950
1951, 0.6275, 33968
1952, 0.6277, 33985
1953, 0.6277, 34003
1954, 0.6275, 34020
1955, 0.6276, 34038
1956, 0.6276, 34055
1957, 0.6275, 34073
1958, 0.6274, 34090
1959, 0.6275, 34108
1960, 0.6272, 34126
1961, 0.6273, 34143
1962, 0.6273, 34160
1963, 0.6271, 34178
1964, 0.6272, 34195
1965, 0.6272, 34213
1966, 0.6274, 34230
1967, 0.6271, 34248
1968, 0.6274, 34265
1969, 0.6274, 34282
1970, 0.6274, 34300
1971, 0.6275, 34317
1972, 0.6272, 34335
1973, 0.6271, 34352
1974, 0.6274, 34369
1975, 0.6274, 34387
1976, 0.6276, 34405
1977, 0.6272, 34422
1978, 0.6273, 34440
1979, 0.6271, 34457
1980, 0.6273, 34475
1981, 0.6271, 34493
1982, 0.6274, 34510
1983, 0.6272, 34527
1984, 0.6272, 34544
1985, 0.6276, 34562
1986, 0.6276, 34579
1987, 0.6277, 34596
1988, 0.6275, 34613
1989, 0.6278, 34631
1990, 0.6275, 34649
1991, 0.6276, 34666
1992, 0.6276, 34683
1993, 0.6279, 34701
1994, 0.6279, 34718
1995, 0.6284, 34736
1996, 0.6281, 34753
1997, 0.628, 34770
1998, 0.6281, 34788
1999, 0.6284, 34805
2000, 0.6285, 34822
2001, 0.6288, 34840
2002, 0.6282, 34857
2003, 0.6283, 34874
2004, 0.6281, 34892
2005, 0.6282, 34909
2006, 0.6284, 34926
2007, 0.6284, 34943
2008, 0.6284, 34961
2009, 0.628, 34978
2010, 0.6281, 34996
2011, 0.6281, 35014
2012, 0.628, 35031
2013, 0.6284, 35048
2014, 0.6284, 35066
2015, 0.6286, 35084
2016, 0.6285, 35101
2017, 0.6286, 35118
2018, 0.6286, 35136
2019, 0.6284, 35153
2020, 0.6283, 35171
2021, 0.6287, 35189
2022, 0.6282, 35206
2023, 0.6284, 35223
2024, 0.628, 35241
2025, 0.6283, 35258
2026, 0.628, 35275
2027, 0.6274, 35293
2028, 0.6277, 35310
2029, 0.6277, 35328
2030, 0.6278, 35345
2031, 0.628, 35363
2032, 0.6282, 35380
2033, 0.6279, 35397
2034, 0.6279, 35415
2035, 0.6282, 35432
2036, 0.6275, 35450
2037, 0.6278, 35467
2038, 0.628, 35484
2039, 0.6276, 35502
2040, 0.6278, 35520
2041, 0.6279, 35538
2042, 0.628, 35555
2043, 0.6281, 35572
2044, 0.6282, 35590
2045, 0.6281, 35607
2046, 0.6277, 35624
2047, 0.6282, 35642
2048, 0.628, 35659
2049, 0.628, 35676
2050, 0.6277, 35694
2051, 0.6281, 35711
2052, 0.6278, 35729
2053, 0.6278, 35746
2054, 0.6275, 35763
2055, 0.6274, 35781
2056, 0.6274, 35798
2057, 0.6272, 35816
2058, 0.6271, 35833
2059, 0.6264, 35850
2060, 0.6267, 35868
2061, 0.6267, 35885
2062, 0.6261, 35903
2063, 0.626, 35920
2064, 0.6268, 35938
2065, 0.6264, 35955
2066, 0.6262, 35973
2067, 0.6265, 35990
2068, 0.6262, 36008
2069, 0.6262, 36025
2070, 0.6264, 36043
2071, 0.6261, 36060
2072, 0.6261, 36077
2073, 0.626, 36095
2074, 0.626, 36112
2075, 0.6259, 36129
2076, 0.6261, 36147
2077, 0.6261, 36164
2078, 0.6262, 36182
2079, 0.6261, 36199
2080, 0.626, 36216
2081, 0.6261, 36233
2082, 0.6256, 36251
2083, 0.6258, 36268
2084, 0.6258, 36286
2085, 0.6258, 36303
2086, 0.6255, 36321
2087, 0.6259, 36338
2088, 0.6257, 36355
2089, 0.626, 36373
2090, 0.6258, 36391
2091, 0.6263, 36407
2092, 0.6258, 36425
2093, 0.6261, 36442
2094, 0.6258, 36460
2095, 0.6258, 36477
2096, 0.6256, 36494
2097, 0.6257, 36512
2098, 0.6253, 36529
2099, 0.6254, 36546
2100, 0.6257, 36564
2101, 0.6255, 36581
2102, 0.6254, 36598
2103, 0.6256, 36616
2104, 0.6257, 36633
2105, 0.6258, 36650
2106, 0.6253, 36668
2107, 0.6253, 36685
2108, 0.6253, 36703
2109, 0.6255, 36720
2110, 0.6252, 36738
2111, 0.6255, 36755
2112, 0.6255, 36772
2113, 0.6256, 36789
2114, 0.6256, 36807
2115, 0.6257, 36825
2116, 0.6257, 36842
2117, 0.626, 36859
2118, 0.6256, 36877
2119, 0.6256, 36894
2120, 0.6259, 36911
2121, 0.626, 36929
2122, 0.6253, 36947
2123, 0.6259, 36965
2124, 0.6258, 36983
2125, 0.6256, 37000
2126, 0.6259, 37017
2127, 0.6255, 37035
2128, 0.6257, 37052
2129, 0.6255, 37069
2130, 0.6253, 37087
2131, 0.6255, 37105
2132, 0.6253, 37123
2133, 0.6253, 37140
2134, 0.625, 37157
2135, 0.6251, 37174
2136, 0.625, 37192
2137, 0.6248, 37209
2138, 0.6247, 37226
2139, 0.6248, 37243
2140, 0.6246, 37260
2141, 0.6247, 37278
2142, 0.6248, 37295
2143, 0.625, 37312
2144, 0.625, 37329
2145, 0.6249, 37347
2146, 0.625, 37364
2147, 0.625, 37381
2148, 0.6247, 37398
2149, 0.6251, 37416
2150, 0.6249, 37433
2151, 0.625, 37451
2152, 0.6247, 37468
2153, 0.6247, 37486
2154, 0.6244, 37503
2155, 0.6244, 37520
2156, 0.6247, 37537
2157, 0.6245, 37555
2158, 0.6245, 37572
2159, 0.6245, 37589
2160, 0.6247, 37607
2161, 0.6245, 37624
2162, 0.6246, 37642
2163, 0.6244, 37659
2164, 0.6246, 37677
2165, 0.6241, 37695
2166, 0.6243, 37712
2167, 0.6242, 37729
2168, 0.624, 37747
2169, 0.624, 37764
2170, 0.6239, 37781
2171, 0.6241, 37799
2172, 0.6239, 37816
2173, 0.6237, 37834
2174, 0.6237, 37851
2175, 0.6235, 37869
2176, 0.6236, 37886
2177, 0.6237, 37904
2178, 0.6236, 37921
2179, 0.6237, 37939
2180, 0.6236, 37956
2181, 0.6238, 37974
2182, 0.6236, 37991
2183, 0.6236, 38009
2184, 0.6237, 38026
2185, 0.6239, 38044
2186, 0.6238, 38061
2187, 0.6238, 38079
2188, 0.6236, 38096
2189, 0.6242, 38114
2190, 0.6239, 38131
2191, 0.6237, 38148
2192, 0.6238, 38166
2193, 0.6238, 38183
2194, 0.6237, 38200
2195, 0.6237, 38218
2196, 0.624, 38235
2197, 0.6239, 38252
2198, 0.6239, 38269
2199, 0.624, 38287
2200, 0.6238, 38304
2201, 0.6239, 38321
2202, 0.6241, 38339
2203, 0.6239, 38356
2204, 0.6241, 38373
2205, 0.6238, 38391
2206, 0.6241, 38408
2207, 0.6239, 38426
2208, 0.6239, 38443
2209, 0.6238, 38461
2210, 0.6237, 38478
2211, 0.6237, 38496
2212, 0.6239, 38513
2213, 0.6238, 38530
2214, 0.6238, 38548
2215, 0.6241, 38565
2216, 0.6242, 38582
2217, 0.6246, 38599
2218, 0.6242, 38617
2219, 0.6243, 38634
2220, 0.6243, 38651
2221, 0.6244, 38669
2222, 0.6242, 38686
2223, 0.6247, 38703
2224, 0.6243, 38721
2225, 0.6245, 38738
2226, 0.6242, 38756
2227, 0.6246, 38773
2228, 0.6244, 38791
2229, 0.6245, 38808
2230, 0.6246, 38825
2231, 0.6243, 38843
2232, 0.6245, 38861
2233, 0.6248, 38878
2234, 0.6248, 38896
2235, 0.6246, 38913
2236, 0.6247, 38930
2237, 0.6248, 38947
2238, 0.6246, 38965
2239, 0.6245, 38982
2240, 0.6245, 38999
2241, 0.6246, 39017
2242, 0.6244, 39035
2243, 0.6244, 39052
2244, 0.6243, 39070
2245, 0.6244, 39088
2246, 0.6244, 39105
2247, 0.6243, 39123
2248, 0.6245, 39140
2249, 0.6244, 39157
2250, 0.6241, 39174
2251, 0.624, 39192
2252, 0.6248, 39209
2253, 0.6244, 39226
2254, 0.6247, 39243
2255, 0.6245, 39261
2256, 0.6251, 39279
2257, 0.6245, 39296
2258, 0.625, 39313
2259, 0.625, 39331
2260, 0.625, 39348
2261, 0.625, 39366
2262, 0.6253, 39383
2263, 0.6249, 39401
2264, 0.6253, 39418
2265, 0.6248, 39436
2266, 0.6249, 39453
2267, 0.6248, 39471
2268, 0.625, 39488
2269, 0.6246, 39505
2270, 0.625, 39523
2271, 0.6245, 39540
2272, 0.6248, 39558
2273, 0.625, 39575
2274, 0.6251, 39593
2275, 0.6246, 39610
2276, 0.625, 39627
2277, 0.6249, 39645
2278, 0.6248, 39663
2279, 0.6248, 39680
2280, 0.6245, 39698
2281, 0.6248, 39715
2282, 0.6246, 39732
2283, 0.6249, 39750
2284, 0.6243, 39767
2285, 0.6246, 39785
2286, 0.6246, 39803
2287, 0.6245, 39820
2288, 0.6242, 39838
2289, 0.6243, 39855
2290, 0.6242, 39872
2291, 0.6243, 39890
2292, 0.6246, 39907
2293, 0.6244, 39924
2294, 0.6245, 39942
2295, 0.6239, 39959
2296, 0.624, 39977
2297, 0.6242, 39994
2298, 0.6239, 40011
2299, 0.6238, 40029
2300, 0.6239, 40046
2301, 0.6242, 40064
2302, 0.6238, 40081
2303, 0.6242, 40098
2304, 0.6244, 40115
2305, 0.6239, 40133
2306, 0.6247, 40150
2307, 0.6249, 40167
2308, 0.6246, 40185
2309, 0.6247, 40203
2310, 0.6247, 40221
2311, 0.6251, 40238
2312, 0.6248, 40255
2313, 0.6249, 40273
2314, 0.625, 40291
2315, 0.625, 40309
2316, 0.6247, 40326
2317, 0.6249, 40343
2318, 0.6247, 40361
2319, 0.6247, 40379
2320, 0.6244, 40396
2321, 0.6248, 40413
2322, 0.6244, 40431
2323, 0.6245, 40448
2324, 0.6248, 40466
2325, 0.6244, 40484
2326, 0.6246, 40501
2327, 0.6247, 40518
2328, 0.6248, 40536
2329, 0.6245, 40553
2330, 0.6247, 40571
2331, 0.625, 40588
2332, 0.625, 40606
2333, 0.6251, 40623
2334, 0.6243, 40640
2335, 0.6246, 40658
2336, 0.6244, 40676
2337, 0.625, 40694
2338, 0.6245, 40711
2339, 0.6249, 40729
2340, 0.6247, 40746
2341, 0.6246, 40764
2342, 0.6243, 40781
2343, 0.6245, 40798
2344, 0.6244, 40815
2345, 0.6247, 40833
2346, 0.6249, 40850
2347, 0.6247, 40867
2348, 0.6243, 40885
2349, 0.6246, 40902
2350, 0.6246, 40920
2351, 0.6249, 40937
2352, 0.6248, 40954
2353, 0.6247, 40972
2354, 0.6247, 40989
2355, 0.6245, 41006
2356, 0.6246, 41023
2357, 0.6246, 41041
2358, 0.6243, 41058
2359, 0.6247, 41075
2360, 0.6246, 41092
2361, 0.6243, 41109
2362, 0.6242, 41127
2363, 0.6242, 41144
2364, 0.6243, 41162
2365, 0.6244, 41180
2366, 0.6247, 41197
2367, 0.6246, 41214
2368, 0.6247, 41232
2369, 0.6244, 41248
2370, 0.6245, 41266
2371, 0.6244, 41284
2372, 0.6243, 41301
2373, 0.6242, 41318
2374, 0.6246, 41336
2375, 0.6244, 41353
2376, 0.6246, 41370
2377, 0.6245, 41388
2378, 0.6245, 41405
2379, 0.6244, 41422
2380, 0.6242, 41440
2381, 0.6249, 41457
2382, 0.6245, 41475
2383, 0.6247, 41493
2384, 0.6249, 41510
2385, 0.6246, 41528
2386, 0.6247, 41545
2387, 0.6248, 41562
2388, 0.6246, 41580
2389, 0.6246, 41597
2390, 0.6249, 41614
2391, 0.6246, 41632
2392, 0.6247, 41649
2393, 0.6245, 41667
2394, 0.6245, 41684
2395, 0.624, 41701
2396, 0.6244, 41718
2397, 0.6247, 41736
2398, 0.6243, 41753
2399, 0.6245, 41770
2400, 0.6245, 41788
2401, 0.6244, 41806
2402, 0.6242, 41823
2403, 0.6245, 41841
2404, 0.6242, 41858
2405, 0.6242, 41876
2406, 0.6243, 41893
2407, 0.6247, 41910
2408, 0.6245, 41927
2409, 0.6246, 41944
2410, 0.6246, 41961
2411, 0.6246, 41978
2412, 0.6246, 41996
2413, 0.6245, 42013
2414, 0.6247, 42030
2415, 0.6241, 42047
2416, 0.6245, 42064
2417, 0.6242, 42082
2418, 0.6246, 42099
2419, 0.6244, 42117
2420, 0.6243, 42134
2421, 0.6241, 42151
2422, 0.6245, 42168
2423, 0.6243, 42185
2424, 0.6246, 42203
2425, 0.6242, 42220
2426, 0.6244, 42237
2427, 0.6241, 42254
2428, 0.6241, 42271
2429, 0.6242, 42289
2430, 0.6241, 42306
2431, 0.6242, 42324
2432, 0.6241, 42341
2433, 0.6241, 42358
2434, 0.6247, 42375
2435, 0.624, 42392
2436, 0.6239, 42410
2437, 0.6239, 42428
2438, 0.624, 42445
2439, 0.6238, 42462
2440, 0.624, 42479
2441, 0.6241, 42497
2442, 0.6235, 42514
2443, 0.6235, 42531
2444, 0.6239, 42548
2445, 0.6238, 42566
2446, 0.6237, 42583
2447, 0.6239, 42601
2448, 0.6237, 42618
2449, 0.6236, 42635
2450, 0.6235, 42652
2451, 0.6232, 42669
2452, 0.6235, 42687
2453, 0.6236, 42705
2454, 0.6233, 42722
2455, 0.6234, 42739
2456, 0.6232, 42757
2457, 0.6237, 42774
2458, 0.623, 42791
2459, 0.623, 42808
2460, 0.6229, 42826
2461, 0.6229, 42843
2462, 0.6232, 42860
2463, 0.623, 42877
2464, 0.6229, 42895
2465, 0.623, 42912
2466, 0.6231, 42929
2467, 0.6227, 42947
2468, 0.6228, 42965
2469, 0.6228, 42982
2470, 0.6231, 42999
2471, 0.6233, 43017
2472, 0.6228, 43033
2473, 0.6231, 43051
2474, 0.6229, 43068
2475, 0.6232, 43086
2476, 0.6228, 43103
2477, 0.6226, 43120
2478, 0.6228, 43137
2479, 0.6226, 43155
2480, 0.6227, 43172
2481, 0.6224, 43189
2482, 0.6224, 43206
2483, 0.6225, 43224
2484, 0.6224, 43241
2485, 0.6223, 43258
2486, 0.6223, 43276
2487, 0.6225, 43293
2488, 0.6223, 43310
2489, 0.6224, 43327
2490, 0.6225, 43344
2491, 0.6219, 43362
2492, 0.6227, 43380
2493, 0.6228, 43397
2494, 0.6225, 43414
2495, 0.622, 43431
2496, 0.6219, 43449
2497, 0.6218, 43466
2498, 0.6219, 43483
2499, 0.6219, 43501
2500, 0.6225, 43518
2501, 0.6217, 43535
2502, 0.622, 43553
2503, 0.622, 43570
2504, 0.6222, 43587
2505, 0.6219, 43605
2506, 0.6223, 43622
2507, 0.6226, 43639
2508, 0.6224, 43657
2509, 0.6224, 43674
2510, 0.6226, 43691
2511, 0.622, 43709
2512, 0.6223, 43727
2513, 0.6222, 43744
2514, 0.6223, 43761
2515, 0.6224, 43779
2516, 0.6221, 43796
2517, 0.6223, 43813
2518, 0.6221, 43830
2519, 0.6221, 43848
2520, 0.6222, 43866
2521, 0.6223, 43883
2522, 0.6224, 43900
2523, 0.6222, 43918
2524, 0.6223, 43935
2525, 0.622, 43953
2526, 0.6221, 43970
2527, 0.6221, 43988
2528, 0.6218, 44005
2529, 0.6217, 44022
2530, 0.6221, 44040
2531, 0.622, 44058
2532, 0.6224, 44075
2533, 0.6219, 44092
2534, 0.622, 44109
2535, 0.6221, 44127
2536, 0.622, 44144
2537, 0.622, 44162
2538, 0.6216, 44179
2539, 0.6219, 44196
2540, 0.6215, 44213
2541, 0.6218, 44231
2542, 0.6217, 44248
2543, 0.6218, 44265
2544, 0.6215, 44283
2545, 0.6222, 44300
2546, 0.6214, 44318
2547, 0.6219, 44335
2548, 0.6214, 44352
2549, 0.6215, 44369
2550, 0.6211, 44386
2551, 0.6212, 44404
2552, 0.6211, 44421
2553, 0.6214, 44438
2554, 0.6213, 44455
2555, 0.6216, 44473
2556, 0.6211, 44490
2557, 0.6214, 44508
2558, 0.6214, 44525
2559, 0.6214, 44543
2560, 0.621, 44560
2561, 0.6213, 44578
2562, 0.6214, 44595
2563, 0.6214, 44612
2564, 0.6214, 44629
2565, 0.6218, 44646
2566, 0.6214, 44664
2567, 0.6211, 44681
2568, 0.6212, 44698
2569, 0.6213, 44716
2570, 0.6213, 44733
2571, 0.621, 44750
2572, 0.6215, 44768
2573, 0.6214, 44785
2574, 0.6215, 44803
2575, 0.6218, 44820
2576, 0.6217, 44837
2577, 0.6219, 44854
2578, 0.6222, 44872
2579, 0.6222, 44889
2580, 0.6219, 44906
2581, 0.6221, 44924
2582, 0.6219, 44941
2583, 0.6221, 44959
2584, 0.6219, 44976
2585, 0.6222, 44993
2586, 0.6222, 45010
2587, 0.6224, 45028
2588, 0.6221, 45045
2589, 0.6225, 45062
2590, 0.6221, 45080
2591, 0.6223, 45097
2592, 0.6222, 45114
2593, 0.6222, 45131
2594, 0.6221, 45149
2595, 0.6227, 45166
2596, 0.6228, 45183
2597, 0.6223, 45200
2598, 0.6227, 45217
2599, 0.6228, 45235
2600, 0.6228, 45252
2601, 0.6225, 45269
2602, 0.6222, 45286
2603, 0.6227, 45303
2604, 0.6226, 45321
2605, 0.622, 45338
2606, 0.6231, 45355
2607, 0.6228, 45373
2608, 0.623, 45391
2609, 0.6224, 45408
2610, 0.6228, 45425
2611, 0.6227, 45443
2612, 0.6228, 45460
2613, 0.6232, 45478
2614, 0.623, 45495
2615, 0.623, 45512
2616, 0.6234, 45530
2617, 0.6231, 45548
2618, 0.6232, 45565
2619, 0.6231, 45582
2620, 0.623, 45600
2621, 0.6236, 45617
2622, 0.6232, 45634
2623, 0.6232, 45651
2624, 0.6235, 45669
2625, 0.6233, 45686
2626, 0.6235, 45703
2627, 0.6232, 45720
2628, 0.6237, 45738
2629, 0.6236, 45755
2630, 0.6235, 45773
2631, 0.6234, 45790
2632, 0.6233, 45807
2633, 0.6233, 45825
2634, 0.6233, 45842
2635, 0.6232, 45859
2636, 0.6231, 45877
2637, 0.6232, 45894
2638, 0.623, 45911
2639, 0.6233, 45928
2640, 0.6233, 45945
2641, 0.6232, 45962
2642, 0.6233, 45980
2643, 0.623, 45997
2644, 0.6232, 46014
2645, 0.623, 46032
2646, 0.6232, 46049
2647, 0.6231, 46066
2648, 0.6228, 46083
2649, 0.6229, 46101
2650, 0.6225, 46118
2651, 0.6231, 46136
2652, 0.6234, 46153
2653, 0.6228, 46170
2654, 0.6225, 46187
2655, 0.623, 46204
2656, 0.6228, 46222
2657, 0.6228, 46239
2658, 0.6228, 46256
2659, 0.6225, 46274
2660, 0.6228, 46291
2661, 0.6226, 46308
2662, 0.6232, 46325
2663, 0.6233, 46342
2664, 0.6233, 46359
2665, 0.6231, 46377
2666, 0.6236, 46394
2667, 0.6229, 46412
2668, 0.6239, 46429
2669, 0.6232, 46446
2670, 0.6234, 46464
2671, 0.6234, 46481
2672, 0.6235, 46498
2673, 0.6234, 46515
2674, 0.6231, 46533
2675, 0.6232, 46550
2676, 0.6234, 46568
2677, 0.6235, 46585
2678, 0.6235, 46602
2679, 0.6234, 46619
2680, 0.6233, 46637
2681, 0.6233, 46654
2682, 0.6234, 46671
2683, 0.6234, 46689
2684, 0.6238, 46706
2685, 0.6234, 46723
2686, 0.6238, 46741
2687, 0.6237, 46758
2688, 0.6239, 46775
2689, 0.6238, 46792
2690, 0.6244, 46810
2691, 0.6236, 46828
2692, 0.624, 46847
2693, 0.6242, 46864
2694, 0.6238, 46881
2695, 0.6237, 46898
2696, 0.6239, 46916
2697, 0.6238, 46933
2698, 0.6241, 46950
2699, 0.6239, 46967
2700, 0.6237, 46985
2701, 0.6238, 47002
2702, 0.6232, 47019
2703, 0.6237, 47037
2704, 0.6236, 47054
2705, 0.6232, 47071
2706, 0.6234, 47089
2707, 0.6235, 47106
2708, 0.6233, 47123
2709, 0.6233, 47141
2710, 0.6232, 47158
2711, 0.623, 47176
2712, 0.623, 47193
2713, 0.6231, 47210
2714, 0.623, 47227
2715, 0.623, 47245
2716, 0.6225, 47263
2717, 0.623, 47280
2718, 0.6231, 47297
2719, 0.6228, 47314
2720, 0.6231, 47332
2721, 0.6228, 47350
2722, 0.6233, 47367
2723, 0.6229, 47384
2724, 0.623, 47401
2725, 0.6234, 47419
2726, 0.6234, 47437
2727, 0.6232, 47454
2728, 0.6232, 47471
2729, 0.6235, 47489
2730, 0.6232, 47506
2731, 0.6232, 47523
2732, 0.6234, 47540
2733, 0.6233, 47558
2734, 0.6233, 47575
2735, 0.6237, 47592
2736, 0.6238, 47609
2737, 0.6238, 47627
2738, 0.6238, 47644
2739, 0.624, 47661
2740, 0.6239, 47679
2741, 0.6237, 47696
2742, 0.6237, 47713
2743, 0.6238, 47731
2744, 0.6237, 47748
2745, 0.6238, 47765
2746, 0.6235, 47783
2747, 0.6238, 47800
2748, 0.6234, 47817
2749, 0.6238, 47835
2750, 0.6234, 47852
2751, 0.6232, 47869
2752, 0.623, 47887
2753, 0.623, 47904
2754, 0.6229, 47922
2755, 0.623, 47939
2756, 0.6228, 47956
2757, 0.6229, 47973
2758, 0.6224, 47991
2759, 0.6222, 48008
2760, 0.6224, 48025
2761, 0.6225, 48043
2762, 0.6221, 48060
2763, 0.6224, 48077
2764, 0.6222, 48095
2765, 0.6223, 48112
2766, 0.6225, 48129
2767, 0.6221, 48146
2768, 0.6219, 48164
2769, 0.6222, 48181
2770, 0.6219, 48198
2771, 0.6219, 48216
2772, 0.6218, 48233
2773, 0.6217, 48250
2774, 0.6217, 48267
2775, 0.6216, 48285
2776, 0.6212, 48302
2777, 0.6215, 48319
2778, 0.6212, 48337
2779, 0.621, 48354
2780, 0.621, 48371
2781, 0.6211, 48389
2782, 0.6211, 48406
2783, 0.6215, 48424
2784, 0.6212, 48441
2785, 0.621, 48458
2786, 0.6209, 48476
2787, 0.6207, 48493
2788, 0.6211, 48511
2789, 0.6209, 48528
2790, 0.6207, 48545
2791, 0.6206, 48563
2792, 0.6209, 48581
2793, 0.6207, 48599
2794, 0.6207, 48616
2795, 0.6207, 48634
2796, 0.6208, 48651
2797, 0.6206, 48668
2798, 0.6202, 48685
2799, 0.62, 48703
2800, 0.6203, 48720
2801, 0.6202, 48737
2802, 0.6206, 48754
2803, 0.62, 48772
2804, 0.6202, 48789
2805, 0.6202, 48806
2806, 0.6203, 48824
2807, 0.6203, 48841
2808, 0.62, 48858
2809, 0.6205, 48875
2810, 0.6199, 48892
2811, 0.6202, 48909
2812, 0.6202, 48926
2813, 0.62, 48943
2814, 0.6204, 48961
2815, 0.6204, 48978
2816, 0.6203, 48996
2817, 0.6201, 49013
2818, 0.62, 49031
2819, 0.62, 49048
2820, 0.6201, 49066
2821, 0.6199, 49083
2822, 0.6198, 49100
2823, 0.62, 49118
2824, 0.6195, 49135
2825, 0.6196, 49152
2826, 0.6196, 49170
2827, 0.6196, 49187
2828, 0.6198, 49204
2829, 0.6199, 49221
2830, 0.6199, 49239
2831, 0.6196, 49256
2832, 0.6198, 49273
2833, 0.6202, 49291
2834, 0.62, 49308
2835, 0.6202, 49325
2836, 0.6199, 49343
2837, 0.6202, 49360
2838, 0.6197, 49378
2839, 0.6196, 49395
2840, 0.6197, 49412
2841, 0.6196, 49430
2842, 0.6196, 49447
2843, 0.6195, 49464
2844, 0.6195, 49481
2845, 0.6198, 49499
2846, 0.6194, 49516
2847, 0.6193, 49534
2848, 0.6192, 49551
2849, 0.6192, 49568
2850, 0.6191, 49585
2851, 0.6191, 49603
2852, 0.6186, 49620
2853, 0.6192, 49637
2854, 0.6192, 49654
2855, 0.619, 49672
2856, 0.619, 49689
2857, 0.619, 49706
2858, 0.6185, 49723
2859, 0.6188, 49740
2860, 0.6187, 49757
2861, 0.6191, 49775
2862, 0.6186, 49792
2863, 0.6189, 49809
2864, 0.6183, 49826
2865, 0.6188, 49844
2866, 0.6185, 49861
2867, 0.6188, 49878
2868, 0.6191, 49895
2869, 0.6192, 49913
2870, 0.6187, 49930
2871, 0.6186, 49948
2872, 0.6187, 49965
2873, 0.6187, 49982
2874, 0.6188, 50000
2875, 0.6186, 50017
2876, 0.6187, 50034
2877, 0.6187, 50051
2878, 0.6185, 50068
2879, 0.6184, 50086
2880, 0.6185, 50104
2881, 0.6187, 50121
2882, 0.6191, 50138
2883, 0.6183, 50156
2884, 0.6185, 50173
2885, 0.6184, 50191
2886, 0.6185, 50208
2887, 0.6183, 50225
2888, 0.6188, 50243
2889, 0.6183, 50260
2890, 0.6187, 50277
2891, 0.618, 50294
2892, 0.6182, 50311
2893, 0.6186, 50329
2894, 0.6179, 50346
2895, 0.6182, 50364
2896, 0.6183, 50381
2897, 0.6185, 50398
2898, 0.6185, 50416
2899, 0.6188, 50433
2900, 0.6183, 50450
2901, 0.6177, 50467
2902, 0.6182, 50484
2903, 0.6187, 50502
2904, 0.6186, 50519
2905, 0.6183, 50536
2906, 0.6179, 50554
2907, 0.6179, 50571
2908, 0.6177, 50589
2909, 0.6184, 50606
2910, 0.6182, 50623
2911, 0.6183, 50641
2912, 0.618, 50658
2913, 0.618, 50675
2914, 0.6179, 50692
2915, 0.6183, 50710
2916, 0.6183, 50727
2917, 0.6181, 50744
2918, 0.6178, 50761
2919, 0.6179, 50778
2920, 0.6178, 50796
2921, 0.6179, 50813
2922, 0.6176, 50830
2923, 0.6178, 50847
2924, 0.6174, 50864
2925, 0.6175, 50881
2926, 0.6177, 50899
2927, 0.6184, 50916
2928, 0.618, 50933
2929, 0.6178, 50950
2930, 0.6175, 50968
2931, 0.618, 50985
2932, 0.6179, 51003
2933, 0.6175, 51020
2934, 0.6175, 51037
2935, 0.6176, 51054
2936, 0.6179, 51072
2937, 0.618, 51089
2938, 0.6173, 51106
2939, 0.6177, 51124
2940, 0.6174, 51141
2941, 0.6179, 51158
2942, 0.6174, 51175
2943, 0.6172, 51192
2944, 0.617, 51209
2945, 0.6172, 51226
2946, 0.6177, 51243
2947, 0.6172, 51261
2948, 0.617, 51278
2949, 0.6176, 51295
2950, 0.6175, 51312
2951, 0.6174, 51330
2952, 0.6172, 51347
2953, 0.617, 51364
2954, 0.6171, 51382
2955, 0.6172, 51400
2956, 0.6173, 51417
2957, 0.6172, 51434
2958, 0.6171, 51452
2959, 0.6176, 51469
2960, 0.6172, 51486
2961, 0.6173, 51504
2962, 0.6172, 51521
2963, 0.6171, 51538
2964, 0.6165, 51555
2965, 0.6169, 51573
2966, 0.6166, 51590
2967, 0.6167, 51607
2968, 0.6161, 51625
2969, 0.6161, 51642
2970, 0.6166, 51659
2971, 0.6165, 51677
2972, 0.6164, 51694
2973, 0.6163, 51711
2974, 0.6166, 51728
2975, 0.6157, 51746
2976, 0.6164, 51764
2977, 0.6157, 51781
2978, 0.6162, 51798
2979, 0.6154, 51816
2980, 0.6157, 51833
2981, 0.6154, 51850
2982, 0.6157, 51868
2983, 0.6161, 51885
2984, 0.6161, 51902
2985, 0.6156, 51920
2986, 0.6155, 51937
2987, 0.6154, 51954
2988, 0.6159, 51971
2989, 0.6158, 51989
2990, 0.6159, 52006
2991, 0.6158, 52023
2992, 0.6158, 52041
2993, 0.6159, 52058
2994, 0.616, 52075
2995, 0.616, 52093
2996, 0.6157, 52110
2997, 0.6157, 52127
2998, 0.6159, 52144
2999, 0.6161, 52162
3000, 0.6162, 52178
3001, 0.6162, 52195
3002, 0.616, 52213
3003, 0.6158, 52230
3004, 0.6165, 52247
3005, 0.6158, 52265
3006, 0.6156, 52282
3007, 0.6162, 52300
3008, 0.6162, 52317
3009, 0.6161, 52334
3010, 0.6157, 52351
3011, 0.616, 52369
3012, 0.6162, 52386
3013, 0.6162, 52403
3014, 0.6157, 52421
3015, 0.6161, 52438
3016, 0.6158, 52455
3017, 0.6165, 52473
3018, 0.6158, 52490
3019, 0.6164, 52507
3020, 0.6158, 52525
3021, 0.6162, 52542
3022, 0.6164, 52559
3023, 0.6161, 52576
3024, 0.616, 52594
3025, 0.6161, 52611
3026, 0.6163, 52628
3027, 0.6162, 52645
3028, 0.6161, 52663
3029, 0.6161, 52680
3030, 0.6162, 52697
3031, 0.6156, 52714
3032, 0.6161, 52732
3033, 0.616, 52749
3034, 0.6155, 52767
3035, 0.6156, 52784
3036, 0.6158, 52801
3037, 0.6157, 52819
3038, 0.6161, 52836
3039, 0.6158, 52853
3040, 0.6155, 52871
3041, 0.6149, 52888
3042, 0.6159, 52906
3043, 0.6153, 52923
3044, 0.6155, 52940
3045, 0.6154, 52957
3046, 0.6156, 52975
3047, 0.6152, 52992
3048, 0.6154, 53009
3049, 0.6149, 53026
3050, 0.6152, 53044
3051, 0.6147, 53062
3052, 0.615, 53079
3053, 0.6146, 53096
3054, 0.6149, 53114
3055, 0.6149, 53131
3056, 0.6147, 53148
3057, 0.6147, 53166
3058, 0.6146, 53183
3059, 0.6152, 53200
3060, 0.6144, 53218
3061, 0.6148, 53235
3062, 0.6149, 53252
3063, 0.6146, 53270
3064, 0.6146, 53287
3065, 0.6143, 53305
3066, 0.6144, 53322
3067, 0.6143, 53339
3068, 0.6144, 53356
3069, 0.6145, 53373
3070, 0.6144, 53391
3071, 0.6141, 53408
3072, 0.6139, 53425
3073, 0.6139, 53442
3074, 0.614, 53460
3075, 0.614, 53477
3076, 0.6143, 53495
3077, 0.6139, 53512
3078, 0.6136, 53529
3079, 0.6139, 53547
3080, 0.6137, 53564
3081, 0.6142, 53581
3082, 0.6136, 53598
3083, 0.6135, 53616
3084, 0.6134, 53633
3085, 0.6136, 53650
3086, 0.6132, 53668
3087, 0.6136, 53685
3088, 0.6133, 53702
3089, 0.6135, 53720
3090, 0.6137, 53737
3091, 0.6136, 53754
3092, 0.6137, 53772
3093, 0.6133, 53789
3094, 0.6137, 53806
3095, 0.6136, 53824
3096, 0.6134, 53841
3097, 0.6139, 53859
3098, 0.6136, 53876
3099, 0.6135, 53893
3100, 0.6137, 53910
3101, 0.6141, 53928
3102, 0.6137, 53945
3103, 0.6139, 53962
3104, 0.6137, 53980
3105, 0.6135, 53997
3106, 0.614, 54015
3107, 0.6137, 54032
3108, 0.6133, 54049
3109, 0.6138, 54066
3110, 0.6134, 54084
3111, 0.6137, 54101
3112, 0.6134, 54118
3113, 0.6143, 54135
3114, 0.6134, 54153
3115, 0.6136, 54170
3116, 0.6137, 54187
3117, 0.6138, 54204
3118, 0.6136, 54221
3119, 0.6134, 54238
3120, 0.6136, 54256
3121, 0.6132, 54273
3122, 0.6135, 54291
3123, 0.6136, 54308
3124, 0.6132, 54325
3125, 0.6138, 54343
3126, 0.6136, 54360
3127, 0.6132, 54377
3128, 0.6129, 54394
3129, 0.6139, 54412
3130, 0.6136, 54429
3131, 0.6131, 54447
3132, 0.6132, 54464
3133, 0.6134, 54481
3134, 0.6136, 54499
3135, 0.6132, 54516
3136, 0.6134, 54534
3137, 0.6128, 54551
3138, 0.6133, 54569
3139, 0.613, 54586
3140, 0.6129, 54604
3141, 0.6131, 54621
3142, 0.6128, 54638
3143, 0.6128, 54655
3144, 0.6126, 54673
3145, 0.6124, 54690
3146, 0.6129, 54707
3147, 0.6122, 54725
3148, 0.6125, 54742
3149, 0.6123, 54760
3150, 0.6125, 54777
3151, 0.6123, 54794
3152, 0.6122, 54812
3153, 0.6124, 54829
3154, 0.6124, 54846
3155, 0.6122, 54864
3156, 0.6123, 54881
3157, 0.6122, 54898
3158, 0.612, 54916
3159, 0.6125, 54933
3160, 0.6123, 54951
3161, 0.6127, 54968
3162, 0.6125, 54985
3163, 0.6121, 55002
3164, 0.6127, 55020
3165, 0.6127, 55037
3166, 0.6129, 55055
3167, 0.6131, 55072
3168, 0.6121, 55090
3169, 0.613, 55108
3170, 0.6126, 55125
3171, 0.6127, 55143
3172, 0.6128, 55160
3173, 0.613, 55177
3174, 0.6126, 55194
3175, 0.6129, 55212
3176, 0.6127, 55229
3177, 0.6131, 55246
3178, 0.6125, 55264
3179, 0.6125, 55281
3180, 0.6127, 55299
3181, 0.6129, 55316
3182, 0.6131, 55333
3183, 0.6127, 55350
3184, 0.6128, 55368
3185, 0.6127, 55385
3186, 0.6127, 55402
3187, 0.6127, 55419
3188, 0.613, 55437
3189, 0.6127, 55454
3190, 0.6123, 55472
3191, 0.6124, 55489
3192, 0.6123, 55507
3193, 0.6127, 55524
3194, 0.6124, 55541
3195, 0.6124, 55559
3196, 0.6128, 55576
3197, 0.6125, 55593
3198, 0.6126, 55611
3199, 0.6126, 55628
3200, 0.6121, 55646
3201, 0.6122, 55663
3202, 0.6122, 55680
3203, 0.6122, 55697
3204, 0.6126, 55715
3205, 0.6125, 55732
3206, 0.6124, 55749
3207, 0.6121, 55766
3208, 0.6123, 55783
3209, 0.6113, 55801
3210, 0.6118, 55818
3211, 0.6117, 55835
3212, 0.6128, 55852
3213, 0.6125, 55870
3214, 0.6118, 55887
3215, 0.6119, 55904
3216, 0.6119, 55921
3217, 0.6114, 55939
3218, 0.6119, 55956
3219, 0.6117, 55974
3220, 0.6119, 55991
3221, 0.6118, 56008
3222, 0.612, 56025
3223, 0.6117, 56042
3224, 0.6113, 56060
3225, 0.6114, 56077
3226, 0.6113, 56094
3227, 0.6119, 56112
3228, 0.6113, 56129
3229, 0.6116, 56146
3230, 0.6115, 56163
3231, 0.6116, 56180
3232, 0.6114, 56198
3233, 0.6117, 56215
3234, 0.612, 56232
3235, 0.6117, 56249
3236, 0.6118, 56267
3237, 0.6117, 56284
3238, 0.6118, 56301
3239, 0.6117, 56318
3240, 0.6117, 56335
3241, 0.6119, 56353
3242, 0.612, 56370
3243, 0.612, 56387
3244, 0.6118, 56404
3245, 0.611, 56421
3246, 0.6114, 56439
3247, 0.6118, 56456
3248, 0.6115, 56474
3249, 0.612, 56491
3250, 0.6113, 56509
3251, 0.6113, 56526
3252, 0.6117, 56543
3253, 0.6109, 56560
3254, 0.6113, 56578
3255, 0.6106, 56594
3256, 0.6106, 56612
3257, 0.611, 56630
3258, 0.6107, 56647
3259, 0.6106, 56664
3260, 0.6112, 56681
3261, 0.6102, 56699
3262, 0.6103, 56716
3263, 0.6109, 56734
3264, 0.6111, 56751
3265, 0.6109, 56768
3266, 0.6112, 56786
3267, 0.611, 56803
3268, 0.6114, 56820
3269, 0.6111, 56838
3270, 0.6114, 56855
3271, 0.6112, 56872
3272, 0.6115, 56890
3273, 0.6112, 56907
3274, 0.611, 56924
3275, 0.6109, 56942
3276, 0.6113, 56959
3277, 0.6115, 56976
3278, 0.6109, 56994
3279, 0.6108, 57011
3280, 0.6106, 57028
3281, 0.6107, 57046
3282, 0.6114, 57063
3283, 0.6107, 57080
3284, 0.6111, 57098
3285, 0.6114, 57115
3286, 0.6112, 57132
3287, 0.6111, 57149
3288, 0.6109, 57167
3289, 0.611, 57184
3290, 0.611, 57202
3291, 0.6113, 57219
3292, 0.6112, 57236
3293, 0.6109, 57253
3294, 0.611, 57270
3295, 0.6105, 57288
3296, 0.6109, 57305
3297, 0.6108, 57322
3298, 0.6108, 57340
3299, 0.6108, 57357
3300, 0.6104, 57373
3301, 0.6103, 57391
3302, 0.6107, 57408
3303, 0.6107, 57426
3304, 0.6105, 57443
3305, 0.6103, 57460
3306, 0.6105, 57478
3307, 0.6107, 57495
3308, 0.6105, 57512
3309, 0.6102, 57529
3310, 0.6102, 57546
3311, 0.6106, 57564
3312, 0.6108, 57581
3313, 0.6101, 57598
3314, 0.6106, 57615
3315, 0.6104, 57633
3316, 0.6103, 57651
3317, 0.6106, 57668
3318, 0.6105, 57686
3319, 0.6104, 57703
3320, 0.6103, 57720
3321, 0.6103, 57737
3322, 0.6106, 57754
3323, 0.6105, 57771
3324, 0.6103, 57789
3325, 0.6104, 57806
3326, 0.6106, 57824
3327, 0.6107, 57841
3328, 0.6105, 57858
3329, 0.6104, 57875
3330, 0.6105, 57892
3331, 0.6102, 57910
3332, 0.6104, 57927
3333, 0.6105, 57944
3334, 0.6107, 57962
3335, 0.6105, 57980
3336, 0.6106, 57996
3337, 0.6105, 58013
3338, 0.6106, 58031
3339, 0.6107, 58048
3340, 0.6111, 58065
3341, 0.6106, 58083
3342, 0.6102, 58100
3343, 0.6104, 58118
3344, 0.611, 58135
3345, 0.6105, 58152
3346, 0.611, 58170
3347, 0.6107, 58187
3348, 0.6103, 58204
3349, 0.61, 58222
3350, 0.6105, 58239
3351, 0.6107, 58256
3352, 0.6102, 58273
3353, 0.6099, 58290
3354, 0.61, 58307
3355, 0.6099, 58325
3356, 0.6102, 58342
3357, 0.6105, 58360
3358, 0.6103, 58377
3359, 0.6104, 58394
3360, 0.6102, 58411
3361, 0.6098, 58428
3362, 0.6105, 58446
3363, 0.6105, 58463
3364, 0.6108, 58480
3365, 0.6101, 58498
3366, 0.6104, 58516
3367, 0.61, 58535
3368, 0.6103, 58553
3369, 0.6103, 58571
3370, 0.6103, 58588
3371, 0.6103, 58605
3372, 0.6101, 58623
3373, 0.6104, 58640
3374, 0.6102, 58658
3375, 0.6101, 58676
3376, 0.6098, 58694
3377, 0.6104, 58711
3378, 0.6101, 58729
3379, 0.6107, 58746
3380, 0.6099, 58764
3381, 0.6099, 58781
3382, 0.6099, 58798
3383, 0.6095, 58816
3384, 0.6099, 58833
3385, 0.6098, 58851
3386, 0.6094, 58869
3387, 0.6096, 58886
3388, 0.61, 58903
3389, 0.6097, 58921
3390, 0.6098, 58938
3391, 0.6094, 58956
3392, 0.6095, 58973
3393, 0.6094, 58990
3394, 0.6095, 59008
3395, 0.6095, 59025
3396, 0.6094, 59043
3397, 0.609, 59060
3398, 0.6094, 59078
3399, 0.6092, 59095
3400, 0.6092, 59112
3401, 0.6087, 59129
3402, 0.6091, 59147
3403, 0.6092, 59164
3404, 0.609, 59181
3405, 0.6093, 59199
3406, 0.6088, 59216
3407, 0.6089, 59234
3408, 0.6095, 59251
3409, 0.6098, 59268
3410, 0.6088, 59285
3411, 0.6093, 59303
3412, 0.6095, 59320
3413, 0.6092, 59338
3414, 0.6096, 59356
3415, 0.6096, 59373
3416, 0.6091, 59391
3417, 0.6087, 59408
3418, 0.6091, 59425
3419, 0.6088, 59443
3420, 0.6089, 59461
3421, 0.6088, 59478
3422, 0.6091, 59496
3423, 0.6089, 59513
3424, 0.6089, 59530
3425, 0.6085, 59547
3426, 0.6091, 59565
3427, 0.6091, 59582
3428, 0.6093, 59600
3429, 0.609, 59617
3430, 0.6092, 59634
3431, 0.609, 59652
3432, 0.6085, 59669
3433, 0.6095, 59686
3434, 0.609, 59704
3435, 0.6094, 59721
3436, 0.6076, 59739
3437, 0.6092, 59756
3438, 0.6078, 59774
3439, 0.6083, 59791
3440, 0.6082, 59809
3441, 0.6086, 59826
3442, 0.6081, 59844
3443, 0.6087, 59861
3444, 0.6086, 59879
3445, 0.6088, 59896
3446, 0.6083, 59914
3447, 0.6091, 59931
3448, 0.6085, 59948
3449, 0.6082, 59966
3450, 0.6087, 59983
3451, 0.6089, 60000
3452, 0.6084, 60017
3453, 0.6088, 60035
3454, 0.6085, 60052
3455, 0.6085, 60070
3456, 0.6084, 60087
3457, 0.6085, 60104
3458, 0.6078, 60122
3459, 0.6084, 60139
3460, 0.6084, 60156
3461, 0.6081, 60174
3462, 0.6081, 60191
3463, 0.6079, 60208
3464, 0.6081, 60226
3465, 0.6082, 60243
3466, 0.6076, 60260
3467, 0.6081, 60278
3468, 0.6082, 60295
3469, 0.6078, 60313
3470, 0.6076, 60330
3471, 0.6081, 60347
3472, 0.6075, 60365
3473, 0.6081, 60382
3474, 0.6077, 60399
3475, 0.6078, 60416
3476, 0.6076, 60434
3477, 0.6078, 60451
3478, 0.6074, 60468
3479, 0.6079, 60485
3480, 0.6073, 60502
3481, 0.6079, 60520
3482, 0.6079, 60537
3483, 0.6082, 60555
3484, 0.6074, 60573
3485, 0.6083, 60590
3486, 0.6081, 60607
3487, 0.608, 60625
3488, 0.6076, 60642
3489, 0.6081, 60659
3490, 0.6076, 60677
3491, 0.6085, 60694
3492, 0.6077, 60712
3493, 0.6085, 60730
3494, 0.6077, 60748
3495, 0.6081, 60768
3496, 0.6075, 60787
3497, 0.6081, 60804
3498, 0.6073, 60823
3499, 0.6075, 60840
3500, 0.6078, 60858
3501, 0.6078, 60876
3502, 0.6076, 60893
3503, 0.6074, 60910
3504, 0.6075, 60927
3505, 0.6074, 60945
3506, 0.6076, 60962
3507, 0.6069, 60979
3508, 0.6071, 60996
3509, 0.6074, 61014
3510, 0.6073, 61031
3511, 0.6071, 61049
3512, 0.6069, 61067
3513, 0.6067, 61084
3514, 0.6064, 61101
3515, 0.6063, 61119
3516, 0.6064, 61137
3517, 0.6065, 61154
3518, 0.6066, 61171
3519, 0.6058, 61189
3520, 0.6063, 61206
3521, 0.6061, 61223
3522, 0.6059, 61241
3523, 0.6063, 61258
3524, 0.6063, 61276
3525, 0.6058, 61293
3526, 0.606, 61311
3527, 0.6057, 61328
3528, 0.6059, 61345
3529, 0.6054, 61363
3530, 0.6057, 61381
3531, 0.6058, 61398
3532, 0.6057, 61415
3533, 0.605, 61432
3534, 0.6049, 61450
3535, 0.6054, 61467
3536, 0.6054, 61484
3537, 0.6056, 61502
3538, 0.6058, 61519
3539, 0.6048, 61536
3540, 0.605, 61554
3541, 0.6052, 61571
3542, 0.6055, 61588
3543, 0.6056, 61606
3544, 0.6048, 61623
3545, 0.6045, 61640
3546, 0.605, 61657
3547, 0.6049, 61675
3548, 0.6057, 61692
3549, 0.605, 61709
3550, 0.6057, 61727
3551, 0.605, 61743
3552, 0.6051, 61761
3553, 0.6051, 61778
3554, 0.6054, 61796
3555, 0.6048, 61813
3556, 0.6053, 61830
3557, 0.6048, 61847
3558, 0.6048, 61865
3559, 0.6046, 61882
3560, 0.6046, 61899
3561, 0.6049, 61916
3562, 0.6044, 61933
3563, 0.6045, 61951
3564, 0.6048, 61968
3565, 0.6045, 61985
3566, 0.6045, 62003
3567, 0.604, 62020
3568, 0.6044, 62038
3569, 0.6043, 62055
3570, 0.6046, 62072
3571, 0.6041, 62090
3572, 0.6043, 62107
3573, 0.604, 62124
3574, 0.6036, 62142
3575, 0.6041, 62159
3576, 0.6038, 62176
3577, 0.6038, 62194
3578, 0.6038, 62211
3579, 0.6039, 62229
3580, 0.6038, 62246
3581, 0.6042, 62264
3582, 0.604, 62282
3583, 0.6039, 62299
3584, 0.6039, 62316
3585, 0.6036, 62333
3586, 0.6036, 62351
3587, 0.604, 62368
3588, 0.6037, 62385
3589, 0.6038, 62402
3590, 0.6036, 62419
3591, 0.6042, 62437
3592, 0.6034, 62454
3593, 0.6035, 62472
3594, 0.6036, 62489
3595, 0.604, 62507
3596, 0.6031, 62524
3597, 0.6029, 62541
3598, 0.6022, 62558
3599, 0.6032, 62575
3600, 0.6027, 62593
3601, 0.6034, 62610
3602, 0.603, 62628
3603, 0.6033, 62645
3604, 0.6023, 62662
3605, 0.603, 62679
3606, 0.6024, 62697
3607, 0.6028, 62714
3608, 0.6023, 62731
3609, 0.6029, 62749
3610, 0.6025, 62766
3611, 0.6027, 62783
3612, 0.6023, 62800
3613, 0.6024, 62818
3614, 0.6026, 62835
3615, 0.602, 62852
3616, 0.6021, 62870
3617, 0.6024, 62887
3618, 0.6027, 62905
3619, 0.6028, 62922
3620, 0.6021, 62940
3621, 0.6024, 62957
3622, 0.6022, 62974
3623, 0.6025, 62992
3624, 0.6024, 63009
3625, 0.6025, 63026
3626, 0.6019, 63044
3627, 0.6027, 63061
3628, 0.6022, 63079
3629, 0.6025, 63096
3630, 0.6023, 63113
3631, 0.6027, 63131
3632, 0.6025, 63148
3633, 0.6022, 63165
3634, 0.6021, 63182
3635, 0.6022, 63200
3636, 0.6023, 63217
3637, 0.602, 63234
3638, 0.6021, 63251
3639, 0.6017, 63269
3640, 0.602, 63286
3641, 0.6017, 63303
3642, 0.6016, 63320
3643, 0.6019, 63338
3644, 0.602, 63355
3645, 0.6018, 63372
3646, 0.6015, 63390
3647, 0.6014, 63406
3648, 0.602, 63423
3649, 0.6023, 63441
3650, 0.6015, 63458
3651, 0.6019, 63476
3652, 0.6012, 63493
3653, 0.6013, 63511
3654, 0.6016, 63528
3655, 0.6015, 63545
3656, 0.6016, 63563
3657, 0.6014, 63580
3658, 0.6017, 63597
3659, 0.6018, 63615
3660, 0.6013, 63632
3661, 0.6018, 63649
3662, 0.6015, 63667
3663, 0.6012, 63684
3664, 0.6009, 63702
3665, 0.6016, 63719
3666, 0.602, 63736
3667, 0.6016, 63753
3668, 0.6015, 63771
3669, 0.6016, 63788
3670, 0.6019, 63806
3671, 0.6011, 63823
3672, 0.6014, 63840
3673, 0.6013, 63857
3674, 0.6018, 63875
3675, 0.6012, 63892
3676, 0.601, 63910
3677, 0.6012, 63927
3678, 0.6015, 63944
3679, 0.6016, 63961
3680, 0.6016, 63979
3681, 0.6019, 63997
3682, 0.6018, 64014
3683, 0.6016, 64031
3684, 0.6014, 64049
3685, 0.6016, 64066
3686, 0.6017, 64084
3687, 0.6019, 64101
3688, 0.6015, 64118
3689, 0.6018, 64135
3690, 0.6016, 64152
3691, 0.6018, 64170
3692, 0.6013, 64187
3693, 0.6022, 64205
3694, 0.6018, 64222
3695, 0.602, 64240
3696, 0.6017, 64257
3697, 0.602, 64275
3698, 0.6012, 64292
3699, 0.6022, 64309
3700, 0.6018, 64327
3701, 0.6019, 64344
3702, 0.6016, 64362
3703, 0.6023, 64379
3704, 0.6018, 64396
3705, 0.6017, 64413
3706, 0.6023, 64431
3707, 0.6023, 64448
3708, 0.6016, 64465
3709, 0.6023, 64482
3710, 0.6016, 64499
3711, 0.602, 64517
3712, 0.6014, 64534
3713, 0.6019, 64552
3714, 0.6021, 64569
3715, 0.6014, 64587
3716, 0.6015, 64604
3717, 0.6014, 64621
3718, 0.6013, 64639
3719, 0.6018, 64656
3720, 0.6015, 64674
3721, 0.6017, 64691
3722, 0.6009, 64708
3723, 0.6019, 64726
3724, 0.6014, 64743
3725, 0.6021, 64760
3726, 0.6011, 64778
3727, 0.6018, 64795
3728, 0.6014, 64813
3729, 0.6021, 64830
3730, 0.6015, 64847
3731, 0.6012, 64865
3732, 0.6018, 64882
3733, 0.6018, 64899
3734, 0.6018, 64917
3735, 0.6013, 64934
3736, 0.6018, 64951
3737, 0.6012, 64968
3738, 0.602, 64985
3739, 0.6015, 65003
3740, 0.601, 65020
3741, 0.6017, 65037
3742, 0.6021, 65054
3743, 0.602, 65072
3744, 0.6011, 65089
3745, 0.6018, 65107
3746, 0.6011, 65124
3747, 0.6015, 65142
3748, 0.6014, 65159
3749, 0.6016, 65177
3750, 0.6013, 65194
3751, 0.6014, 65211
3752, 0.6012, 65229
3753, 0.6019, 65246
3754, 0.6011, 65264
3755, 0.6013, 65281
3756, 0.6008, 65299
3757, 0.6016, 65316
3758, 0.601, 65333
3759, 0.6013, 65351
3760, 0.6003, 65368
3761, 0.6013, 65385
3762, 0.6003, 65402
3763, 0.6014, 65420
3764, 0.6008, 65437
3765, 0.601, 65454
3766, 0.6002, 65472
3767, 0.6015, 65489
3768, 0.6011, 65507
3769, 0.6006, 65524
3770, 0.6012, 65541
3771, 0.6008, 65558
3772, 0.6009, 65576
3773, 0.6007, 65593
3774, 0.6006, 65611
3775, 0.6005, 65628
3776, 0.6008, 65645
3777, 0.6007, 65662
3778, 0.6001, 65679
3779, 0.5997, 65697
3780, 0.6004, 65715
3781, 0.6, 65732
3782, 0.6008, 65750
3783, 0.6006, 65767
3784, 0.6006, 65785
3785, 0.6001, 65802
3786, 0.5997, 65819
3787, 0.5998, 65837
3788, 0.5998, 65854
3789, 0.6001, 65871
3790, 0.5992, 65889
3791, 0.5998, 65906
3792, 0.5998, 65924
3793, 0.5995, 65941
3794, 0.5991, 65958
3795, 0.5997, 65975
3796, 0.5996, 65993
3797, 0.5994, 66010
3798, 0.5994, 66027
3799, 0.6002, 66044
3800, 0.5997, 66061
3801, 0.5997, 66079
3802, 0.5996, 66096
3803, 0.5996, 66113
3804, 0.6001, 66130
3805, 0.5998, 66148
3806, 0.5999, 66165
3807, 0.5993, 66183
3808, 0.5993, 66200
3809, 0.5991, 66217
3810, 0.5994, 66235
3811, 0.5987, 66252
3812, 0.5991, 66269
3813, 0.5983, 66287
3814, 0.599, 66304
3815, 0.5985, 66322
3816, 0.5992, 66339
3817, 0.5987, 66357
3818, 0.5988, 66374
3819, 0.5986, 66391
3820, 0.5988, 66408
3821, 0.5987, 66426
3822, 0.5981, 66443
3823, 0.5986, 66460
3824, 0.5989, 66477
3825, 0.599, 66494
3826, 0.5981, 66512
3827, 0.5992, 66529
3828, 0.5983, 66546
3829, 0.5988, 66563
3830, 0.599, 66581
3831, 0.5988, 66598
3832, 0.5991, 66615
3833, 0.5981, 66633
3834, 0.5983, 66650
3835, 0.598, 66668
3836, 0.5982, 66685
3837, 0.5978, 66703
3838, 0.5981, 66720
3839, 0.5983, 66738
3840, 0.5981, 66756
3841, 0.5982, 66773
3842, 0.5984, 66791
3843, 0.5987, 66808
3844, 0.5982, 66825
3845, 0.5989, 66843
3846, 0.5984, 66860
3847, 0.5987, 66877
3848, 0.5985, 66895
3849, 0.5978, 66912
3850, 0.5986, 66930
3851, 0.5983, 66948
3852, 0.598, 66965
3853, 0.5974, 66982
3854, 0.5978, 67000
3855, 0.5973, 67017
3856, 0.5984, 67035
3857, 0.5988, 67052
3858, 0.5976, 67069
3859, 0.5978, 67087
3860, 0.5984, 67104
3861, 0.5978, 67122
3862, 0.5981, 67139
3863, 0.5981, 67156
3864, 0.5985, 67173
3865, 0.5985, 67191
3866, 0.5986, 67208
3867, 0.5977, 67225
3868, 0.5985, 67242
3869, 0.5972, 67259
3870, 0.5982, 67277
3871, 0.598, 67294
3872, 0.5986, 67311
3873, 0.5981, 67329
3874, 0.5984, 67346
3875, 0.5987, 67363
3876, 0.5986, 67381
3877, 0.5984, 67398
3878, 0.5987, 67416
3879, 0.5985, 67433
3880, 0.5987, 67450
3881, 0.5977, 67468
3882, 0.5987, 67485
3883, 0.5983, 67502
3884, 0.5989, 67520
3885, 0.5984, 67537
3886, 0.5988, 67555
3887, 0.5983, 67572
3888, 0.5982, 67590
3889, 0.5984, 67607
3890, 0.5979, 67625
3891, 0.5982, 67642
3892, 0.5982, 67660
3893, 0.5984, 67678
3894, 0.5979, 67695
3895, 0.5981, 67712
3896, 0.5983, 67729
3897, 0.5987, 67747
3898, 0.5981, 67764
3899, 0.598, 67781
3900, 0.5975, 67799
3901, 0.598, 67817
3902, 0.5982, 67834
3903, 0.598, 67851
3904, 0.5983, 67869
3905, 0.5981, 67886
3906, 0.5984, 67904
3907, 0.5986, 67921
3908, 0.5983, 67938
3909, 0.5985, 67955
3910, 0.5981, 67973
3911, 0.5986, 67990
3912, 0.5987, 68007
3913, 0.5986, 68025
3914, 0.5985, 68042
3915, 0.5987, 68059
3916, 0.599, 68076
3917, 0.5982, 68094
3918, 0.5988, 68111
3919, 0.5991, 68128
3920, 0.598, 68146
3921, 0.5988, 68163
3922, 0.5984, 68181
3923, 0.5983, 68198
3924, 0.5979, 68215
3925, 0.5979, 68232
3926, 0.5979, 68249
3927, 0.5986, 68267
3928, 0.5984, 68284
3929, 0.5989, 68301
3930, 0.5984, 68319
3931, 0.5987, 68336
3932, 0.5985, 68353
3933, 0.599, 68371
3934, 0.5986, 68388
3935, 0.5991, 68405
3936, 0.598, 68423
3937, 0.5991, 68441
3938, 0.5986, 68458
3939, 0.5983, 68476
3940, 0.5985, 68493
3941, 0.599, 68510
3942, 0.5985, 68528
3943, 0.5985, 68545
3944, 0.5986, 68563
3945, 0.5987, 68580
3946, 0.599, 68597
3947, 0.5989, 68615
3948, 0.5989, 68632
3949, 0.5981, 68650
3950, 0.5988, 68667
3951, 0.598, 68685
3952, 0.5989, 68702
3953, 0.5979, 68720
3954, 0.5983, 68737
3955, 0.5968, 68755
3956, 0.5978, 68772
3957, 0.5972, 68789
3958, 0.5977, 68807
3959, 0.5967, 68824
3960, 0.5977, 68841
3961, 0.597, 68859
3962, 0.5977, 68876
3963, 0.5969, 68893
3964, 0.5975, 68910
3965, 0.5968, 68928
3966, 0.5978, 68945
3967, 0.5966, 68962
3968, 0.5975, 68980
3969, 0.5968, 68997
3970, 0.5978, 69015
3971, 0.5971, 69032
3972, 0.5976, 69050
3973, 0.5974, 69067
3974, 0.598, 69084
3975, 0.5969, 69101
3976, 0.5979, 69119
3977, 0.5971, 69136
3978, 0.5977, 69154
3979, 0.5971, 69171
3980, 0.5976, 69188
3981, 0.5972, 69205
3982, 0.597, 69223
3983, 0.5967, 69240
3984, 0.5978, 69257
3985, 0.5966, 69274
3986, 0.5974, 69291
3987, 0.5971, 69308
3988, 0.5969, 69326
3989, 0.5961, 69343
3990, 0.5958, 69361
3991, 0.5968, 69378
3992, 0.5956, 69396
3993, 0.5966, 69413
3994, 0.5957, 69431
3995, 0.5973, 69448
3996, 0.595, 69466
3997, 0.5962, 69483
3998, 0.5955, 69501
3999, 0.5963, 69518
4000, 0.5955, 69535
4001, 0.5947, 69553
4002, 0.595, 69570
4003, 0.5951, 69587
4004, 0.5949, 69604
4005, 0.5949, 69622
4006, 0.5946, 69639
4007, 0.5945, 69656
4008, 0.595, 69674
4009, 0.5946, 69692
4010, 0.5934, 69709
4011, 0.5946, 69726
4012, 0.5922, 69743
4013, 0.5931, 69761
4014, 0.5924, 69778
4015, 0.5922, 69795
4016, 0.5918, 69812
4017, 0.592, 69829
4018, 0.591, 69847
4019, 0.5917, 69864
4020, 0.5915, 69882
4021, 0.5916, 69899
4022, 0.5918, 69917
4023, 0.5921, 69934
4024, 0.5922, 69951
4025, 0.5923, 69969
4026, 0.5917, 69986
4027, 0.5925, 70004
4028, 0.5926, 70021
4029, 0.5931, 70039
4030, 0.5924, 70056
4031, 0.5924, 70073
4032, 0.5928, 70091
4033, 0.5929, 70108
4034, 0.5931, 70126
4035, 0.5927, 70143
4036, 0.5932, 70161
4037, 0.5921, 70178
4038, 0.5923, 70195
4039, 0.5913, 70212
4040, 0.5918, 70229
4041, 0.5914, 70246
4042, 0.5915, 70264
4043, 0.5909, 70281
4044, 0.5918, 70299
4045, 0.5906, 70316
4046, 0.5913, 70333
4047, 0.5904, 70350
4048, 0.5914, 70368
4049, 0.5913, 70385
4050, 0.5911, 70403
4051, 0.5915, 70420
4052, 0.5911, 70437
4053, 0.5915, 70455
4054, 0.5915, 70472
4055, 0.5919, 70489
4056, 0.5913, 70506
4057, 0.5925, 70523
4058, 0.592, 70541
4059, 0.5921, 70558
4060, 0.5917, 70575
4061, 0.5919, 70593
4062, 0.592, 70610
4063, 0.5919, 70628
4064, 0.5927, 70645
4065, 0.5921, 70663
4066, 0.592, 70680
4067, 0.5919, 70697
4068, 0.592, 70715
4069, 0.5918, 70732
4070, 0.592, 70749
4071, 0.5916, 70767
4072, 0.5918, 70784
4073, 0.5916, 70801
4074, 0.5917, 70818
4075, 0.592, 70836
4076, 0.5922, 70853
4077, 0.5914, 70870
4078, 0.5916, 70887
4079, 0.5911, 70904
4080, 0.5919, 70922
4081, 0.5912, 70939
4082, 0.5911, 70956
4083, 0.5915, 70974
4084, 0.5911, 70991
4085, 0.5916, 71009
4086, 0.5918, 71026
4087, 0.5913, 71044
4088, 0.5921, 71061
4089, 0.5915, 71078
4090, 0.592, 71095
4091, 0.5917, 71113
4092, 0.5919, 71130
4093, 0.592, 71147
4094, 0.5917, 71164
4095, 0.5913, 71182
4096, 0.5921, 71199
4097, 0.5912, 71217
4098, 0.5915, 71234
4099, 0.5918, 71251
4100, 0.592, 71269
4101, 0.5919, 71286
4102, 0.5922, 71304
4103, 0.5921, 71321
4104, 0.5923, 71338
4105, 0.5926, 71355
4106, 0.5923, 71372
4107, 0.5926, 71389
4108, 0.5924, 71407
4109, 0.5926, 71424
4110, 0.5933, 71442
4111, 0.5928, 71459
4112, 0.5928, 71476
4113, 0.5926, 71494
4114, 0.5925, 71511
4115, 0.5921, 71529
4116, 0.5926, 71545
4117, 0.5921, 71563
4118, 0.5923, 71580
4119, 0.5921, 71597
4120, 0.5925, 71615
4121, 0.5918, 71632
4122, 0.5924, 71649
4123, 0.5918, 71667
4124, 0.5925, 71684
4125, 0.5918, 71701
4126, 0.5917, 71719
4127, 0.5916, 71736
4128, 0.5917, 71753
4129, 0.5917, 71770
4130, 0.591, 71787
4131, 0.5919, 71804
4132, 0.5919, 71821
4133, 0.5915, 71839
4134, 0.592, 71856
4135, 0.5922, 71874
4136, 0.5922, 71891
4137, 0.5916, 71908
4138, 0.5921, 71925
4139, 0.5918, 71943
4140, 0.5923, 71960
4141, 0.5919, 71977
4142, 0.5927, 71995
4143, 0.592, 72012
4144, 0.5919, 72029
4145, 0.5919, 72046
4146, 0.592, 72064
4147, 0.5915, 72081
4148, 0.5915, 72099
4149, 0.5921, 72116
4150, 0.5919, 72133
4151, 0.5917, 72150
4152, 0.5914, 72167
4153, 0.5914, 72184
4154, 0.5916, 72202
4155, 0.5919, 72219
4156, 0.592, 72236
4157, 0.5914, 72254
4158, 0.5918, 72271
4159, 0.5917, 72288
4160, 0.5922, 72306
4161, 0.5913, 72323
4162, 0.5917, 72340
4163, 0.5914, 72357
4164, 0.5922, 72375
4165, 0.5921, 72392
4166, 0.592, 72410
4167, 0.5917, 72427
4168, 0.5922, 72444
4169, 0.5918, 72462
4170, 0.5918, 72479
4171, 0.5913, 72496
4172, 0.5916, 72514
4173, 0.5916, 72531
4174, 0.5915, 72548
4175, 0.5913, 72565
4176, 0.5913, 72582
4177, 0.5913, 72600
4178, 0.5914, 72617
4179, 0.5912, 72634
4180, 0.5911, 72652
4181, 0.5914, 72669
4182, 0.5915, 72686
4183, 0.5915, 72704
4184, 0.5916, 72721
4185, 0.5913, 72738
4186, 0.5915, 72755
4187, 0.5912, 72773
4188, 0.5916, 72790
4189, 0.5914, 72807
4190, 0.592, 72824
4191, 0.5916, 72842
4192, 0.5916, 72859
4193, 0.5914, 72876
4194, 0.5921, 72893
4195, 0.5916, 72911
4196, 0.5917, 72928
4197, 0.5916, 72945
4198, 0.5919, 72963
4199, 0.5914, 72980
4200, 0.5913, 72998
4201, 0.5915, 73015
4202, 0.5916, 73033
4203, 0.5919, 73050
4204, 0.5919, 73068
4205, 0.5915, 73086
4206, 0.5917, 73104
4207, 0.5919, 73121
4208, 0.5925, 73138
4209, 0.5916, 73156
4210, 0.5915, 73174
4211, 0.5918, 73191
4212, 0.592, 73208
4213, 0.5918, 73226
4214, 0.5924, 73243
4215, 0.5922, 73261
4216, 0.592, 73278
4217, 0.5917, 73295
4218, 0.5922, 73312
4219, 0.5914, 73330
4220, 0.592, 73347
4221, 0.5912, 73365
4222, 0.5921, 73382
4223, 0.5919, 73399
4224, 0.5921, 73416
4225, 0.5919, 73434
4226, 0.592, 73451
4227, 0.5914, 73468
4228, 0.5917, 73486
4229, 0.5914, 73503
4230, 0.5917, 73520
4231, 0.5918, 73537
4232, 0.5916, 73555
4233, 0.5914, 73573
4234, 0.5916, 73590
4235, 0.5912, 73607
4236, 0.5915, 73624
4237, 0.5907, 73641
4238, 0.591, 73659
4239, 0.591, 73676
4240, 0.5909, 73693
4241, 0.5904, 73710
4242, 0.5901, 73727
4243, 0.5907, 73745
4244, 0.5908, 73763
4245, 0.5907, 73780
4246, 0.5895, 73797
4247, 0.5906, 73814
4248, 0.5909, 73832
4249, 0.5904, 73849
4250, 0.5908, 73867
4251, 0.591, 73884
4252, 0.5904, 73901
4253, 0.5907, 73919
4254, 0.5903, 73937
4255, 0.5907, 73954
4256, 0.5907, 73972
4257, 0.5908, 73989
4258, 0.5904, 74006
4259, 0.5904, 74024
4260, 0.5909, 74041
4261, 0.5904, 74058
4262, 0.59, 74075
4263, 0.5902, 74092
4264, 0.5906, 74109
4265, 0.5901, 74127
4266, 0.5901, 74144
4267, 0.5904, 74161
4268, 0.5903, 74179
4269, 0.5898, 74196
4270, 0.5898, 74213
4271, 0.5897, 74231
4272, 0.5901, 74248
4273, 0.5896, 74265
4274, 0.5896, 74282
4275, 0.5891, 74299
4276, 0.5905, 74316
4277, 0.5889, 74334
4278, 0.5894, 74351
4279, 0.5887, 74368
4280, 0.589, 74386
4281, 0.5888, 74403
4282, 0.5894, 74420
4283, 0.5884, 74438
4284, 0.5895, 74455
4285, 0.5884, 74472
4286, 0.5893, 74490
4287, 0.589, 74508
4288, 0.5892, 74525
4289, 0.5886, 74543
4290, 0.5888, 74560
4291, 0.5884, 74577
4292, 0.5889, 74595
4293, 0.5889, 74612
4294, 0.5891, 74629
4295, 0.5891, 74647
4296, 0.5892, 74664
4297, 0.5886, 74681
4298, 0.5889, 74699
4299, 0.5889, 74716
4300, 0.5885, 74733
4301, 0.589, 74750
4302, 0.5886, 74768
4303, 0.5887, 74785
4304, 0.5885, 74802
4305, 0.589, 74819
4306, 0.5882, 74836
4307, 0.5889, 74854
4308, 0.5882, 74871
4309, 0.5883, 74888
4310, 0.5883, 74906
4311, 0.5887, 74923
4312, 0.5881, 74940
4313, 0.589, 74957
4314, 0.5886, 74974
4315, 0.5885, 74991
4316, 0.5883, 75009
4317, 0.5885, 75026
4318, 0.5889, 75043
4319, 0.5888, 75061
4320, 0.588, 75078
4321, 0.5883, 75096
4322, 0.5883, 75113
4323, 0.5879, 75131
4324, 0.5878, 75148
4325, 0.5874, 75165
4326, 0.588, 75183
4327, 0.5869, 75200
4328, 0.5875, 75217
4329, 0.5878, 75235
4330, 0.5871, 75252
4331, 0.588, 75269
4332, 0.5878, 75287
4333, 0.5879, 75304
4334, 0.5874, 75321
4335, 0.5875, 75339
4336, 0.5871, 75356
4337, 0.5887, 75373
4338, 0.5873, 75391
4339, 0.5878, 75408
4340, 0.5874, 75425
4341, 0.5883, 75443
4342, 0.5875, 75460
4343, 0.5885, 75478
4344, 0.5874, 75495
4345, 0.5888, 75513
4346, 0.5863, 75531
4347, 0.5883, 75548
4348, 0.587, 75565
4349, 0.5879, 75582
4350, 0.587, 75600
4351, 0.5878, 75617
4352, 0.5871, 75634
4353, 0.5884, 75652
4354, 0.5875, 75670
4355, 0.5881, 75687
4356, 0.5873, 75704
4357, 0.5878, 75722
4358, 0.5874, 75739
4359, 0.5871, 75756
4360, 0.5871, 75773
4361, 0.5874, 75791
4362, 0.5876, 75808
4363, 0.5877, 75825
4364, 0.5873, 75842
4365, 0.5871, 75860
4366, 0.5868, 75877
4367, 0.5874, 75894
4368, 0.5873, 75911
4369, 0.5875, 75929
4370, 0.5871, 75946
4371, 0.5877, 75963
4372, 0.587, 75981
4373, 0.588, 75998
4374, 0.5882, 76014
4375, 0.5879, 76032
4376, 0.5878, 76049
4377, 0.5881, 76066
4378, 0.5874, 76084
4379, 0.5879, 76101
4380, 0.5878, 76118
4381, 0.5879, 76135
4382, 0.5881, 76153
4383, 0.5882, 76170
4384, 0.5878, 76187
4385, 0.5882, 76205
4386, 0.5874, 76222
4387, 0.5889, 76240
4388, 0.5877, 76257
4389, 0.5882, 76274
4390, 0.5883, 76292
4391, 0.5877, 76310
4392, 0.5879, 76327
4393, 0.5875, 76344
4394, 0.5876, 76362
4395, 0.5881, 76379
4396, 0.5874, 76397
4397, 0.5891, 76414
4398, 0.588, 76432
4399, 0.5878, 76449
4400, 0.5885, 76467
4401, 0.588, 76484
4402, 0.5883, 76501
4403, 0.5876, 76519
4404, 0.589, 76536
4405, 0.5878, 76553
4406, 0.5883, 76571
4407, 0.5882, 76588
4408, 0.5887, 76605
4409, 0.5881, 76623
4410, 0.5881, 76640
4411, 0.5884, 76657
4412, 0.5883, 76674
4413, 0.5887, 76692
4414, 0.5884, 76710
4415, 0.5889, 76727
4416, 0.5884, 76744
4417, 0.5892, 76762
4418, 0.5884, 76779
4419, 0.589, 76796
4420, 0.589, 76813
4421, 0.5899, 76831
4422, 0.5897, 76848
4423, 0.5902, 76866
4424, 0.5894, 76883
4425, 0.5899, 76901
4426, 0.5895, 76918
4427, 0.5901, 76935
4428, 0.5896, 76953
4429, 0.5896, 76970
4430, 0.5896, 76988
4431, 0.5897, 77005
4432, 0.5895, 77022
4433, 0.5898, 77040
4434, 0.5901, 77057
4435, 0.5895, 77074
4436, 0.5899, 77092
4437, 0.589, 77109
4438, 0.5898, 77126
4439, 0.5894, 77143
4440, 0.5899, 77161
4441, 0.5895, 77178
4442, 0.5894, 77195
4443, 0.5892, 77213
4444, 0.5897, 77230
4445, 0.5899, 77247
4446, 0.5902, 77264
4447, 0.5894, 77282
4448, 0.5901, 77299
4449, 0.5893, 77316
4450, 0.5901, 77333
4451, 0.5898, 77351
4452, 0.5899, 77369
4453, 0.5895, 77386
4454, 0.5903, 77403
4455, 0.5893, 77420
4456, 0.5897, 77437
4457, 0.5893, 77455
4458, 0.5895, 77472
4459, 0.5899, 77490
4460, 0.589, 77507
4461, 0.5894, 77525
4462, 0.5893, 77542
4463, 0.5896, 77559
4464, 0.5895, 77576
4465, 0.5897, 77594
4466, 0.5896, 77611
4467, 0.5887, 77629
4468, 0.5898, 77645
4469, 0.5897, 77663
4470, 0.5895, 77680
4471, 0.589, 77698
4472, 0.589, 77714
4473, 0.5886, 77732
4474, 0.5889, 77749
4475, 0.5885, 77767
4476, 0.5893, 77784
4477, 0.5886, 77801
4478, 0.5894, 77819
4479, 0.5886, 77836
4480, 0.5891, 77853
4481, 0.5884, 77870
4482, 0.5895, 77888
4483, 0.5891, 77905
4484, 0.5896, 77923
4485, 0.5901, 77940
4486, 0.5894, 77957
4487, 0.5895, 77974
4488, 0.5894, 77992
4489, 0.5887, 78009
4490, 0.5895, 78026
4491, 0.5889, 78043
4492, 0.5895, 78061
4493, 0.5893, 78078
4494, 0.5885, 78095
4495, 0.5893, 78113
4496, 0.5895, 78130
4497, 0.5887, 78147
4498, 0.5905, 78164
4499, 0.589, 78181
4500, 0.5901, 78199
4501, 0.5892, 78216
4502, 0.5893, 78233
4503, 0.5893, 78251
4504, 0.5889, 78268
4505, 0.5899, 78285
4506, 0.589, 78303
4507, 0.5896, 78320
4508, 0.5883, 78337
4509, 0.5902, 78354
4510, 0.5889, 78372
4511, 0.5898, 78389
4512, 0.5898, 78406
4513, 0.5908, 78423
4514, 0.5893, 78441
4515, 0.5906, 78458
4516, 0.5894, 78475
4517, 0.5901, 78492
4518, 0.5899, 78509
4519, 0.5907, 78526
4520, 0.5902, 78544
4521, 0.5896, 78561
4522, 0.5897, 78578
4523, 0.5892, 78596
4524, 0.5895, 78613
4525, 0.5897, 78631
4526, 0.5897, 78648
4527, 0.5895, 78665
4528, 0.5891, 78683
4529, 0.5901, 78700
4530, 0.589, 78718
4531, 0.5894, 78735
4532, 0.5902, 78753
4533, 0.5901, 78770
4534, 0.5893, 78787
4535, 0.5896, 78804
4536, 0.5903, 78822
4537, 0.5908, 78839
4538, 0.59, 78857
4539, 0.5908, 78874
4540, 0.5917, 78891
4541, 0.5908, 78909
4542, 0.5915, 78926
4543, 0.5906, 78943
4544, 0.5903, 78961
4545, 0.591, 78978
4546, 0.5905, 78995
4547, 0.5908, 79013
4548, 0.5895, 79030
4549, 0.59, 79047
4550, 0.589, 79064
4551, 0.5898, 79081
4552, 0.5893, 79099
4553, 0.59, 79116
4554, 0.5893, 79134
4555, 0.5904, 79151
4556, 0.5891, 79168
4557, 0.5893, 79186
4558, 0.5891, 79203
4559, 0.5895, 79220
4560, 0.5893, 79237
4561, 0.589, 79254
4562, 0.5884, 79272
4563, 0.5891, 79289
4564, 0.5892, 79307
4565, 0.5895, 79324
4566, 0.5892, 79341
4567, 0.5891, 79358
4568, 0.5892, 79376
4569, 0.5894, 79393
4570, 0.5896, 79410
4571, 0.5888, 79428
4572, 0.5891, 79445
4573, 0.5891, 79462
4574, 0.5889, 79480
4575, 0.5888, 79497
4576, 0.5885, 79514
4577, 0.5892, 79531
4578, 0.5883, 79548
4579, 0.5889, 79565
4580, 0.5893, 79583
4581, 0.589, 79600
4582, 0.5893, 79618
4583, 0.589, 79635
4584, 0.5887, 79652
4585, 0.5896, 79669
4586, 0.5888, 79687
4587, 0.5896, 79704
4588, 0.5892, 79721
4589, 0.5891, 79738
4590, 0.5888, 79756
4591, 0.5882, 79773
4592, 0.589, 79790
4593, 0.5888, 79808
4594, 0.5895, 79825
4595, 0.5888, 79842
4596, 0.5897, 79860
4597, 0.5892, 79877
4598, 0.5891, 79894
4599, 0.5891, 79912
4600, 0.5893, 79929
4601, 0.589, 79946
4602, 0.5898, 79963
4603, 0.5888, 79981
4604, 0.5896, 79998
4605, 0.5887, 80015
4606, 0.5885, 80033
4607, 0.5886, 80050
4608, 0.5886, 80067
4609, 0.5896, 80084
4610, 0.5888, 80101
4611, 0.5891, 80118
4612, 0.5888, 80136
4613, 0.5893, 80153
4614, 0.5892, 80170
4615, 0.589, 80188
4616, 0.589, 80205
4617, 0.5897, 80222
4618, 0.5891, 80239
4619, 0.5889, 80257
4620, 0.5886, 80274
4621, 0.5903, 80292
4622, 0.5885, 80310
4623, 0.5899, 80327
4624, 0.5891, 80344
4625, 0.5895, 80361
4626, 0.5885, 80379
4627, 0.5895, 80396
4628, 0.5881, 80413
4629, 0.5891, 80431
4630, 0.5883, 80448
4631, 0.5889, 80466
4632, 0.5881, 80483
4633, 0.5887, 80501
4634, 0.5877, 80518
4635, 0.5892, 80535
4636, 0.588, 80553
4637, 0.5892, 80570
4638, 0.5881, 80587
4639, 0.5886, 80604
4640, 0.5881, 80621
4641, 0.5889, 80639
4642, 0.5877, 80656
4643, 0.5883, 80673
4644, 0.5878, 80691
4645, 0.5879, 80708
4646, 0.5877, 80725
4647, 0.5875, 80742
4648, 0.5876, 80760
4649, 0.5871, 80777
4650, 0.5882, 80794
4651, 0.5877, 80811
4652, 0.5883, 80829
4653, 0.5873, 80846
4654, 0.5869, 80863
4655, 0.5878, 80881
4656, 0.588, 80898
4657, 0.5875, 80915
4658, 0.5878, 80933
4659, 0.5879, 80950
4660, 0.5883, 80968
4661, 0.5873, 80985
4662, 0.5884, 81002
4663, 0.5879, 81020
4664, 0.5879, 81037
4665, 0.588, 81054
4666, 0.5877, 81072
4667, 0.5876, 81089
4668, 0.5875, 81106
4669, 0.5877, 81124
4670, 0.5874, 81141
4671, 0.5867, 81159
4672, 0.5876, 81177
4673, 0.5875, 81194
4674, 0.5874, 81211
4675, 0.5878, 81228
4676, 0.5884, 81246
4677, 0.5875, 81264
4678, 0.5878, 81281
4679, 0.5875, 81298
4680, 0.588, 81315
4681, 0.5869, 81333
4682, 0.5873, 81348
4683, 0.587, 81362
4684, 0.5867, 81376
4685, 0.5866, 81389
4686, 0.5873, 81403
4687, 0.5863, 81417
4688, 0.587, 81430
4689, 0.5866, 81445
4690, 0.5869, 81459
4691, 0.5863, 81473
4692, 0.587, 81487
4693, 0.5867, 81501
4694, 0.5864, 81515
4695, 0.5872, 81529
4696, 0.5864, 81542
4697, 0.5874, 81556
4698, 0.5865, 81569
4699, 0.5865, 81583
4700, 0.5865, 81596
4701, 0.5868, 81609
4702, 0.5865, 81623
4703, 0.5863, 81636
4704, 0.5866, 81649
4705, 0.5864, 81663
4706, 0.5858, 81677
4707, 0.5858, 81690
4708, 0.5861, 81704
4709, 0.5849, 81718
4710, 0.5861, 81732
4711, 0.585, 81746
4712, 0.5862, 81759
4713, 0.5851, 81773
4714, 0.5852, 81787
4715, 0.5847, 81800
4716, 0.5855, 81814
4717, 0.5849, 81828
4718, 0.5853, 81842
4719, 0.5847, 81856
4720, 0.5848, 81870
4721, 0.5844, 81883
4722, 0.5853, 81897
4723, 0.5841, 81910
4724, 0.5856, 81924
4725, 0.5844, 81937
4726, 0.5844, 81951
4727, 0.5843, 81964
4728, 0.5838, 81978
4729, 0.5841, 81991
4730, 0.5848, 82005
4731, 0.5839, 82018
4732, 0.5851, 82032
4733, 0.5837, 82045
4734, 0.584, 82059
4735, 0.5833, 82072
4736, 0.584, 82086
4737, 0.5837, 82100
4738, 0.5842, 82113
4739, 0.5842, 82127
4740, 0.5844, 82140
4741, 0.584, 82154
4742, 0.5842, 82167
4743, 0.5838, 82180
4744, 0.5842, 82194
4745, 0.584, 82208
4746, 0.5849, 82222
4747, 0.5838, 82236
4748, 0.5846, 82250
4749, 0.5839, 82263
4750, 0.5845, 82277
4751, 0.5838, 82290
4752, 0.5845, 82304
4753, 0.5834, 82318
4754, 0.5848, 82331
4755, 0.5833, 82345
4756, 0.5846, 82358
4757, 0.5832, 82372
4758, 0.5851, 82386
4759, 0.5839, 82399
4760, 0.5839, 82413
4761, 0.5833, 82426
4762, 0.5836, 82440
4763, 0.5842, 82454
4764, 0.5836, 82468
4765, 0.5836, 82482
4766, 0.584, 82496
4767, 0.5833, 82510
4768, 0.5853, 82524
4769, 0.584, 82537
4770, 0.5847, 82551
4771, 0.5841, 82565
4772, 0.5843, 82579
4773, 0.5842, 82593
4774, 0.5841, 82606
4775, 0.5845, 82620
4776, 0.5851, 82634
4777, 0.5848, 82648
4778, 0.5855, 82662
4779, 0.5849, 82676
4780, 0.5851, 82689
4781, 0.5848, 82703
4782, 0.5849, 82716
4783, 0.5846, 82730
4784, 0.5853, 82743
4785, 0.5839, 82757
4786, 0.585, 82770
4787, 0.5841, 82784
4788, 0.5848, 82798
4789, 0.5847, 82812
4790, 0.585, 82825
4791, 0.5842, 82839
4792, 0.5851, 82853
4793, 0.584, 82867
4794, 0.5853, 82881
4795, 0.584, 82894
4796, 0.5855, 82908
4797, 0.5842, 82922
4798, 0.5859, 82935
4799, 0.5842, 82949
4800, 0.5856, 82963
4801, 0.5853, 82976
4802, 0.5856, 82989
4803, 0.5843, 83003
4804, 0.5852, 83016
4805, 0.5848, 83029
4806, 0.5855, 83043
4807, 0.5854, 83056
4808, 0.5852, 83070
4809, 0.5849, 83084
4810, 0.5842, 83098
4811, 0.5858, 83111
4812, 0.5849, 83124
4813, 0.5856, 83138
4814, 0.5856, 83151
4815, 0.5858, 83165
4816, 0.5853, 83179
4817, 0.5863, 83192
4818, 0.5853, 83206
4819, 0.5856, 83220
4820, 0.5853, 83234
4821, 0.5862, 83248
4822, 0.5857, 83262
4823, 0.5867, 83276
4824, 0.5861, 83289
4825, 0.5861, 83302
4826, 0.5849, 83316
4827, 0.5857, 83330
4828, 0.5851, 83343
4829, 0.5852, 83357
4830, 0.5853, 83371
4831, 0.5852, 83386
4832, 0.5856, 83400
4833, 0.5847, 83414
4834, 0.5857, 83427
4835, 0.5846, 83441
4836, 0.5854, 83455
4837, 0.5842, 83469
4838, 0.5851, 83483
4839, 0.585, 83496
4840, 0.585, 83510
4841, 0.5857, 83523
4842, 0.586, 83536
4843, 0.5854, 83550
4844, 0.5856, 83564
4845, 0.5859, 83577
4846, 0.5846, 83591
4847, 0.5844, 83604
4848, 0.5857, 83618
4849, 0.5848, 83632
4850, 0.5855, 83645
4851, 0.5846, 83659
4852, 0.5857, 83672
4853, 0.5843, 83686
4854, 0.5861, 83699
4855, 0.584, 83712
4856, 0.5857, 83726
4857, 0.5835, 83740
4858, 0.5856, 83753
4859, 0.5832, 83767
4860, 0.5859, 83780
4861, 0.5831, 83794
4862, 0.5845, 83807
4863, 0.5837, 83821
4864, 0.5858, 83834
4865, 0.584, 83847
4866, 0.5848, 83861
4867, 0.5838, 83875
4868, 0.5866, 83889
4869, 0.5837, 83903
4870, 0.585, 83917
4871, 0.5824, 83931
4872, 0.5857, 83945
4873, 0.583, 83959
4874, 0.5853, 83973
4875, 0.5827, 83987
4876, 0.5851, 84001
4877, 0.5829, 84015
4878, 0.5852, 84028
4879, 0.5828, 84042
4880, 0.5853, 84056
4881, 0.5825, 84069
4882, 0.5837, 84083
4883, 0.5821, 84097
4884, 0.5832, 84111
4885, 0.5826, 84125
4886, 0.5833, 84138
4887, 0.5825, 84152
4888, 0.584, 84165
4889, 0.5828, 84179
4890, 0.5841, 84192
4891, 0.5827, 84206
4892, 0.5839, 84220
4893, 0.5824, 84233
4894, 0.5833, 84247
4895, 0.5821, 84261
4896, 0.5835, 84274
4897, 0.5828, 84288
4898, 0.5832, 84302
4899, 0.5823, 84315
4900, 0.5832, 84329
4901, 0.5824, 84342
4902, 0.5828, 84356
4903, 0.5823, 84371
4904, 0.5819, 84384
4905, 0.582, 84398
4906, 0.5822, 84412
4907, 0.5827, 84426
4908, 0.5817, 84439
4909, 0.5827, 84453
4910, 0.5822, 84466
4911, 0.5823, 84480
4912, 0.5819, 84493
4913, 0.5827, 84507
4914, 0.582, 84521
4915, 0.5823, 84534
4916, 0.5822, 84547
4917, 0.5822, 84561
4918, 0.5825, 84575
4919, 0.5819, 84589
4920, 0.5833, 84603
4921, 0.5817, 84616
4922, 0.5823, 84630
4923, 0.5814, 84644
4924, 0.5824, 84658
4925, 0.5815, 84671
4926, 0.5829, 84685
4927, 0.5816, 84699
4928, 0.5822, 84712
4929, 0.5812, 84726
4930, 0.5832, 84739
4931, 0.5816, 84753
4932, 0.5822, 84766
4933, 0.5811, 84780
4934, 0.582, 84794
4935, 0.5809, 84807
4936, 0.5821, 84822
4937, 0.5812, 84835
4938, 0.5823, 84849
4939, 0.5803, 84863
4940, 0.5824, 84876
4941, 0.5812, 84890
4942, 0.5825, 84904
4943, 0.5809, 84918
4944, 0.5815, 84932
4945, 0.5806, 84945
4946, 0.5809, 84959
4947, 0.5809, 84973
4948, 0.5816, 84986
4949, 0.5813, 85000
4950, 0.5812, 85013
4951, 0.5816, 85027
4952, 0.5813, 85041
4953, 0.5815, 85054
4954, 0.5809, 85068
4955, 0.5809, 85081
4956, 0.5811, 85096
4957, 0.5812, 85110
4958, 0.581, 85124
4959, 0.5801, 85138
4960, 0.581, 85152
4961, 0.5807, 85165
4962, 0.5816, 85179
4963, 0.5811, 85193
4964, 0.5814, 85207
4965, 0.5818, 85221
4966, 0.5812, 85234
4967, 0.581, 85249
4968, 0.5809, 85263
4969, 0.581, 85276
4970, 0.5813, 85290
4971, 0.5808, 85303
4972, 0.5809, 85317
4973, 0.5808, 85330
4974, 0.58, 85344
4975, 0.5812, 85357
4976, 0.58, 85371
4977, 0.5811, 85385
4978, 0.5806, 85399
4979, 0.5802, 85412
4980, 0.5804, 85426
4981, 0.58, 85439
4982, 0.5802, 85453
4983, 0.58, 85466
4984, 0.5796, 85479
4985, 0.5805, 85493
4986, 0.5798, 85506
4987, 0.5808, 85520
4988, 0.5796, 85533
4989, 0.581, 85547
4990, 0.5798, 85560
4991, 0.581, 85574
4992, 0.5805, 85588
4993, 0.58, 85602
4994, 0.5808, 85615
4995, 0.5804, 85629
4996, 0.5801, 85642
4997, 0.5802, 85656
4998, 0.5796, 85669
4999, 0.5805, 85683
5000, 0.5796, 85697
