1, 0.0999, 23
2, 0.1, 39
3, 0.0999, 53
4, 0.0999, 68
5, 0.0999, 83
6, 0.0999, 98
7, 0.0999, 113
8, 0.0999, 128
9, 0.0999, 142
10, 0.0998, 157
11, 0.0998, 171
12, 0.0998, 186
13, 0.0998, 201
14, 0.0998, 216
15, 0.0998, 229
16, 0.0998, 241
17, 0.0998, 254
18, 0.0998, 267
19, 0.0998, 279
20, 0.0998, 292
21, 0.0998, 304
22, 0.0998, 317
23, 0.0998, 329
24, 0.0997, 342
25, 0.0998, 355
26, 0.0999, 367
27, 0.1, 380
28, 0.1, 392
29, 0.1, 405
30, 0.1, 418
31, 0.1, 431
32, 0.1, 444
33, 0.1, 457
34, 0.1, 469
35, 0.0998, 482
36, 0.0999, 495
37, 0.0999, 507
38, 0.0998, 520
39, 0.0998, 533
40, 0.0998, 545
41, 0.0999, 558
42, 0.0998, 571
43, 0.0998, 583
44, 0.0997, 596
45, 0.0995, 608
46, 0.0996, 621
47, 0.0995, 634
48, 0.0995, 646
49, 0.0997, 659
50, 0.0997, 672
51, 0.0997, 684
52, 0.0997, 697
53, 0.0995, 710
54, 0.0995, 722
55, 0.0996, 735
56, 0.0995, 748
57, 0.0995, 761
58, 0.0995, 775
59, 0.0996, 790
60, 0.0996, 804
61, 0.0997, 820
62, 0.0997, 835
63, 0.1, 849
64, 0.1, 864
65, 0.1, 878
66, 0.1001, 894
67, 0.1001, 908
68, 0.1001, 923
69, 0.1, 937
70, 0.1001, 952
71, 0.1, 967
72, 0.1001, 981
73, 0.0999, 996
74, 0.1, 1011
75, 0.1001, 1026
76, 0.1001, 1042
77, 0.1, 1056
78, 0.1, 1071
79, 0.1001, 1086
80, 0.1, 1101
81, 0.1, 1116
82, 0.1, 1131
83, 0.1, 1146
84, 0.1003, 1161
85, 0.1006, 1176
86, 0.1006, 1191
87, 0.1006, 1206
88, 0.1006, 1222
89, 0.1004, 1236
90, 0.1003, 1251
91, 0.1004, 1266
92, 0.1004, 1281
93, 0.1006, 1296
94, 0.1007, 1311
95, 0.1007, 1326
96, 0.1004, 1341
97, 0.1003, 1356
98, 0.1004, 1372
99, 0.1004, 1387
100, 0.1002, 1402
101, 0.1001, 1417
102, 0.1, 1432
103, 0.1, 1447
104, 0.0998, 1462
105, 0.0996, 1476
106, 0.0996, 1491
107, 0.0996, 1506
108, 0.0995, 1521
109, 0.0996, 1537
110, 0.0994, 1551
111, 0.0993, 1566
112, 0.0991, 1580
113, 0.0992, 1595
114, 0.0991, 1611
115, 0.0991, 1627
116, 0.0991, 1645
117, 0.0991, 1664
118, 0.0993, 1683
119, 0.0994, 1702
120, 0.0994, 1721
121, 0.0993, 1741
122, 0.0993, 1760
123, 0.0992, 1778
124, 0.0992, 1797
125, 0.0992, 1816
126, 0.0997, 1835
127, 0.0997, 1854
128, 0.0997, 1873
129, 0.0999, 1892
130, 0.1003, 1911
131, 0.1006, 1929
132, 0.1006, 1949
133, 0.1008, 1968
134, 0.1009, 1987
135, 0.1011, 2006
136, 0.1014, 2024
137, 0.1016, 2043
138, 0.1021, 2062
139, 0.1024, 2082
140, 0.1031, 2101
141, 0.1037, 2119
142, 0.1038, 2138
143, 0.1039, 2157
144, 0.1045, 2176
145, 0.1047, 2196
146, 0.1052, 2215
147, 0.1056, 2234
148, 0.1058, 2253
149, 0.1063, 2273
150, 0.1068, 2292
151, 0.1072, 2311
152, 0.1078, 2330
153, 0.1084, 2349
154, 0.1089, 2368
155, 0.1094, 2387
156, 0.1105, 2406
157, 0.1111, 2425
158, 0.1121, 2444
159, 0.1125, 2463
160, 0.1139, 2481
161, 0.1145, 2500
162, 0.1152, 2520
163, 0.1159, 2538
164, 0.1166, 2557
165, 0.1174, 2576
166, 0.1183, 2595
167, 0.1186, 2615
168, 0.1193, 2634
169, 0.1202, 2652
170, 0.1205, 2671
171, 0.1206, 2690
172, 0.1209, 2709
173, 0.1218, 2728
174, 0.122, 2747
175, 0.1226, 2766
176, 0.124, 2785
177, 0.1241, 2804
178, 0.1248, 2822
179, 0.1254, 2841
180, 0.1257, 2860
181, 0.1266, 2879
182, 0.1272, 2898
183, 0.1273, 2917
184, 0.1278, 2936
185, 0.1278, 2954
186, 0.1282, 2973
187, 0.1289, 2992
188, 0.1295, 3012
189, 0.1299, 3030
190, 0.1302, 3049
191, 0.1307, 3068
192, 0.1309, 3087
193, 0.1313, 3106
194, 0.1321, 3125
195, 0.1326, 3143
196, 0.1334, 3163
197, 0.1333, 3182
198, 0.1333, 3201
199, 0.1335, 3220
200, 0.1333, 3239
201, 0.1336, 3258
202, 0.134, 3276
203, 0.1342, 3295
204, 0.1342, 3315
205, 0.1345, 3333
206, 0.1342, 3352
207, 0.1344, 3371
208, 0.1347, 3390
209, 0.1352, 3409
210, 0.135, 3428
211, 0.1352, 3446
212, 0.135, 3466
213, 0.1352, 3484
214, 0.1353, 3504
215, 0.1355, 3522
216, 0.1356, 3541
217, 0.1355, 3560
218, 0.1356, 3579
219, 0.1354, 3598
220, 0.1355, 3616
221, 0.1355, 3635
222, 0.1357, 3654
223, 0.1359, 3673
224, 0.136, 3692
225, 0.1363, 3711
226, 0.1365, 3730
227, 0.137, 3749
228, 0.1371, 3768
229, 0.1376, 3787
230, 0.1377, 3805
231, 0.1375, 3824
232, 0.1374, 3843
233, 0.1377, 3862
234, 0.1378, 3881
235, 0.1379, 3899
236, 0.1381, 3918
237, 0.1381, 3936
238, 0.1383, 3955
239, 0.1388, 3974
240, 0.1392, 3993
241, 0.1392, 4012
242, 0.1394, 4031
243, 0.1394, 4049
244, 0.1394, 4068
245, 0.1394, 4088
246, 0.1398, 4107
247, 0.1398, 4126
248, 0.1398, 4144
249, 0.1404, 4163
250, 0.1402, 4182
251, 0.1402, 4201
252, 0.1406, 4220
253, 0.1401, 4238
254, 0.1403, 4257
255, 0.141, 4276
256, 0.1411, 4295
257, 0.141, 4314
258, 0.1403, 4332
259, 0.1399, 4351
260, 0.1402, 4370
261, 0.1401, 4389
262, 0.1404, 4408
263, 0.1408, 4427
264, 0.1407, 4446
265, 0.141, 4464
266, 0.1418, 4483
267, 0.1418, 4502
268, 0.142, 4521
269, 0.1421, 4540
270, 0.1427, 4559
271, 0.1432, 4578
272, 0.1432, 4596
273, 0.1436, 4615
274, 0.1436, 4634
275, 0.144, 4653
276, 0.144, 4672
277, 0.144, 4691
278, 0.1444, 4710
279, 0.1449, 4728
280, 0.1456, 4747
281, 0.146, 4766
282, 0.1463, 4785
283, 0.1465, 4804
284, 0.1469, 4823
285, 0.1475, 4841
286, 0.1477, 4860
287, 0.1481, 4879
288, 0.1488, 4898
289, 0.1492, 4917
290, 0.15, 4936
291, 0.1508, 4955
292, 0.1514, 4974
293, 0.1522, 4993
294, 0.1528, 5012
295, 0.1544, 5031
296, 0.1552, 5050
297, 0.1562, 5068
298, 0.1575, 5087
299, 0.1585, 5106
300, 0.1596, 5125
301, 0.1603, 5144
302, 0.1617, 5163
303, 0.1627, 5181
304, 0.1643, 5200
305, 0.1652, 5219
306, 0.1659, 5238
307, 0.1667, 5257
308, 0.1676, 5276
309, 0.1698, 5295
310, 0.1714, 5314
311, 0.1741, 5333
312, 0.1762, 5351
313, 0.178, 5371
314, 0.1796, 5389
315, 0.181, 5408
316, 0.1825, 5427
317, 0.1837, 5446
318, 0.1845, 5465
319, 0.186, 5484
320, 0.1866, 5503
321, 0.1872, 5522
322, 0.1891, 5541
323, 0.1909, 5560
324, 0.1935, 5578
325, 0.1952, 5597
326, 0.1971, 5616
327, 0.1994, 5635
328, 0.2004, 5654
329, 0.2021, 5673
330, 0.2023, 5691
331, 0.2032, 5711
332, 0.2052, 5729
333, 0.2065, 5748
334, 0.208, 5767
335, 0.2098, 5786
336, 0.2107, 5805
337, 0.2115, 5824
338, 0.2126, 5843
339, 0.2137, 5862
340, 0.2139, 5881
341, 0.216, 5900
342, 0.2163, 5918
343, 0.217, 5937
344, 0.2178, 5956
345, 0.2186, 5974
346, 0.2197, 5994
347, 0.2209, 6012
348, 0.2219, 6031
349, 0.2221, 6050
350, 0.2232, 6069
351, 0.2236, 6088
352, 0.2254, 6107
353, 0.2256, 6126
354, 0.226, 6145
355, 0.2273, 6164
356, 0.2271, 6183
357, 0.2282, 6202
358, 0.2275, 6221
359, 0.228, 6240
360, 0.2284, 6259
361, 0.2283, 6278
362, 0.229, 6297
363, 0.2285, 6316
364, 0.2288, 6334
365, 0.2293, 6354
366, 0.2297, 6373
367, 0.2303, 6393
368, 0.2304, 6412
369, 0.2317, 6431
370, 0.2321, 6451
371, 0.2323, 6471
372, 0.2328, 6490
373, 0.233, 6509
374, 0.2334, 6528
375, 0.234, 6547
376, 0.2348, 6566
377, 0.2358, 6585
378, 0.236, 6604
379, 0.2362, 6622
380, 0.237, 6641
381, 0.238, 6660
382, 0.239, 6678
383, 0.2386, 6698
384, 0.2387, 6717
385, 0.2392, 6736
386, 0.24, 6755
387, 0.2404, 6774
388, 0.2407, 6793
389, 0.2403, 6812
390, 0.241, 6831
391, 0.2416, 6850
392, 0.242, 6869
393, 0.2427, 6888
394, 0.2433, 6907
395, 0.2437, 6926
396, 0.2434, 6945
397, 0.2437, 6964
398, 0.2443, 6983
399, 0.2443, 7002
400, 0.2452, 7021
401, 0.2453, 7040
402, 0.2451, 7058
403, 0.2452, 7077
404, 0.246, 7096
405, 0.2462, 7115
406, 0.2469, 7133
407, 0.2473, 7152
408, 0.248, 7171
409, 0.2486, 7190
410, 0.2493, 7209
411, 0.2498, 7227
412, 0.2502, 7246
413, 0.2502, 7265
414, 0.2508, 7284
415, 0.251, 7303
416, 0.2513, 7322
417, 0.2522, 7341
418, 0.2526, 7360
419, 0.2534, 7380
420, 0.2539, 7398
421, 0.2544, 7417
422, 0.2552, 7436
423, 0.2556, 7455
424, 0.2558, 7474
425, 0.2565, 7493
426, 0.256, 7511
427, 0.2566, 7530
428, 0.2569, 7549
429, 0.2573, 7568
430, 0.2576, 7587
431, 0.2583, 7606
432, 0.2585, 7624
433, 0.2588, 7643
434, 0.2591, 7662
435, 0.2599, 7681
436, 0.2604, 7699
437, 0.2607, 7718
438, 0.2615, 7738
439, 0.2622, 7756
440, 0.2631, 7775
441, 0.2634, 7794
442, 0.2643, 7814
443, 0.2646, 7833
444, 0.265, 7851
445, 0.2652, 7870
446, 0.2655, 7890
447, 0.2655, 7909
448, 0.2657, 7928
449, 0.2659, 7947
450, 0.2663, 7966
451, 0.2669, 7985
452, 0.267, 8003
453, 0.2676, 8022
454, 0.2678, 8041
455, 0.2681, 8060
456, 0.2689, 8079
457, 0.2693, 8098
458, 0.2692, 8117
459, 0.2701, 8136
460, 0.27, 8155
461, 0.2707, 8174
462, 0.2705, 8192
463, 0.2718, 8211
464, 0.2723, 8230
465, 0.2729, 8250
466, 0.2735, 8268
467, 0.274, 8287
468, 0.275, 8306
469, 0.2755, 8325
470, 0.2761, 8344
471, 0.2763, 8363
472, 0.2765, 8382
473, 0.2769, 8400
474, 0.2781, 8419
475, 0.2787, 8438
476, 0.2786, 8457
477, 0.2792, 8476
478, 0.2797, 8495
479, 0.2799, 8513
480, 0.28, 8533
481, 0.281, 8552
482, 0.2808, 8571
483, 0.2813, 8589
484, 0.2814, 8608
485, 0.2816, 8627
486, 0.2819, 8646
487, 0.2824, 8665
488, 0.2832, 8684
489, 0.2831, 8703
490, 0.2835, 8722
491, 0.2844, 8741
492, 0.285, 8760
493, 0.2851, 8779
494, 0.2857, 8798
495, 0.2859, 8816
496, 0.286, 8835
497, 0.2864, 8854
498, 0.2868, 8873
499, 0.2863, 8892
500, 0.2868, 8910
501, 0.2869, 8930
502, 0.2871, 8948
503, 0.2869, 8967
504, 0.2874, 8986
505, 0.2881, 9006
506, 0.2883, 9025
507, 0.2888, 9044
508, 0.2891, 9063
509, 0.29, 9082
510, 0.2901, 9100
511, 0.2906, 9120
512, 0.291, 9138
513, 0.2915, 9157
514, 0.2916, 9176
515, 0.2919, 9195
516, 0.292, 9214
517, 0.2933, 9233
518, 0.2933, 9252
519, 0.2933, 9271
520, 0.2938, 9290
521, 0.2946, 9308
522, 0.295, 9328
523, 0.2956, 9347
524, 0.2959, 9366
525, 0.2962, 9385
526, 0.2971, 9404
527, 0.297, 9423
528, 0.2971, 9441
529, 0.2977, 9461
530, 0.2981, 9480
531, 0.2986, 9498
532, 0.2988, 9517
533, 0.2992, 9536
534, 0.2995, 9555
535, 0.2999, 9573
536, 0.3002, 9592
537, 0.3008, 9610
538, 0.3006, 9629
539, 0.3011, 9648
540, 0.3008, 9667
541, 0.301, 9686
542, 0.3009, 9704
543, 0.3011, 9723
544, 0.3014, 9742
545, 0.3024, 9761
546, 0.3026, 9780
547, 0.3029, 9799
548, 0.3033, 9819
549, 0.3036, 9838
550, 0.3038, 9857
551, 0.3043, 9876
552, 0.3046, 9895
553, 0.3043, 9914
554, 0.3043, 9933
555, 0.3044, 9952
556, 0.305, 9971
557, 0.305, 9990
558, 0.3057, 10009
559, 0.3057, 10028
560, 0.3062, 10047
561, 0.3067, 10066
562, 0.3071, 10085
563, 0.3083, 10104
564, 0.3087, 10123
565, 0.3093, 10142
566, 0.3099, 10161
567, 0.31, 10179
568, 0.3104, 10198
569, 0.3103, 10217
570, 0.3113, 10236
571, 0.3118, 10255
572, 0.312, 10273
573, 0.3124, 10292
574, 0.3127, 10312
575, 0.313, 10330
576, 0.3135, 10349
577, 0.314, 10368
578, 0.3142, 10387
579, 0.3146, 10406
580, 0.3149, 10424
581, 0.3156, 10444
582, 0.316, 10462
583, 0.316, 10481
584, 0.3167, 10500
585, 0.317, 10519
586, 0.3169, 10538
587, 0.3168, 10557
588, 0.3173, 10575
589, 0.3177, 10594
590, 0.3182, 10614
591, 0.3187, 10633
592, 0.3194, 10651
593, 0.319, 10670
594, 0.3193, 10688
595, 0.32, 10707
596, 0.3202, 10726
597, 0.3207, 10745
598, 0.3206, 10764
599, 0.321, 10783
600, 0.321, 10802
601, 0.3215, 10821
602, 0.3221, 10840
603, 0.3222, 10859
604, 0.3228, 10878
605, 0.3232, 10896
606, 0.3237, 10915
607, 0.3242, 10934
608, 0.3245, 10953
609, 0.3246, 10972
610, 0.3248, 10990
611, 0.3255, 11009
612, 0.3264, 11028
613, 0.3268, 11047
614, 0.3272, 11066
615, 0.3279, 11085
616, 0.3278, 11104
617, 0.3282, 11124
618, 0.328, 11143
619, 0.3285, 11162
620, 0.329, 11180
621, 0.3292, 11199
622, 0.3297, 11218
623, 0.3297, 11237
624, 0.3304, 11256
625, 0.3305, 11275
626, 0.3308, 11294
627, 0.3307, 11312
628, 0.3306, 11331
629, 0.3313, 11350
630, 0.3317, 11369
631, 0.332, 11388
632, 0.3327, 11406
633, 0.3331, 11425
634, 0.3335, 11445
635, 0.3339, 11463
636, 0.334, 11482
637, 0.3343, 11501
638, 0.3339, 11520
639, 0.3347, 11539
640, 0.3356, 11558
641, 0.3357, 11577
642, 0.3359, 11596
643, 0.3364, 11615
644, 0.3366, 11634
645, 0.3367, 11653
646, 0.3367, 11672
647, 0.3361, 11691
648, 0.3364, 11710
649, 0.3372, 11729
650, 0.3377, 11747
651, 0.3376, 11766
652, 0.3381, 11785
653, 0.3385, 11804
654, 0.3387, 11823
655, 0.3393, 11842
656, 0.3395, 11862
657, 0.3398, 11881
658, 0.3404, 11900
659, 0.3408, 11918
660, 0.3412, 11937
661, 0.3417, 11956
662, 0.3422, 11975
663, 0.3424, 11994
664, 0.3432, 12013
665, 0.3438, 12032
666, 0.3444, 12051
667, 0.3446, 12070
668, 0.3449, 12088
669, 0.345, 12107
670, 0.3452, 12126
671, 0.3457, 12145
672, 0.3462, 12164
673, 0.3466, 12182
674, 0.3468, 12202
675, 0.3473, 12220
676, 0.3479, 12239
677, 0.3483, 12258
678, 0.349, 12277
679, 0.3497, 12296
680, 0.3501, 12315
681, 0.3502, 12334
682, 0.351, 12353
683, 0.3513, 12372
684, 0.3514, 12391
685, 0.3516, 12410
686, 0.3516, 12429
687, 0.3521, 12447
688, 0.3529, 12466
689, 0.353, 12485
690, 0.3534, 12504
691, 0.3541, 12523
692, 0.3548, 12541
693, 0.3553, 12561
694, 0.3555, 12580
695, 0.3553, 12598
696, 0.3555, 12617
697, 0.356, 12636
698, 0.3564, 12655
699, 0.3573, 12674
700, 0.3581, 12692
701, 0.3584, 12712
702, 0.3592, 12731
703, 0.3594, 12749
704, 0.3599, 12768
705, 0.3604, 12787
706, 0.3611, 12806
707, 0.362, 12825
708, 0.3622, 12844
709, 0.3623, 12862
710, 0.3626, 12882
711, 0.3634, 12900
712, 0.3635, 12919
713, 0.3638, 12938
714, 0.3644, 12956
715, 0.3646, 12975
716, 0.3653, 12994
717, 0.3654, 13013
718, 0.3659, 13032
719, 0.3663, 13051
720, 0.3664, 13070
721, 0.3667, 13089
722, 0.3674, 13108
723, 0.3677, 13126
724, 0.3672, 13145
725, 0.3679, 13164
726, 0.368, 13183
727, 0.3687, 13202
728, 0.3689, 13221
729, 0.369, 13240
730, 0.3697, 13259
731, 0.3699, 13278
732, 0.3701, 13297
733, 0.3698, 13316
734, 0.3699, 13334
735, 0.3707, 13353
736, 0.3706, 13372
737, 0.3705, 13391
738, 0.3712, 13410
739, 0.3709, 13430
740, 0.3712, 13449
741, 0.3713, 13468
742, 0.3715, 13487
743, 0.3718, 13506
744, 0.3714, 13525
745, 0.3715, 13544
746, 0.3718, 13563
747, 0.3725, 13582
748, 0.3731, 13601
749, 0.3735, 13620
750, 0.3738, 13639
751, 0.3738, 13658
752, 0.374, 13677
753, 0.3743, 13696
754, 0.3752, 13715
755, 0.3762, 13734
756, 0.3759, 13753
757, 0.3761, 13772
758, 0.3767, 13791
759, 0.3774, 13810
760, 0.3782, 13829
761, 0.3779, 13848
762, 0.378, 13867
763, 0.3784, 13886
764, 0.3783, 13904
765, 0.378, 13923
766, 0.3781, 13942
767, 0.3785, 13962
768, 0.3788, 13980
769, 0.379, 13999
770, 0.379, 14018
771, 0.3791, 14037
772, 0.379, 14056
773, 0.3792, 14075
774, 0.3792, 14094
775, 0.3792, 14113
776, 0.3797, 14132
777, 0.3802, 14151
778, 0.3802, 14170
779, 0.3807, 14189
780, 0.3809, 14208
781, 0.381, 14226
782, 0.3816, 14245
783, 0.382, 14264
784, 0.3817, 14283
785, 0.3819, 14302
786, 0.3819, 14321
787, 0.3823, 14340
788, 0.3826, 14359
789, 0.3829, 14378
790, 0.383, 14397
791, 0.3829, 14416
792, 0.3833, 14435
793, 0.3835, 14454
794, 0.3838, 14472
795, 0.3841, 14491
796, 0.3842, 14511
797, 0.3843, 14530
798, 0.3851, 14550
799, 0.3855, 14570
800, 0.3858, 14589
801, 0.3858, 14608
802, 0.3866, 14627
803, 0.3867, 14646
804, 0.3872, 14665
805, 0.3877, 14684
806, 0.3879, 14703
807, 0.3882, 14722
808, 0.388, 14741
809, 0.3882, 14760
810, 0.3891, 14779
811, 0.3888, 14798
812, 0.3892, 14817
813, 0.3893, 14835
814, 0.3897, 14854
815, 0.3898, 14873
816, 0.39, 14892
817, 0.3896, 14911
818, 0.3899, 14930
819, 0.3899, 14949
820, 0.39, 14968
821, 0.3907, 14987
822, 0.3914, 15006
823, 0.3915, 15025
824, 0.3915, 15044
825, 0.3917, 15063
826, 0.3922, 15081
827, 0.3926, 15100
828, 0.3924, 15119
829, 0.3929, 15138
830, 0.3928, 15157
831, 0.3935, 15176
832, 0.3937, 15195
833, 0.3938, 15214
834, 0.3936, 15233
835, 0.3943, 15251
836, 0.3944, 15270
837, 0.3945, 15289
838, 0.395, 15309
839, 0.3955, 15327
840, 0.396, 15346
841, 0.3958, 15365
842, 0.396, 15384
843, 0.3962, 15404
844, 0.3968, 15422
845, 0.3967, 15442
846, 0.3968, 15461
847, 0.3969, 15479
848, 0.3971, 15498
849, 0.3974, 15517
850, 0.3978, 15536
851, 0.3979, 15555
852, 0.3979, 15575
853, 0.3984, 15593
854, 0.3986, 15613
855, 0.3985, 15632
856, 0.3987, 15651
857, 0.399, 15670
858, 0.3992, 15689
859, 0.3996, 15708
860, 0.3992, 15727
861, 0.3997, 15746
862, 0.3992, 15765
863, 0.3998, 15784
864, 0.3999, 15803
865, 0.4, 15822
866, 0.4003, 15841
867, 0.4002, 15860
868, 0.4004, 15878
869, 0.4008, 15898
870, 0.4003, 15917
871, 0.4009, 15935
872, 0.4012, 15954
873, 0.4014, 15973
874, 0.4014, 15993
875, 0.4015, 16011
876, 0.4017, 16031
877, 0.4018, 16049
878, 0.4022, 16069
879, 0.403, 16087
880, 0.4026, 16106
881, 0.4034, 16124
882, 0.4029, 16143
883, 0.4037, 16162
884, 0.4037, 16181
885, 0.4047, 16200
886, 0.4026, 16219
887, 0.4054, 16238
888, 0.4015, 16257
889, 0.4051, 16276
890, 0.396, 16295
891, 0.4, 16313
892, 0.3874, 16332
893, 0.3893, 16351
894, 0.3725, 16370
895, 0.3799, 16389
896, 0.3659, 16409
897, 0.389, 16428
898, 0.3952, 16447
899, 0.4041, 16465
900, 0.3956, 16484
901, 0.3654, 16502
902, 0.3663, 16521
903, 0.3615, 16540
904, 0.4035, 16559
905, 0.4021, 16578
906, 0.3674, 16597
907, 0.365, 16616
908, 0.3693, 16635
909, 0.4039, 16654
910, 0.3908, 16673
911, 0.357, 16692
912, 0.3852, 16711
913, 0.4043, 16730
914, 0.3921, 16749
915, 0.381, 16768
916, 0.3808, 16787
917, 0.4065, 16806
918, 0.399, 16825
919, 0.3786, 16844
920, 0.4006, 16863
921, 0.4071, 16882
922, 0.3996, 16900
923, 0.3942, 16919
924, 0.3957, 16938
925, 0.409, 16957
926, 0.4042, 16976
927, 0.3934, 16995
928, 0.4075, 17014
929, 0.408, 17033
930, 0.4044, 17052
931, 0.4039, 17071
932, 0.4023, 17090
933, 0.4111, 17109
934, 0.4104, 17128
935, 0.4012, 17147
936, 0.409, 17166
937, 0.409, 17184
938, 0.4093, 17203
939, 0.4092, 17222
940, 0.4031, 17241
941, 0.4127, 17260
942, 0.4131, 17279
943, 0.407, 17297
944, 0.4111, 17316
945, 0.4065, 17334
946, 0.4154, 17353
947, 0.4157, 17373
948, 0.4081, 17391
949, 0.4112, 17410
950, 0.4087, 17429
951, 0.4138, 17448
952, 0.4168, 17467
953, 0.4088, 17486
954, 0.4127, 17504
955, 0.4104, 17523
956, 0.4144, 17542
957, 0.4175, 17561
958, 0.4103, 17580
959, 0.4144, 17598
960, 0.4109, 17617
961, 0.4148, 17636
962, 0.4172, 17655
963, 0.4108, 17675
964, 0.4159, 17694
965, 0.4112, 17713
966, 0.4158, 17732
967, 0.4167, 17750
968, 0.4109, 17769
969, 0.4158, 17788
970, 0.4105, 17808
971, 0.4184, 17827
972, 0.4158, 17846
973, 0.4124, 17865
974, 0.4163, 17884
975, 0.4108, 17903
976, 0.4184, 17922
977, 0.4156, 17941
978, 0.4152, 17960
979, 0.4175, 17979
980, 0.4105, 17997
981, 0.4176, 18016
982, 0.4133, 18034
983, 0.4179, 18053
984, 0.4205, 18072
985, 0.4117, 18091
986, 0.416, 18110
987, 0.4118, 18129
988, 0.4217, 18148
989, 0.4202, 18167
990, 0.4124, 18186
991, 0.4152, 18204
992, 0.4093, 18223
993, 0.4193, 18243
994, 0.4172, 18261
995, 0.4151, 18281
996, 0.4167, 18299
997, 0.4077, 18319
998, 0.4162, 18337
999, 0.4155, 18356
1000, 0.4191, 18375
1001, 0.4204, 18394
1002, 0.4082, 18413
1003, 0.4115, 18432
1004, 0.4137, 18451
1005, 0.4215, 18469
1006, 0.4229, 18488
1007, 0.4111, 18507
1008, 0.4101, 18526
1009, 0.4102, 18545
1010, 0.4235, 18564
1011, 0.4219, 18583
1012, 0.4145, 18602
1013, 0.4097, 18621
1014, 0.4082, 18640
1015, 0.423, 18659
1016, 0.4226, 18677
1017, 0.4151, 18696
1018, 0.4109, 18715
1019, 0.4075, 18734
1020, 0.4239, 18753
1021, 0.4236, 18772
1022, 0.4163, 18790
1023, 0.4123, 18809
1024, 0.4104, 18829
1025, 0.4238, 18848
1026, 0.4248, 18866
1027, 0.4156, 18885
1028, 0.4129, 18904
1029, 0.4132, 18923
1030, 0.4257, 18942
1031, 0.4251, 18960
1032, 0.4143, 18979
1033, 0.4153, 18998
1034, 0.4164, 19016
1035, 0.424, 19035
1036, 0.4242, 19054
1037, 0.4138, 19073
1038, 0.4178, 19093
1039, 0.4201, 19112
1040, 0.4236, 19130
1041, 0.4229, 19149
1042, 0.4141, 19168
1043, 0.4204, 19187
1044, 0.4221, 19206
1045, 0.4257, 19225
1046, 0.422, 19244
1047, 0.4148, 19263
1048, 0.4234, 19282
1049, 0.4254, 19301
1050, 0.4236, 19320
1051, 0.4218, 19339
1052, 0.4176, 19358
1053, 0.4262, 19377
1054, 0.4268, 19397
1055, 0.4244, 19415
1056, 0.4221, 19434
1057, 0.4184, 19453
1058, 0.4274, 19472
1059, 0.4269, 19491
1060, 0.4243, 19510
1061, 0.4241, 19528
1062, 0.4207, 19547
1063, 0.428, 19567
1064, 0.4281, 19586
1065, 0.4252, 19605
1066, 0.4251, 19624
1067, 0.4222, 19643
1068, 0.4285, 19662
1069, 0.43, 19681
1070, 0.4264, 19700
1071, 0.4264, 19719
1072, 0.4246, 19738
1073, 0.4305, 19757
1074, 0.431, 19776
1075, 0.4269, 19795
1076, 0.4275, 19814
1077, 0.4254, 19833
1078, 0.4312, 19853
1079, 0.4312, 19872
1080, 0.4265, 19890
1081, 0.4283, 19909
1082, 0.4267, 19928
1083, 0.4315, 19947
1084, 0.4317, 19966
1085, 0.427, 19984
1086, 0.4294, 20003
1087, 0.4274, 20022
1088, 0.432, 20041
1089, 0.4319, 20060
1090, 0.4271, 20079
1091, 0.4298, 20098
1092, 0.4277, 20117
1093, 0.4335, 20136
1094, 0.4334, 20154
1095, 0.4277, 20173
1096, 0.4299, 20193
1097, 0.4274, 20211
1098, 0.4345, 20230
1099, 0.4337, 20249
1100, 0.4285, 20268
1101, 0.4295, 20287
1102, 0.4269, 20306
1103, 0.4345, 20325
1104, 0.4343, 20344
1105, 0.4302, 20363
1106, 0.4291, 20382
1107, 0.4273, 20401
1108, 0.4338, 20420
1109, 0.4349, 20439
1110, 0.4313, 20458
1111, 0.4301, 20477
1112, 0.4283, 20496
1113, 0.4357, 20515
1114, 0.4354, 20533
1115, 0.4322, 20552
1116, 0.431, 20571
1117, 0.4288, 20589
1118, 0.4367, 20608
1119, 0.437, 20628
1120, 0.4338, 20647
1121, 0.432, 20665
1122, 0.4291, 20684
1123, 0.4372, 20704
1124, 0.4369, 20722
1125, 0.4347, 20741
1126, 0.4323, 20759
1127, 0.429, 20778
1128, 0.4368, 20798
1129, 0.4369, 20817
1130, 0.4355, 20836
1131, 0.4325, 20855
1132, 0.4303, 20874
1133, 0.4375, 20893
1134, 0.4373, 20912
1135, 0.4363, 20931
1136, 0.4323, 20949
1137, 0.4303, 20968
1138, 0.4379, 20987
1139, 0.4378, 21006
1140, 0.436, 21025
1141, 0.4321, 21044
1142, 0.4307, 21063
1143, 0.438, 21082
1144, 0.4387, 21101
1145, 0.4358, 21120
1146, 0.4321, 21139
1147, 0.4319, 21158
1148, 0.4393, 21176
1149, 0.4396, 21195
1150, 0.4354, 21214
1151, 0.4328, 21233
1152, 0.4329, 21252
1153, 0.4401, 21271
1154, 0.4401, 21290
1155, 0.4357, 21309
1156, 0.4336, 21327
1157, 0.4339, 21346
1158, 0.441, 21365
1159, 0.4414, 21384
1160, 0.4354, 21403
1161, 0.4347, 21422
1162, 0.4353, 21441
1163, 0.4409, 21460
1164, 0.4413, 21479
1165, 0.4359, 21498
1166, 0.4354, 21516
1167, 0.4359, 21535
1168, 0.4431, 21554
1169, 0.4412, 21573
1170, 0.4361, 21592
1171, 0.4367, 21611
1172, 0.4378, 21630
1173, 0.4443, 21649
1174, 0.4408, 21668
1175, 0.4353, 21687
1176, 0.4377, 21708
1177, 0.4392, 21727
1178, 0.4437, 21746
1179, 0.4411, 21765
1180, 0.4358, 21784
1181, 0.438, 21803
1182, 0.4401, 21822
1183, 0.4442, 21841
1184, 0.4412, 21859
1185, 0.4358, 21878
1186, 0.4388, 21897
1187, 0.4411, 21916
1188, 0.4444, 21935
1189, 0.4413, 21953
1190, 0.4361, 21972
1191, 0.4395, 21991
1192, 0.4424, 22010
1193, 0.4456, 22029
1194, 0.4416, 22048
1195, 0.4371, 22067
1196, 0.4398, 22086
1197, 0.4436, 22105
1198, 0.4455, 22123
1199, 0.4419, 22142
1200, 0.4382, 22161
1201, 0.4407, 22180
1202, 0.4434, 22199
1203, 0.4462, 22218
1204, 0.442, 22237
1205, 0.4387, 22256
1206, 0.4411, 22275
1207, 0.4441, 22294
1208, 0.4467, 22313
1209, 0.4419, 22332
1210, 0.439, 22351
1211, 0.4417, 22369
1212, 0.444, 22388
1213, 0.4471, 22407
1214, 0.4421, 22426
1215, 0.4389, 22445
1216, 0.4424, 22464
1217, 0.4445, 22482
1218, 0.4472, 22501
1219, 0.4425, 22520
1220, 0.4389, 22539
1221, 0.4432, 22557
1222, 0.4454, 22577
1223, 0.4482, 22596
1224, 0.4437, 22615
1225, 0.4394, 22633
1226, 0.4435, 22652
1227, 0.4468, 22671
1228, 0.4481, 22689
1229, 0.4443, 22709
1230, 0.4406, 22728
1231, 0.4441, 22747
1232, 0.4473, 22766
1233, 0.4485, 22785
1234, 0.445, 22804
1235, 0.4415, 22823
1236, 0.4442, 22841
1237, 0.4478, 22860
1238, 0.4487, 22880
1239, 0.4453, 22899
1240, 0.4419, 22918
1241, 0.445, 22938
1242, 0.4487, 22956
1243, 0.4504, 22975
1244, 0.4467, 22994
1245, 0.4433, 23013
1246, 0.4457, 23032
1247, 0.449, 23051
1248, 0.4509, 23070
1249, 0.448, 23088
1250, 0.4431, 23107
1251, 0.4457, 23126
1252, 0.4489, 23145
1253, 0.4512, 23165
1254, 0.448, 23184
1255, 0.4435, 23203
1256, 0.446, 23222
1257, 0.4493, 23241
1258, 0.452, 23260
1259, 0.4479, 23279
1260, 0.4438, 23298
1261, 0.4455, 23317
1262, 0.4491, 23336
1263, 0.4521, 23355
1264, 0.4487, 23374
1265, 0.4447, 23393
1266, 0.4461, 23412
1267, 0.4494, 23431
1268, 0.4519, 23450
1269, 0.4492, 23469
1270, 0.4449, 23488
1271, 0.4462, 23507
1272, 0.4497, 23526
1273, 0.4519, 23545
1274, 0.4502, 23564
1275, 0.4456, 23583
1276, 0.4467, 23602
1277, 0.4492, 23620
1278, 0.4529, 23639
1279, 0.4508, 23658
1280, 0.4477, 23677
1281, 0.4467, 23696
1282, 0.4493, 23715
1283, 0.4536, 23734
1284, 0.4518, 23754
1285, 0.4485, 23773
1286, 0.4471, 23792
1287, 0.45, 23811
1288, 0.4543, 23830
1289, 0.4528, 23849
1290, 0.4495, 23868
1291, 0.4472, 23886
1292, 0.4503, 23905
1293, 0.4553, 23924
1294, 0.4542, 23943
1295, 0.4505, 23961
1296, 0.448, 23980
1297, 0.4504, 23999
1298, 0.4551, 24018
1299, 0.455, 24037
1300, 0.4516, 24056
1301, 0.4481, 24075
1302, 0.4507, 24093
1303, 0.4561, 24112
1304, 0.4559, 24131
1305, 0.4532, 24150
1306, 0.449, 24169
1307, 0.4507, 24188
1308, 0.4565, 24206
1309, 0.4572, 24226
1310, 0.4554, 24245
1311, 0.4491, 24264
1312, 0.451, 24283
1313, 0.4575, 24301
1314, 0.4589, 24321
1315, 0.4554, 24340
1316, 0.4497, 24358
1317, 0.4522, 24377
1318, 0.4576, 24396
1319, 0.4589, 24415
1320, 0.4558, 24434
1321, 0.4508, 24453
1322, 0.4523, 24472
1323, 0.4579, 24491
1324, 0.4595, 24510
1325, 0.4568, 24529
1326, 0.4519, 24548
1327, 0.4521, 24567
1328, 0.4575, 24586
1329, 0.4605, 24606
1330, 0.4579, 24625
1331, 0.4519, 24643
1332, 0.4522, 24662
1333, 0.4572, 24681
1334, 0.4618, 24700
1335, 0.46, 24719
1336, 0.4527, 24738
1337, 0.4528, 24757
1338, 0.4576, 24776
1339, 0.4624, 24795
1340, 0.4607, 24814
1341, 0.4541, 24833
1342, 0.4532, 24852
1343, 0.458, 24872
1344, 0.4638, 24891
1345, 0.4615, 24910
1346, 0.4551, 24928
1347, 0.4535, 24947
1348, 0.4569, 24966
1349, 0.4648, 24985
1350, 0.4634, 25004
1351, 0.4554, 25024
1352, 0.4532, 25042
1353, 0.4567, 25061
1354, 0.466, 25080
1355, 0.4647, 25099
1356, 0.4563, 25118
1357, 0.4533, 25137
1358, 0.4566, 25155
1359, 0.466, 25174
1360, 0.4665, 25193
1361, 0.4575, 25212
1362, 0.4547, 25231
1363, 0.4567, 25250
1364, 0.4654, 25269
1365, 0.4669, 25289
1366, 0.4584, 25308
1367, 0.4558, 25327
1368, 0.4567, 25346
1369, 0.4647, 25365
1370, 0.4669, 25385
1371, 0.4592, 25403
1372, 0.4562, 25422
1373, 0.4576, 25441
1374, 0.4647, 25459
1375, 0.4669, 25478
1376, 0.4605, 25497
1377, 0.457, 25516
1378, 0.4582, 25535
1379, 0.4625, 25554
1380, 0.4677, 25574
1381, 0.462, 25593
1382, 0.4573, 25612
1383, 0.458, 25631
1384, 0.4628, 25650
1385, 0.4694, 25668
1386, 0.4634, 25687
1387, 0.4586, 25706
1388, 0.4585, 25725
1389, 0.4622, 25744
1390, 0.469, 25763
1391, 0.4656, 25782
1392, 0.4606, 25800
1393, 0.4588, 25819
1394, 0.4617, 25838
1395, 0.4685, 25857
1396, 0.4671, 25876
1397, 0.4629, 25895
1398, 0.4594, 25914
1399, 0.4621, 25933
1400, 0.4682, 25952
1401, 0.4679, 25971
1402, 0.4645, 25991
1403, 0.4596, 26009
1404, 0.4611, 26029
1405, 0.467, 26047
1406, 0.4693, 26066
1407, 0.4659, 26085
1408, 0.4602, 26104
1409, 0.4606, 26123
1410, 0.4657, 26142
1411, 0.4695, 26160
1412, 0.4669, 26179
1413, 0.4609, 26199
1414, 0.4613, 26217
1415, 0.465, 26236
1416, 0.4702, 26255
1417, 0.4694, 26275
1418, 0.4615, 26294
1419, 0.4616, 26313
1420, 0.4641, 26332
1421, 0.4698, 26351
1422, 0.4708, 26371
1423, 0.4627, 26389
1424, 0.4616, 26409
1425, 0.4655, 26432
1426, 0.4695, 26451
1427, 0.4712, 26475
1428, 0.4634, 26494
1429, 0.4623, 26513
1430, 0.4638, 26532
1431, 0.4697, 26551
1432, 0.4724, 26570
1433, 0.4668, 26589
1434, 0.4621, 26608
1435, 0.4632, 26627
1436, 0.4697, 26646
1437, 0.4735, 26665
1438, 0.468, 26684
1439, 0.4628, 26703
1440, 0.4631, 26723
1441, 0.469, 26742
1442, 0.4724, 26761
1443, 0.4691, 26780
1444, 0.4644, 26799
1445, 0.4635, 26817
1446, 0.4679, 26836
1447, 0.4727, 26855
1448, 0.4686, 26875
1449, 0.4657, 26893
1450, 0.4634, 26913
1451, 0.4667, 26931
1452, 0.471, 26950
1453, 0.4687, 26969
1454, 0.4661, 26988
1455, 0.4636, 27008
1456, 0.4669, 27027
1457, 0.4698, 27045
1458, 0.4696, 27064
1459, 0.4686, 27084
1460, 0.464, 27107
1461, 0.4657, 27126
1462, 0.4685, 27145
1463, 0.4707, 27165
1464, 0.4697, 27184
1465, 0.465, 27203
1466, 0.4647, 27222
1467, 0.4699, 27241
1468, 0.4718, 27265
1469, 0.4714, 27284
1470, 0.4664, 27303
1471, 0.4646, 27322
1472, 0.4681, 27341
1473, 0.4714, 27360
1474, 0.4735, 27379
1475, 0.4681, 27398
1476, 0.4646, 27417
1477, 0.467, 27436
1478, 0.4712, 27455
1479, 0.4756, 27474
1480, 0.4683, 27493
1481, 0.4655, 27512
1482, 0.4665, 27531
1483, 0.4719, 27550
1484, 0.4755, 27570
1485, 0.4694, 27589
1486, 0.4674, 27608
1487, 0.4662, 27627
1488, 0.4713, 27646
1489, 0.4754, 27664
1490, 0.4714, 27683
1491, 0.4683, 27702
1492, 0.4663, 27721
1493, 0.4708, 27740
1494, 0.4749, 27759
1495, 0.4723, 27779
1496, 0.4696, 27798
1497, 0.4659, 27818
1498, 0.4706, 27837
1499, 0.4731, 27856
1500, 0.4729, 27875
1501, 0.4707, 27894
1502, 0.467, 27913
1503, 0.4696, 27932
1504, 0.4726, 27951
1505, 0.4749, 27970
1506, 0.4733, 27989
1507, 0.467, 28008
1508, 0.47, 28027
1509, 0.4722, 28046
1510, 0.4754, 28065
1511, 0.4742, 28084
1512, 0.4683, 28103
1513, 0.4707, 28122
1514, 0.4715, 28140
1515, 0.4761, 28159
1516, 0.4761, 28178
1517, 0.4709, 28197
1518, 0.4701, 28216
1519, 0.4708, 28235
1520, 0.4768, 28254
1521, 0.4775, 28273
1522, 0.4735, 28292
1523, 0.4705, 28311
1524, 0.4703, 28329
1525, 0.4771, 28348
1526, 0.4779, 28367
1527, 0.4752, 28386
1528, 0.4707, 28405
1529, 0.4698, 28424
1530, 0.4759, 28443
1531, 0.4789, 28462
1532, 0.4748, 28482
1533, 0.4713, 28500
1534, 0.4701, 28519
1535, 0.4744, 28538
1536, 0.4784, 28557
1537, 0.4767, 28576
1538, 0.4729, 28595
1539, 0.4709, 28614
1540, 0.474, 28633
1541, 0.4779, 28651
1542, 0.4765, 28670
1543, 0.4736, 28689
1544, 0.471, 28708
1545, 0.473, 28727
1546, 0.4783, 28745
1547, 0.4768, 28764
1548, 0.4746, 28783
1549, 0.4713, 28802
1550, 0.4725, 28822
1551, 0.4773, 28841
1552, 0.4783, 28860
1553, 0.4755, 28879
1554, 0.4714, 28898
1555, 0.4718, 28917
1556, 0.4772, 28935
1557, 0.4793, 28955
1558, 0.476, 28973
1559, 0.4727, 28992
1560, 0.4716, 29011
1561, 0.4761, 29030
1562, 0.4807, 29049
1563, 0.477, 29067
1564, 0.4732, 29086
1565, 0.4714, 29105
1566, 0.4757, 29124
1567, 0.4802, 29143
1568, 0.4784, 29162
1569, 0.4732, 29181
1570, 0.4707, 29200
1571, 0.476, 29218
1572, 0.481, 29237
1573, 0.4799, 29256
1574, 0.4742, 29275
1575, 0.4708, 29294
1576, 0.4763, 29312
1577, 0.4811, 29331
1578, 0.48, 29350
1579, 0.4745, 29369
1580, 0.4712, 29388
1581, 0.4766, 29407
1582, 0.4812, 29426
1583, 0.4803, 29445
1584, 0.4748, 29463
1585, 0.4714, 29482
1586, 0.4777, 29501
1587, 0.4813, 29520
1588, 0.4815, 29539
1589, 0.4754, 29558
1590, 0.4717, 29577
1591, 0.4776, 29596
1592, 0.4826, 29615
1593, 0.4818, 29634
1594, 0.4772, 29652
1595, 0.4734, 29671
1596, 0.4785, 29691
1597, 0.4833, 29710
1598, 0.4824, 29729
1599, 0.4776, 29747
1600, 0.4749, 29766
1601, 0.4789, 29785
1602, 0.484, 29804
1603, 0.4839, 29823
1604, 0.4774, 29842
1605, 0.4761, 29861
1606, 0.4797, 29880
1607, 0.4844, 29899
1608, 0.4847, 29918
1609, 0.4778, 29937
1610, 0.4767, 29956
1611, 0.4806, 29974
1612, 0.4849, 29993
1613, 0.4847, 30012
1614, 0.4788, 30031
1615, 0.4776, 30049
1616, 0.481, 30068
1617, 0.4853, 30087
1618, 0.486, 30105
1619, 0.48, 30124
1620, 0.4786, 30143
1621, 0.481, 30162
1622, 0.4869, 30181
1623, 0.4873, 30200
1624, 0.4815, 30219
1625, 0.4785, 30238
1626, 0.481, 30257
1627, 0.4874, 30276
1628, 0.4888, 30295
1629, 0.4825, 30314
1630, 0.4795, 30333
1631, 0.4807, 30352
1632, 0.4877, 30371
1633, 0.4902, 30390
1634, 0.4836, 30409
1635, 0.4795, 30428
1636, 0.4803, 30447
1637, 0.4881, 30466
1638, 0.4892, 30485
1639, 0.4847, 30503
1640, 0.4813, 30522
1641, 0.4808, 30541
1642, 0.486, 30560
1643, 0.4888, 30579
1644, 0.4857, 30597
1645, 0.4822, 30616
1646, 0.4813, 30635
1647, 0.4863, 30654
1648, 0.4885, 30673
1649, 0.4877, 30692
1650, 0.4833, 30711
1651, 0.4838, 30730
1652, 0.4865, 30749
1653, 0.4865, 30767
1654, 0.4887, 30786
1655, 0.4836, 30805
1656, 0.4858, 30824
1657, 0.4866, 30843
1658, 0.4858, 30861
1659, 0.4864, 30880
1660, 0.4856, 30899
1661, 0.4873, 30918
1662, 0.4889, 30937
1663, 0.4857, 30956
1664, 0.4862, 30975
1665, 0.4847, 30994
1666, 0.49, 31013
1667, 0.4908, 31032
1668, 0.4861, 31051
1669, 0.485, 31070
1670, 0.4806, 31089
1671, 0.489, 31107
1672, 0.4927, 31126
1673, 0.4888, 31145
1674, 0.4839, 31164
1675, 0.4777, 31183
1676, 0.487, 31202
1677, 0.4925, 31221
1678, 0.4924, 31240
1679, 0.4848, 31258
1680, 0.4763, 31277
1681, 0.485, 31296
1682, 0.4925, 31315
1683, 0.4943, 31334
1684, 0.4879, 31353
1685, 0.4763, 31372
1686, 0.4822, 31391
1687, 0.4916, 31409
1688, 0.4953, 31429
1689, 0.4885, 31448
1690, 0.4779, 31466
1691, 0.4822, 31485
1692, 0.4907, 31504
1693, 0.4957, 31523
1694, 0.4885, 31541
1695, 0.4803, 31560
1696, 0.483, 31579
1697, 0.4888, 31598
1698, 0.4911, 31617
1699, 0.4896, 31636
1700, 0.4845, 31655
1701, 0.487, 31674
1702, 0.4892, 31693
1703, 0.4856, 31712
1704, 0.4903, 31731
1705, 0.4881, 31750
1706, 0.4906, 31769
1707, 0.4882, 31788
1708, 0.4849, 31807
1709, 0.488, 31826
1710, 0.4929, 31846
1711, 0.4944, 31865
1712, 0.4901, 31884
1713, 0.4825, 31903
1714, 0.488, 31922
1715, 0.4952, 31941
1716, 0.4969, 31959
1717, 0.4911, 31978
1718, 0.4823, 31997
1719, 0.4875, 32016
1720, 0.4944, 32035
1721, 0.4986, 32054
1722, 0.4924, 32072
1723, 0.4838, 32091
1724, 0.4864, 32110
1725, 0.4917, 32129
1726, 0.4965, 32148
1727, 0.4949, 32167
1728, 0.4885, 32186
1729, 0.487, 32205
1730, 0.4878, 32224
1731, 0.4949, 32243
1732, 0.4958, 32262
1733, 0.4902, 32281
1734, 0.4892, 32301
1735, 0.4859, 32320
1736, 0.4908, 32338
1737, 0.4978, 32357
1738, 0.4946, 32375
1739, 0.4914, 32394
1740, 0.4861, 32413
1741, 0.4881, 32432
1742, 0.4989, 32451
1743, 0.4996, 32470
1744, 0.493, 32489
1745, 0.4844, 32508
1746, 0.4856, 32527
1747, 0.4965, 32546
1748, 0.4993, 32564
1749, 0.4937, 32584
1750, 0.4833, 32603
1751, 0.4845, 32622
1752, 0.4965, 32641
1753, 0.5001, 32660
1754, 0.4931, 32679
1755, 0.4834, 32698
1756, 0.4859, 32717
1757, 0.4988, 32736
1758, 0.5001, 32755
1759, 0.4927, 32774
1760, 0.4843, 32793
1761, 0.4895, 32811
1762, 0.5005, 32830
1763, 0.5003, 32849
1764, 0.492, 32868
1765, 0.4862, 32887
1766, 0.4926, 32905
1767, 0.5013, 32924
1768, 0.5006, 32943
1769, 0.4926, 32962
1770, 0.4889, 32981
1771, 0.4941, 33000
1772, 0.5, 33019
1773, 0.5007, 33038
1774, 0.4941, 33057
1775, 0.4879, 33076
1776, 0.4947, 33094
1777, 0.4981, 33114
1778, 0.5007, 33132
1779, 0.496, 33151
1780, 0.4903, 33170
1781, 0.4947, 33189
1782, 0.4957, 33209
1783, 0.5024, 33228
1784, 0.4982, 33246
1785, 0.494, 33265
1786, 0.495, 33284
1787, 0.494, 33303
1788, 0.5032, 33323
1789, 0.5015, 33342
1790, 0.4953, 33360
1791, 0.4953, 33379
1792, 0.4947, 33399
1793, 0.5043, 33418
1794, 0.5036, 33437
1795, 0.4965, 33456
1796, 0.4946, 33475
1797, 0.4939, 33494
1798, 0.5033, 33513
1799, 0.5057, 33531
1800, 0.4982, 33550
1801, 0.4954, 33570
1802, 0.4937, 33589
1803, 0.5012, 33607
1804, 0.5055, 33626
1805, 0.4999, 33645
1806, 0.4964, 33664
1807, 0.4928, 33683
1808, 0.502, 33702
1809, 0.505, 33721
1810, 0.5026, 33740
1811, 0.4979, 33759
1812, 0.4919, 33778
1813, 0.5007, 33797
1814, 0.5037, 33816
1815, 0.5043, 33835
1816, 0.499, 33854
1817, 0.4923, 33872
1818, 0.498, 33891
1819, 0.5019, 33910
1820, 0.5033, 33929
1821, 0.5022, 33948
1822, 0.4931, 33967
1823, 0.4967, 33986
1824, 0.5004, 34005
1825, 0.5024, 34024
1826, 0.5039, 34043
1827, 0.495, 34062
1828, 0.4966, 34081
1829, 0.4976, 34100
1830, 0.5028, 34120
1831, 0.5059, 34139
1832, 0.4965, 34158
1833, 0.4942, 34177
1834, 0.4964, 34196
1835, 0.5026, 34215
1836, 0.5067, 34234
1837, 0.4972, 34253
1838, 0.4937, 34271
1839, 0.4945, 34290
1840, 0.5046, 34309
1841, 0.5077, 34328
1842, 0.4982, 34347
1843, 0.4926, 34366
1844, 0.4934, 34385
1845, 0.5052, 34403
1846, 0.5103, 34423
1847, 0.4975, 34441
1848, 0.4921, 34460
1849, 0.4943, 34479
1850, 0.5098, 34498
1851, 0.5099, 34517
1852, 0.4962, 34536
1853, 0.4931, 34555
1854, 0.4966, 34574
1855, 0.5107, 34593
1856, 0.5077, 34612
1857, 0.4961, 34631
1858, 0.4953, 34650
1859, 0.4987, 34669
1860, 0.5099, 34688
1861, 0.5045, 34707
1862, 0.4957, 34726
1863, 0.4993, 34745
1864, 0.5018, 34764
1865, 0.5079, 34783
1866, 0.5035, 34802
1867, 0.4969, 34820
1868, 0.5012, 34839
1869, 0.5038, 34858
1870, 0.5081, 34877
1871, 0.5036, 34895
1872, 0.4979, 34914
1873, 0.5026, 34933
1874, 0.5045, 34953
1875, 0.5079, 34972
1876, 0.504, 34991
1877, 0.4989, 35011
1878, 0.5046, 35030
1879, 0.5049, 35048
1880, 0.5086, 35067
1881, 0.5062, 35086
1882, 0.5005, 35105
1883, 0.5043, 35124
1884, 0.5038, 35143
1885, 0.5083, 35162
1886, 0.508, 35181
1887, 0.502, 35200
1888, 0.5038, 35219
1889, 0.5028, 35237
1890, 0.507, 35256
1891, 0.5107, 35275
1892, 0.5037, 35294
1893, 0.504, 35313
1894, 0.5019, 35332
1895, 0.5069, 35351
1896, 0.5106, 35370
1897, 0.5069, 35389
1898, 0.5055, 35408
1899, 0.501, 35427
1900, 0.5058, 35446
1901, 0.5117, 35464
1902, 0.5084, 35483
1903, 0.5068, 35502
1904, 0.4983, 35521
1905, 0.505, 35540
1906, 0.5107, 35559
1907, 0.5126, 35578
1908, 0.5087, 35596
1909, 0.497, 35615
1910, 0.5047, 35634
1911, 0.5105, 35653
1912, 0.5152, 35672
1913, 0.5112, 35691
1914, 0.497, 35710
1915, 0.5037, 35728
1916, 0.5072, 35747
1917, 0.5177, 35766
1918, 0.5109, 35785
1919, 0.499, 35804
1920, 0.5028, 35824
1921, 0.5045, 35843
1922, 0.5168, 35862
1923, 0.5131, 35881
1924, 0.502, 35900
1925, 0.5051, 35918
1926, 0.5027, 35937
1927, 0.5126, 35956
1928, 0.5116, 35975
1929, 0.5045, 35994
1930, 0.507, 36012
1931, 0.5024, 36032
1932, 0.5098, 36050
1933, 0.5096, 36069
1934, 0.5047, 36088
1935, 0.5082, 36107
1936, 0.5023, 36127
1937, 0.5064, 36146
1938, 0.5088, 36165
1939, 0.5073, 36184
1940, 0.5113, 36202
1941, 0.5032, 36221
1942, 0.5021, 36240
1943, 0.5074, 36259
1944, 0.5077, 36278
1945, 0.514, 36297
1946, 0.5041, 36316
1947, 0.4991, 36335
1948, 0.5059, 36354
1949, 0.5086, 36372
1950, 0.5162, 36391
1951, 0.5049, 36410
1952, 0.4977, 36430
1953, 0.504, 36448
1954, 0.5124, 36467
1955, 0.5187, 36487
1956, 0.5038, 36505
1957, 0.4946, 36525
1958, 0.5023, 36544
1959, 0.5145, 36562
1960, 0.5175, 36582
1961, 0.5036, 36602
1962, 0.4948, 36620
1963, 0.5036, 36640
1964, 0.5188, 36659
1965, 0.5149, 36678
1966, 0.5011, 36697
1967, 0.4968, 36716
1968, 0.5071, 36735
1969, 0.5196, 36754
1970, 0.5125, 36773
1971, 0.5014, 36792
1972, 0.5, 36811
1973, 0.5086, 36830
1974, 0.5188, 36849
1975, 0.509, 36868
1976, 0.5024, 36886
1977, 0.5042, 36906
1978, 0.5101, 36925
1979, 0.5142, 36944
1980, 0.5091, 36963
1981, 0.5034, 36982
1982, 0.5084, 37001
1983, 0.5089, 37020
1984, 0.5133, 37040
1985, 0.5085, 37058
1986, 0.5077, 37077
1987, 0.5121, 37096
1988, 0.5082, 37115
1989, 0.5118, 37134
1990, 0.51, 37153
1991, 0.5123, 37171
1992, 0.5132, 37190
1993, 0.5077, 37209
1994, 0.5125, 37228
1995, 0.5131, 37246
1996, 0.5133, 37265
1997, 0.5132, 37284
1998, 0.5048, 37304
1999, 0.5119, 37323
2000, 0.5144, 37342
2001, 0.5166, 37361
2002, 0.5145, 37380
2003, 0.5048, 37398
2004, 0.5137, 37418
2005, 0.5165, 37437
2006, 0.5191, 37456
2007, 0.5163, 37474
2008, 0.5059, 37493
2009, 0.5132, 37512
2010, 0.5157, 37531
2011, 0.5198, 37549
2012, 0.5162, 37569
2013, 0.5081, 37587
2014, 0.5123, 37606
2015, 0.5145, 37625
2016, 0.5187, 37644
2017, 0.5175, 37663
2018, 0.511, 37681
2019, 0.5121, 37700
2020, 0.51, 37719
2021, 0.5157, 37738
2022, 0.5143, 37757
2023, 0.5159, 37776
2024, 0.5115, 37795
2025, 0.507, 37814
2026, 0.513, 37833
2027, 0.5148, 37852
2028, 0.5181, 37871
2029, 0.5152, 37890
2030, 0.5066, 37909
2031, 0.508, 37928
2032, 0.515, 37946
2033, 0.5208, 37965
2034, 0.5167, 37984
2035, 0.5072, 38003
2036, 0.5049, 38022
2037, 0.5136, 38041
2038, 0.5233, 38059
2039, 0.5192, 38078
2040, 0.508, 38097
2041, 0.5039, 38116
2042, 0.5102, 38135
2043, 0.5239, 38153
2044, 0.5195, 38172
2045, 0.5076, 38192
2046, 0.5026, 38211
2047, 0.5083, 38229
2048, 0.5249, 38248
2049, 0.5218, 38267
2050, 0.5089, 38286
2051, 0.5024, 38305
2052, 0.5089, 38324
2053, 0.5226, 38343
2054, 0.5209, 38362
2055, 0.5104, 38381
2056, 0.5058, 38399
2057, 0.5094, 38418
2058, 0.5229, 38437
2059, 0.5184, 38455
2060, 0.5113, 38474
2061, 0.5087, 38493
2062, 0.5116, 38512
2063, 0.5206, 38531
2064, 0.5193, 38550
2065, 0.5128, 38569
2066, 0.5111, 38588
2067, 0.5114, 38607
2068, 0.5191, 38626
2069, 0.5182, 38645
2070, 0.5149, 38664
2071, 0.5137, 38683
2072, 0.5102, 38702
2073, 0.5186, 38720
2074, 0.52, 38739
2075, 0.516, 38758
2076, 0.5124, 38777
2077, 0.5092, 38797
2078, 0.5186, 38816
2079, 0.5223, 38836
2080, 0.5187, 38855
2081, 0.5121, 38874
2082, 0.5091, 38893
2083, 0.5204, 38912
2084, 0.5229, 38931
2085, 0.5211, 38951
2086, 0.5146, 38970
2087, 0.51, 38989
2088, 0.5228, 39008
2089, 0.5258, 39027
2090, 0.5215, 39047
2091, 0.5149, 39065
2092, 0.5112, 39085
2093, 0.5223, 39104
2094, 0.5274, 39122
2095, 0.5199, 39141
2096, 0.5152, 39160
2097, 0.5131, 39179
2098, 0.524, 39198
2099, 0.525, 39218
2100, 0.5185, 39237
2101, 0.5138, 39255
2102, 0.5138, 39274
2103, 0.5246, 39293
2104, 0.5224, 39312
2105, 0.5196, 39331
2106, 0.5157, 39350
2107, 0.5146, 39369
2108, 0.523, 39388
2109, 0.5219, 39408
2110, 0.5201, 39427
2111, 0.5174, 39446
2112, 0.5129, 39464
2113, 0.5192, 39484
2114, 0.5209, 39503
2115, 0.5205, 39522
2116, 0.5207, 39541
2117, 0.5145, 39560
2118, 0.5173, 39579
2119, 0.5196, 39598
2120, 0.5221, 39617
2121, 0.5242, 39636
2122, 0.5159, 39655
2123, 0.5136, 39674
2124, 0.5188, 39693
2125, 0.5245, 39712
2126, 0.5278, 39731
2127, 0.5156, 39750
2128, 0.5123, 39769
2129, 0.5144, 39788
2130, 0.5245, 39807
2131, 0.529, 39826
2132, 0.5179, 39845
2133, 0.5113, 39864
2134, 0.5115, 39883
2135, 0.5241, 39902
2136, 0.5286, 39921
2137, 0.5188, 39939
2138, 0.5122, 39958
2139, 0.5093, 39977
2140, 0.5218, 39996
2141, 0.5273, 40015
2142, 0.5209, 40034
2143, 0.512, 40053
2144, 0.509, 40071
2145, 0.5239, 40090
2146, 0.5274, 40109
2147, 0.5217, 40128
2148, 0.5132, 40147
2149, 0.5106, 40166
2150, 0.5225, 40185
2151, 0.5243, 40204
2152, 0.5235, 40223
2153, 0.5149, 40242
2154, 0.5123, 40261
2155, 0.5208, 40280
2156, 0.523, 40299
2157, 0.5247, 40317
2158, 0.5189, 40336
2159, 0.515, 40355
2160, 0.5192, 40374
2161, 0.5198, 40392
2162, 0.5253, 40411
2163, 0.5215, 40430
2164, 0.5166, 40449
2165, 0.52, 40468
2166, 0.5195, 40487
2167, 0.5256, 40506
2168, 0.5251, 40525
2169, 0.5165, 40544
2170, 0.5191, 40563
2171, 0.5212, 40582
2172, 0.5288, 40601
2173, 0.5271, 40620
2174, 0.5164, 40639
2175, 0.5185, 40659
2176, 0.52, 40677
2177, 0.5319, 40696
2178, 0.5291, 40716
2179, 0.5162, 40735
2180, 0.5178, 40754
2181, 0.5244, 40772
2182, 0.531, 40791
2183, 0.5304, 40810
2184, 0.5177, 40829
2185, 0.5177, 40848
2186, 0.5236, 40867
2187, 0.531, 40886
2188, 0.53, 40905
2189, 0.5194, 40924
2190, 0.5192, 40943
2191, 0.5238, 40962
2192, 0.525, 40981
2193, 0.5294, 41000
2194, 0.5231, 41019
2195, 0.522, 41038
2196, 0.5208, 41057
2197, 0.5222, 41075
2198, 0.5305, 41095
2199, 0.5251, 41113
2200, 0.5231, 41132
2201, 0.5201, 41151
2202, 0.522, 41171
2203, 0.5276, 41190
2204, 0.5281, 41209
2205, 0.5261, 41228
2206, 0.5161, 41246
2207, 0.5173, 41265
2208, 0.5271, 41284
2209, 0.5321, 41303
2210, 0.5267, 41322
2211, 0.5165, 41342
2212, 0.5171, 41361
2213, 0.5263, 41380
2214, 0.5339, 41399
2215, 0.528, 41418
2216, 0.5197, 41438
2217, 0.5172, 41457
2218, 0.5242, 41476
2219, 0.5329, 41495
2220, 0.528, 41514
2221, 0.5214, 41533
2222, 0.5192, 41552
2223, 0.5187, 41571
2224, 0.5321, 41591
2225, 0.5268, 41610
2226, 0.5254, 41629
2227, 0.5213, 41648
2228, 0.5178, 41667
2229, 0.5277, 41686
2230, 0.5279, 41705
2231, 0.5288, 41724
2232, 0.5231, 41744
2233, 0.5157, 41762
2234, 0.5233, 41781
2235, 0.5268, 41800
2236, 0.5282, 41819
2237, 0.5239, 41839
2238, 0.5147, 41858
2239, 0.5226, 41877
2240, 0.5278, 41896
2241, 0.5292, 41915
2242, 0.5239, 41934
2243, 0.5143, 41953
2244, 0.5235, 41972
2245, 0.5301, 41991
2246, 0.5288, 42010
2247, 0.5238, 42030
2248, 0.5183, 42049
2249, 0.5267, 42068
2250, 0.5333, 42087
2251, 0.528, 42106
2252, 0.5252, 42125
2253, 0.5186, 42144
2254, 0.5283, 42163
2255, 0.5301, 42182
2256, 0.5281, 42201
2257, 0.5275, 42221
2258, 0.5207, 42240
2259, 0.5261, 42259
2260, 0.5282, 42278
2261, 0.5297, 42297
2262, 0.529, 42316
2263, 0.5223, 42335
2264, 0.5244, 42354
2265, 0.5271, 42373
2266, 0.5312, 42392
2267, 0.531, 42411
2268, 0.5223, 42430
2269, 0.522, 42449
2270, 0.5299, 42468
2271, 0.5341, 42487
2272, 0.529, 42506
2273, 0.5215, 42525
2274, 0.5224, 42544
2275, 0.5323, 42563
2276, 0.5355, 42582
2277, 0.5301, 42601
2278, 0.5216, 42620
2279, 0.5242, 42639
2280, 0.5313, 42658
2281, 0.5338, 42677
2282, 0.5296, 42696
2283, 0.5229, 42715
2284, 0.5275, 42734
2285, 0.5302, 42753
2286, 0.5344, 42772
2287, 0.5277, 42791
2288, 0.526, 42810
2289, 0.5272, 42829
2290, 0.5279, 42848
2291, 0.532, 42867
2292, 0.5292, 42887
2293, 0.527, 42906
2294, 0.5289, 42924
2295, 0.525, 42943
2296, 0.5307, 42962
2297, 0.5319, 42981
2298, 0.5286, 43000
2299, 0.5292, 43019
2300, 0.5232, 43038
2301, 0.5301, 43057
2302, 0.5328, 43076
2303, 0.5297, 43095
2304, 0.5282, 43113
2305, 0.5225, 43132
2306, 0.5293, 43152
2307, 0.5341, 43171
2308, 0.5295, 43189
2309, 0.5281, 43208
2310, 0.5204, 43227
2311, 0.5283, 43246
2312, 0.5365, 43265
2313, 0.5307, 43284
2314, 0.5287, 43303
2315, 0.5218, 43322
2316, 0.5278, 43341
2317, 0.5327, 43360
2318, 0.532, 43379
2319, 0.5306, 43398
2320, 0.524, 43417
2321, 0.5253, 43436
2322, 0.5291, 43455
2323, 0.5317, 43474
2324, 0.5354, 43493
2325, 0.5279, 43512
2326, 0.5256, 43530
2327, 0.5248, 43550
2328, 0.5301, 43568
2329, 0.5375, 43587
2330, 0.5317, 43609
2331, 0.5239, 43627
2332, 0.5205, 43647
2333, 0.5316, 43665
2334, 0.5375, 43684
2335, 0.5344, 43703
2336, 0.5226, 43722
2337, 0.5192, 43741
2338, 0.5337, 43760
2339, 0.536, 43779
2340, 0.5353, 43798
2341, 0.5262, 43816
2342, 0.5225, 43835
2343, 0.5318, 43854
2344, 0.5316, 43872
2345, 0.5353, 43892
2346, 0.5272, 43912
2347, 0.526, 43931
2348, 0.53, 43950
2349, 0.5267, 43969
2350, 0.535, 43987
2351, 0.5319, 44006
2352, 0.5314, 44025
2353, 0.5291, 44044
2354, 0.5244, 44063
2355, 0.5352, 44082
2356, 0.5357, 44101
2357, 0.5333, 44120
2358, 0.5286, 44139
2359, 0.5242, 44158
2360, 0.5339, 44177
2361, 0.537, 44196
2362, 0.5323, 44215
2363, 0.5297, 44234
2364, 0.524, 44254
2365, 0.5301, 44272
2366, 0.5368, 44291
2367, 0.5335, 44310
2368, 0.5314, 44329
2369, 0.5239, 44348
2370, 0.5322, 44367
2371, 0.5337, 44386
2372, 0.5341, 44405
2373, 0.536, 44424
2374, 0.5278, 44443
2375, 0.5312, 44462
2376, 0.5309, 44481
2377, 0.5364, 44500
2378, 0.5378, 44519
2379, 0.5308, 44538
2380, 0.5251, 44557
2381, 0.5301, 44576
2382, 0.5378, 44595
2383, 0.5374, 44614
2384, 0.5318, 44633
2385, 0.5236, 44652
2386, 0.5316, 44671
2387, 0.5416, 44690
2388, 0.5367, 44709
2389, 0.5299, 44728
2390, 0.5263, 44747
2391, 0.5319, 44766
2392, 0.5404, 44785
2393, 0.5371, 44804
2394, 0.5304, 44824
2395, 0.5335, 44843
2396, 0.5327, 44862
2397, 0.5372, 44881
2398, 0.5332, 44900
2399, 0.5329, 44919
2400, 0.536, 44938
2401, 0.5313, 44957
2402, 0.533, 44976
2403, 0.5298, 44995
2404, 0.5349, 45014
2405, 0.5351, 45033
2406, 0.5309, 45052
2407, 0.5309, 45071
2408, 0.5296, 45090
2409, 0.5348, 45109
2410, 0.5365, 45128
2411, 0.5311, 45147
2412, 0.53, 45166
2413, 0.5289, 45184
2414, 0.5332, 45204
2415, 0.5405, 45223
2416, 0.5319, 45241
2417, 0.5282, 45260
2418, 0.527, 45279
2419, 0.5316, 45299
2420, 0.5407, 45319
2421, 0.5349, 45338
2422, 0.5311, 45356
2423, 0.5248, 45376
2424, 0.5306, 45395
2425, 0.5403, 45414
2426, 0.539, 45434
2427, 0.5339, 45453
2428, 0.5254, 45472
2429, 0.5287, 45491
2430, 0.5361, 45510
2431, 0.5396, 45529
2432, 0.5351, 45548
2433, 0.5294, 45567
2434, 0.5311, 45586
2435, 0.5342, 45605
2436, 0.5385, 45624
2437, 0.5321, 45643
2438, 0.5341, 45662
2439, 0.5374, 45681
2440, 0.537, 45700
2441, 0.5327, 45719
2442, 0.5272, 45738
2443, 0.5373, 45757
2444, 0.541, 45776
2445, 0.5383, 45794
2446, 0.5323, 45814
2447, 0.525, 45833
2448, 0.5324, 45852
2449, 0.5406, 45871
2450, 0.5423, 45889
2451, 0.5379, 45909
2452, 0.5287, 45928
2453, 0.5334, 45946
2454, 0.5354, 45965
2455, 0.5357, 45984
2456, 0.5382, 46003
2457, 0.5319, 46022
2458, 0.5339, 46041
2459, 0.5265, 46060
2460, 0.533, 46079
2461, 0.536, 46098
2462, 0.5375, 46117
2463, 0.5369, 46136
2464, 0.5246, 46155
2465, 0.5291, 46174
2466, 0.532, 46193
2467, 0.5381, 46212
2468, 0.5369, 46231
2469, 0.5285, 46250
2470, 0.5268, 46269
2471, 0.5305, 46288
2472, 0.5404, 46307
2473, 0.5381, 46327
2474, 0.5308, 46346
2475, 0.5217, 46364
2476, 0.5257, 46383
2477, 0.5418, 46402
2478, 0.5425, 46421
2479, 0.5296, 46440
2480, 0.5202, 46459
2481, 0.527, 46477
2482, 0.5443, 46496
2483, 0.5414, 46515
2484, 0.5247, 46534
2485, 0.5221, 46553
2486, 0.5321, 46572
2487, 0.5471, 46591
2488, 0.5357, 46611
2489, 0.5228, 46630
2490, 0.5274, 46649
2491, 0.5388, 46668
2492, 0.5438, 46687
2493, 0.534, 46706
2494, 0.5285, 46725
2495, 0.535, 46744
2496, 0.5386, 46763
2497, 0.5376, 46783
2498, 0.5354, 46802
2499, 0.5388, 46821
2500, 0.5404, 46839
2501, 0.5356, 46858
2502, 0.5361, 46877
2503, 0.5381, 46896
2504, 0.5415, 46915
2505, 0.5415, 46934
2506, 0.5349, 46953
2507, 0.5366, 46972
2508, 0.5423, 46991
2509, 0.544, 47010
2510, 0.5448, 47029
2511, 0.5337, 47048
2512, 0.5342, 47066
2513, 0.5362, 47086
2514, 0.5452, 47104
2515, 0.545, 47123
2516, 0.5371, 47142
2517, 0.535, 47161
2518, 0.5335, 47180
2519, 0.5416, 47200
2520, 0.5417, 47219
2521, 0.5405, 47238
2522, 0.5354, 47257
2523, 0.5347, 47276
2524, 0.5376, 47295
2525, 0.5394, 47314
2526, 0.5405, 47333
2527, 0.5375, 47352
2528, 0.5352, 47371
2529, 0.5336, 47390
2530, 0.5354, 47409
2531, 0.54, 47428
2532, 0.5414, 47447
2533, 0.536, 47466
2534, 0.5322, 47485
2535, 0.5347, 47504
2536, 0.5403, 47524
2537, 0.5425, 47542
2538, 0.538, 47561
2539, 0.5301, 47580
2540, 0.5296, 47599
2541, 0.5408, 47618
2542, 0.5474, 47637
2543, 0.5397, 47656
2544, 0.5294, 47675
2545, 0.5264, 47693
2546, 0.5427, 47712
2547, 0.5492, 47731
2548, 0.5385, 47750
2549, 0.5284, 47769
2550, 0.527, 47788
2551, 0.5456, 47807
2552, 0.5463, 47826
2553, 0.5368, 47845
2554, 0.5298, 47864
2555, 0.5293, 47884
2556, 0.5455, 47903
2557, 0.5436, 47921
2558, 0.5383, 47940
2559, 0.5348, 47959
2560, 0.5347, 47978
2561, 0.5419, 47997
2562, 0.5399, 48016
2563, 0.5393, 48036
2564, 0.5393, 48055
2565, 0.5385, 48074
2566, 0.5404, 48092
2567, 0.5383, 48111
2568, 0.5421, 48130
2569, 0.5434, 48149
2570, 0.5393, 48168
2571, 0.5374, 48188
2572, 0.5377, 48207
2573, 0.5424, 48226
2574, 0.5471, 48245
2575, 0.542, 48264
2576, 0.5361, 48284
2577, 0.537, 48302
2578, 0.5442, 48321
2579, 0.5478, 48340
2580, 0.5449, 48359
2581, 0.5376, 48378
2582, 0.5353, 48397
2583, 0.5441, 48416
2584, 0.547, 48435
2585, 0.5456, 48455
2586, 0.541, 48474
2587, 0.5329, 48492
2588, 0.5413, 48511
2589, 0.5459, 48530
2590, 0.5457, 48549
2591, 0.5407, 48568
2592, 0.5321, 48588
2593, 0.5418, 48607
2594, 0.5445, 48626
2595, 0.5461, 48645
2596, 0.5393, 48664
2597, 0.5341, 48683
2598, 0.5433, 48702
2599, 0.5427, 48721
2600, 0.5453, 48740
2601, 0.5404, 48759
2602, 0.5385, 48778
2603, 0.5432, 48797
2604, 0.542, 48816
2605, 0.5411, 48835
2606, 0.541, 48854
2607, 0.5421, 48874
2608, 0.544, 48893
2609, 0.5374, 48912
2610, 0.5349, 48931
2611, 0.5439, 48951
2612, 0.5459, 48970
2613, 0.5433, 48989
2614, 0.5344, 49008
2615, 0.5331, 49028
2616, 0.544, 49047
2617, 0.5503, 49065
2618, 0.5409, 49085
2619, 0.5318, 49103
2620, 0.5326, 49122
2621, 0.5456, 49141
2622, 0.5485, 49160
2623, 0.5428, 49179
2624, 0.5303, 49198
2625, 0.5348, 49217
2626, 0.5456, 49236
2627, 0.5483, 49256
2628, 0.5421, 49275
2629, 0.5327, 49294
2630, 0.5363, 49313
2631, 0.5421, 49332
2632, 0.55, 49351
2633, 0.5436, 49370
2634, 0.5408, 49390
2635, 0.542, 49408
2636, 0.5405, 49428
2637, 0.545, 49447
2638, 0.5449, 49466
2639, 0.5461, 49485
2640, 0.5463, 49504
2641, 0.5424, 49523
2642, 0.543, 49543
2643, 0.5411, 49562
2644, 0.5456, 49581
2645, 0.5485, 49600
2646, 0.5478, 49620
2647, 0.545, 49639
2648, 0.5402, 49658
2649, 0.5422, 49678
2650, 0.5443, 49696
2651, 0.5509, 49716
2652, 0.5488, 49735
2653, 0.5405, 49754
2654, 0.5373, 49773
2655, 0.5387, 49792
2656, 0.5475, 49811
2657, 0.5471, 49830
2658, 0.5407, 49850
2659, 0.5375, 49869
2660, 0.538, 49888
2661, 0.5461, 49908
2662, 0.5441, 49927
2663, 0.5422, 49946
2664, 0.5404, 49965
2665, 0.5395, 49985
2666, 0.5411, 50004
2667, 0.5418, 50023
2668, 0.5437, 50042
2669, 0.5449, 50061
2670, 0.5386, 50081
2671, 0.5359, 50099
2672, 0.5373, 50118
2673, 0.5461, 50137
2674, 0.551, 50156
2675, 0.5394, 50175
2676, 0.5327, 50194
2677, 0.5364, 50214
2678, 0.5499, 50233
2679, 0.5527, 50251
2680, 0.5383, 50271
2681, 0.5317, 50290
2682, 0.537, 50308
2683, 0.549, 50327
2684, 0.5497, 50346
2685, 0.539, 50365
2686, 0.534, 50384
2687, 0.5372, 50403
2688, 0.5473, 50423
2689, 0.548, 50442
2690, 0.5404, 50461
2691, 0.5365, 50480
2692, 0.5347, 50499
2693, 0.5465, 50518
2694, 0.5486, 50537
2695, 0.5427, 50556
2696, 0.5354, 50575
2697, 0.5356, 50594
2698, 0.5466, 50613
2699, 0.5505, 50632
2700, 0.5456, 50651
2701, 0.5375, 50670
2702, 0.5381, 50689
2703, 0.5481, 50708
2704, 0.5482, 50727
2705, 0.5424, 50746
2706, 0.5403, 50765
2707, 0.5425, 50784
2708, 0.5509, 50803
2709, 0.5478, 50822
2710, 0.5413, 50841
2711, 0.5447, 50860
2712, 0.5496, 50880
2713, 0.5494, 50899
2714, 0.5432, 50919
2715, 0.541, 50938
2716, 0.5491, 50957
2717, 0.5514, 50976
2718, 0.5497, 50995
2719, 0.5411, 51014
2720, 0.5419, 51033
2721, 0.5537, 51053
2722, 0.5544, 51072
2723, 0.5503, 51091
2724, 0.5422, 51110
2725, 0.5408, 51129
2726, 0.5512, 51149
2727, 0.5541, 51168
2728, 0.5471, 51188
2729, 0.5415, 51207
2730, 0.5418, 51226
2731, 0.5458, 51245
2732, 0.5484, 51265
2733, 0.5455, 51284
2734, 0.5468, 51303
2735, 0.5449, 51322
2736, 0.5464, 51341
2737, 0.5417, 51360
2738, 0.5438, 51379
2739, 0.5451, 51398
2740, 0.5479, 51417
2741, 0.5478, 51436
2742, 0.5397, 51456
2743, 0.5383, 51475
2744, 0.5428, 51494
2745, 0.5515, 51513
2746, 0.5508, 51532
2747, 0.5397, 51551
2748, 0.5337, 51570
2749, 0.5398, 51589
2750, 0.5511, 51608
2751, 0.5539, 51627
2752, 0.5424, 51646
2753, 0.5313, 51665
2754, 0.5378, 51684
2755, 0.5516, 51703
2756, 0.5536, 51722
2757, 0.5415, 51742
2758, 0.53, 51760
2759, 0.5416, 51779
2760, 0.552, 51798
2761, 0.5517, 51817
2762, 0.5393, 51836
2763, 0.5324, 51856
2764, 0.5463, 51875
2765, 0.5567, 51894
2766, 0.5496, 51913
2767, 0.5402, 51932
2768, 0.5386, 51951
2769, 0.5516, 51970
2770, 0.553, 51989
2771, 0.5461, 52008
2772, 0.5445, 52028
2773, 0.5475, 52047
2774, 0.5519, 52066
2775, 0.5457, 52085
2776, 0.5448, 52105
2777, 0.5486, 52124
2778, 0.551, 52143
2779, 0.5515, 52162
2780, 0.5429, 52181
2781, 0.5463, 52200
2782, 0.5504, 52219
2783, 0.5548, 52239
2784, 0.5517, 52257
2785, 0.544, 52276
2786, 0.5441, 52296
2787, 0.5467, 52315
2788, 0.5527, 52334
2789, 0.5539, 52353
2790, 0.549, 52372
2791, 0.5458, 52391
2792, 0.5424, 52410
2793, 0.5506, 52429
2794, 0.5554, 52449
2795, 0.5518, 52467
2796, 0.5445, 52487
2797, 0.5401, 52506
2798, 0.5497, 52525
2799, 0.5523, 52544
2800, 0.5493, 52564
2801, 0.5467, 52583
2802, 0.5442, 52602
2803, 0.5489, 52621
2804, 0.5475, 52640
2805, 0.5462, 52659
2806, 0.5453, 52679
2807, 0.5505, 52698
2808, 0.5493, 52716
2809, 0.5418, 52736
2810, 0.5409, 52754
2811, 0.5477, 52773
2812, 0.5544, 52792
2813, 0.5495, 52811
2814, 0.5367, 52830
2815, 0.5353, 52849
2816, 0.5504, 52869
2817, 0.5566, 52888
2818, 0.5468, 52907
2819, 0.5354, 52926
2820, 0.5377, 52946
2821, 0.5532, 52965
2822, 0.5571, 52984
2823, 0.5438, 53003
2824, 0.5357, 53023
2825, 0.5426, 53042
2826, 0.5553, 53061
2827, 0.5547, 53080
2828, 0.5432, 53099
2829, 0.5382, 53118
2830, 0.5469, 53137
2831, 0.5528, 53156
2832, 0.5518, 53175
2833, 0.5454, 53195
2834, 0.5438, 53214
2835, 0.5484, 53233
2836, 0.5503, 53252
2837, 0.5484, 53271
2838, 0.5471, 53290
2839, 0.5451, 53309
2840, 0.5486, 53329
2841, 0.5497, 53348
2842, 0.55, 53367
2843, 0.5522, 53387
2844, 0.5478, 53405
2845, 0.5487, 53424
2846, 0.5498, 53443
2847, 0.5517, 53463
2848, 0.5509, 53482
2849, 0.5495, 53501
2850, 0.5539, 53520
2851, 0.551, 53539
2852, 0.5475, 53558
2853, 0.5503, 53577
2854, 0.5532, 53596
2855, 0.5582, 53615
2856, 0.5514, 53634
2857, 0.5453, 53653
2858, 0.5497, 53672
2859, 0.5578, 53691
2860, 0.5586, 53711
2861, 0.5504, 53729
2862, 0.5429, 53749
2863, 0.5495, 53768
2864, 0.5561, 53787
2865, 0.5588, 53806
2866, 0.5513, 53825
2867, 0.5461, 53844
2868, 0.55, 53863
2869, 0.5549, 53882
2870, 0.5531, 53902
2871, 0.5522, 53921
2872, 0.5505, 53941
2873, 0.5495, 53959
2874, 0.5494, 53978
2875, 0.5462, 53997
2876, 0.5492, 54016
2877, 0.5518, 54035
2878, 0.5517, 54054
2879, 0.5496, 54074
2880, 0.5448, 54093
2881, 0.5473, 54111
2882, 0.551, 54130
2883, 0.551, 54150
2884, 0.5503, 54169
2885, 0.5463, 54188
2886, 0.5404, 54207
2887, 0.5447, 54226
2888, 0.5508, 54245
2889, 0.5576, 54264
2890, 0.549, 54283
2891, 0.5363, 54303
2892, 0.5402, 54321
2893, 0.5537, 54340
2894, 0.5607, 54359
2895, 0.546, 54378
2896, 0.5337, 54397
2897, 0.5434, 54417
2898, 0.5607, 54436
2899, 0.5548, 54455
2900, 0.5379, 54474
2901, 0.5359, 54493
2902, 0.5541, 54512
2903, 0.5587, 54532
2904, 0.5485, 54551
2905, 0.5387, 54570
2906, 0.5448, 54589
2907, 0.5565, 54608
2908, 0.5525, 54627
2909, 0.5451, 54646
2910, 0.5459, 54665
2911, 0.5531, 54684
2912, 0.5515, 54704
2913, 0.549, 54723
2914, 0.5499, 54742
2915, 0.5495, 54761
2916, 0.5537, 54780
2917, 0.5513, 54800
2918, 0.5503, 54819
2919, 0.5503, 54838
2920, 0.5513, 54858
2921, 0.5552, 54877
2922, 0.5534, 54895
2923, 0.5508, 54914
2924, 0.5492, 54933
2925, 0.5549, 54952
2926, 0.5592, 54971
2927, 0.5564, 54990
2928, 0.5474, 55008
2929, 0.5479, 55027
2930, 0.557, 55046
2931, 0.5603, 55065
2932, 0.5585, 55085
2933, 0.5468, 55104
2934, 0.5459, 55123
2935, 0.5565, 55142
2936, 0.563, 55161
2937, 0.5572, 55180
2938, 0.5476, 55199
2939, 0.5492, 55218
2940, 0.5571, 55238
2941, 0.5559, 55257
2942, 0.5496, 55276
2943, 0.5505, 55295
2944, 0.5547, 55314
2945, 0.5585, 55333
2946, 0.552, 55352
2947, 0.5475, 55371
2948, 0.5445, 55390
2949, 0.554, 55410
2950, 0.5584, 55429
2951, 0.5557, 55448
2952, 0.5484, 55467
2953, 0.541, 55486
2954, 0.5478, 55505
2955, 0.5598, 55524
2956, 0.5583, 55543
2957, 0.5495, 55562
2958, 0.5416, 55581
2959, 0.5445, 55601
2960, 0.5561, 55620
2961, 0.5593, 55638
2962, 0.5516, 55657
2963, 0.5456, 55676
2964, 0.5478, 55695
2965, 0.5554, 55714
2966, 0.556, 55733
2967, 0.5496, 55753
2968, 0.5493, 55771
2969, 0.5534, 55790
2970, 0.5546, 55809
2971, 0.5506, 55828
2972, 0.5472, 55847
2973, 0.5561, 55866
2974, 0.5591, 55885
2975, 0.5526, 55904
2976, 0.5462, 55924
2977, 0.5477, 55943
2978, 0.5564, 55962
2979, 0.5635, 55981
2980, 0.5526, 56000
2981, 0.5466, 56020
2982, 0.5472, 56039
2983, 0.5559, 56058
2984, 0.5613, 56077
2985, 0.5534, 56096
2986, 0.5496, 56115
2987, 0.547, 56134
2988, 0.5496, 56153
2989, 0.5566, 56172
2990, 0.5534, 56191
2991, 0.553, 56210
2992, 0.5505, 56229
2993, 0.5476, 56249
2994, 0.5505, 56268
2995, 0.553, 56287
2996, 0.5535, 56306
2997, 0.5561, 56326
2998, 0.55, 56345
2999, 0.5474, 56363
3000, 0.5477, 56382
3001, 0.5547, 56401
3002, 0.5615, 56421
3003, 0.5516, 56440
3004, 0.5434, 56459
3005, 0.5448, 56478
3006, 0.5568, 56497
3007, 0.5633, 56516
3008, 0.5512, 56536
3009, 0.5439, 56555
3010, 0.5466, 56574
3011, 0.5604, 56593
3012, 0.5627, 56613
3013, 0.5494, 56632
3014, 0.5458, 56651
3015, 0.5527, 56670
3016, 0.5611, 56689
3017, 0.5587, 56709
3018, 0.5516, 56728
3019, 0.5504, 56747
3020, 0.5537, 56766
3021, 0.5586, 56785
3022, 0.5577, 56805
3023, 0.5535, 56824
3024, 0.5527, 56843
3025, 0.5521, 56862
3026, 0.5548, 56882
3027, 0.5567, 56901
3028, 0.5577, 56920
3029, 0.5556, 56940
3030, 0.5495, 56959
3031, 0.5544, 56979
3032, 0.5578, 56998
3033, 0.5574, 57017
3034, 0.5566, 57036
3035, 0.55, 57055
3036, 0.5525, 57074
3037, 0.5529, 57093
3038, 0.5578, 57112
3039, 0.5597, 57131
3040, 0.5529, 57149
3041, 0.5521, 57169
3042, 0.5529, 57188
3043, 0.5566, 57207
3044, 0.562, 57227
3045, 0.5541, 57246
3046, 0.5497, 57265
3047, 0.5516, 57284
3048, 0.5595, 57304
3049, 0.5643, 57323
3050, 0.5532, 57342
3051, 0.5472, 57361
3052, 0.5547, 57380
3053, 0.5625, 57399
3054, 0.5636, 57418
3055, 0.5516, 57437
3056, 0.5515, 57457
3057, 0.5582, 57475
3058, 0.566, 57495
3059, 0.5594, 57514
3060, 0.5502, 57533
3061, 0.5557, 57552
3062, 0.5616, 57571
3063, 0.5645, 57590
3064, 0.5586, 57609
3065, 0.5517, 57629
3066, 0.5574, 57647
3067, 0.5627, 57667
3068, 0.563, 57686
3069, 0.5606, 57705
3070, 0.5567, 57725
3071, 0.5567, 57744
3072, 0.5588, 57763
3073, 0.5604, 57782
3074, 0.5612, 57801
3075, 0.5565, 57820
3076, 0.5561, 57840
3077, 0.5568, 57859
3078, 0.5612, 57878
3079, 0.5592, 57897
3080, 0.5561, 57916
3081, 0.5557, 57936
3082, 0.5575, 57954
3083, 0.5637, 57973
3084, 0.5582, 57992
3085, 0.5538, 58011
3086, 0.5576, 58031
3087, 0.5616, 58050
3088, 0.5622, 58070
3089, 0.552, 58089
3090, 0.5542, 58108
3091, 0.5633, 58127
3092, 0.5642, 58146
3093, 0.5574, 58166
3094, 0.5508, 58185
3095, 0.5548, 58204
3096, 0.562, 58223
3097, 0.5657, 58242
3098, 0.558, 58261
3099, 0.5492, 58279
3100, 0.5547, 58299
3101, 0.5605, 58318
3102, 0.5658, 58337
3103, 0.5585, 58356
3104, 0.5511, 58375
3105, 0.5543, 58394
3106, 0.5552, 58413
3107, 0.5654, 58432
3108, 0.5627, 58452
3109, 0.5566, 58470
3110, 0.5527, 58489
3111, 0.5538, 58508
3112, 0.5622, 58527
3113, 0.5645, 58546
3114, 0.5599, 58565
3115, 0.5532, 58584
3116, 0.5531, 58603
3117, 0.5631, 58622
3118, 0.5665, 58641
3119, 0.5615, 58660
3120, 0.5559, 58679
3121, 0.557, 58698
3122, 0.5643, 58717
3123, 0.5634, 58736
3124, 0.5588, 58755
3125, 0.5538, 58774
3126, 0.5581, 58793
3127, 0.5653, 58812
3128, 0.5658, 58831
3129, 0.5596, 58850
3130, 0.5569, 58869
3131, 0.5593, 58888
3132, 0.5592, 58907
3133, 0.5601, 58926
3134, 0.5581, 58945
3135, 0.5595, 58965
3136, 0.5641, 58984
3137, 0.5575, 59003
3138, 0.5521, 59022
3139, 0.554, 59041
3140, 0.5621, 59060
3141, 0.5631, 59079
3142, 0.5582, 59098
3143, 0.5545, 59116
3144, 0.5535, 59135
3145, 0.5574, 59154
3146, 0.5513, 59173
3147, 0.5512, 59192
3148, 0.5621, 59210
3149, 0.5611, 59229
3150, 0.5529, 59248
3151, 0.5444, 59267
3152, 0.5483, 59286
3153, 0.5628, 59305
3154, 0.5656, 59324
3155, 0.5544, 59343
3156, 0.5453, 59362
3157, 0.5455, 59381
3158, 0.559, 59400
3159, 0.5666, 59419
3160, 0.562, 59438
3161, 0.5509, 59456
3162, 0.5456, 59476
3163, 0.5503, 59495
3164, 0.5653, 59514
3165, 0.565, 59533
3166, 0.5535, 59552
3167, 0.5472, 59571
3168, 0.5491, 59590
3169, 0.5598, 59608
3170, 0.5571, 59627
3171, 0.5511, 59646
3172, 0.5547, 59665
3173, 0.555, 59684
3174, 0.5538, 59704
3175, 0.5554, 59723
3176, 0.5541, 59742
3177, 0.5545, 59760
3178, 0.5525, 59779
3179, 0.556, 59798
3180, 0.5595, 59817
3181, 0.556, 59836
3182, 0.5533, 59855
3183, 0.5558, 59874
3184, 0.5612, 59893
3185, 0.5583, 59912
3186, 0.5544, 59932
3187, 0.5565, 59951
3188, 0.5643, 59969
3189, 0.5623, 59988
3190, 0.5554, 60007
3191, 0.5532, 60026
3192, 0.5609, 60045
3193, 0.5701, 60064
3194, 0.5613, 60083
3195, 0.5497, 60102
3196, 0.5564, 60121
3197, 0.565, 60140
3198, 0.5707, 60160
3199, 0.5618, 60178
3200, 0.5519, 60197
3201, 0.5562, 60217
3202, 0.5616, 60236
3203, 0.569, 60255
3204, 0.5627, 60275
3205, 0.5582, 60294
3206, 0.5559, 60312
3207, 0.5572, 60331
3208, 0.5626, 60350
3209, 0.5614, 60369
3210, 0.561, 60389
3211, 0.5588, 60408
3212, 0.5567, 60427
3213, 0.5599, 60446
3214, 0.5587, 60466
3215, 0.5609, 60485
3216, 0.5579, 60504
3217, 0.5583, 60523
3218, 0.562, 60542
3219, 0.5587, 60561
3220, 0.557, 60580
3221, 0.5529, 60599
3222, 0.5623, 60618
3223, 0.5631, 60637
3224, 0.5575, 60656
3225, 0.5517, 60675
3226, 0.551, 60694
3227, 0.5641, 60713
3228, 0.5662, 60732
3229, 0.5527, 60752
3230, 0.5471, 60770
3231, 0.5518, 60789
3232, 0.5652, 60808
3233, 0.5685, 60828
3234, 0.551, 60847
3235, 0.5469, 60866
3236, 0.5512, 60885
3237, 0.5672, 60904
3238, 0.5684, 60923
3239, 0.55, 60942
3240, 0.5494, 60960
3241, 0.5591, 60979
3242, 0.5681, 60999
3243, 0.5655, 61018
3244, 0.5528, 61037
3245, 0.5572, 61056
3246, 0.5657, 61075
3247, 0.5655, 61094
3248, 0.5586, 61113
3249, 0.5538, 61132
3250, 0.5667, 61151
3251, 0.5684, 61170
3252, 0.5614, 61189
3253, 0.5536, 61208
3254, 0.5554, 61227
3255, 0.5679, 61246
3256, 0.5706, 61265
3257, 0.5643, 61284
3258, 0.5525, 61304
3259, 0.5545, 61322
3260, 0.562, 61341
3261, 0.569, 61360
3262, 0.5632, 61379
3263, 0.558, 61399
3264, 0.5582, 61418
3265, 0.5571, 61436
3266, 0.5588, 61455
3267, 0.5591, 61474
3268, 0.5653, 61493
3269, 0.5637, 61512
3270, 0.5546, 61531
3271, 0.5518, 61550
3272, 0.5555, 61568
3273, 0.5641, 61587
3274, 0.5637, 61607
3275, 0.553, 61626
3276, 0.5528, 61645
3277, 0.5574, 61663
3278, 0.5607, 61682
3279, 0.5602, 61702
3280, 0.5564, 61721
3281, 0.5563, 61740
3282, 0.5533, 61759
3283, 0.5552, 61778
3284, 0.562, 61797
3285, 0.5623, 61816
3286, 0.5526, 61835
3287, 0.5489, 61853
3288, 0.5594, 61872
3289, 0.5686, 61891
3290, 0.5562, 61910
3291, 0.5493, 61929
3292, 0.5589, 61947
3293, 0.5717, 61967
3294, 0.5619, 61985
3295, 0.5515, 62005
3296, 0.5596, 62024
3297, 0.5696, 62043
3298, 0.5664, 62062
3299, 0.5563, 62081
3300, 0.5569, 62099
3301, 0.5685, 62118
3302, 0.5703, 62137
3303, 0.5606, 62156
3304, 0.5594, 62175
3305, 0.5648, 62194
3306, 0.5679, 62213
3307, 0.5667, 62232
3308, 0.5612, 62251
3309, 0.5642, 62271
3310, 0.5667, 62290
3311, 0.5617, 62308
3312, 0.5668, 62327
3313, 0.5649, 62346
3314, 0.5663, 62365
3315, 0.5658, 62384
3316, 0.5627, 62403
3317, 0.5665, 62422
3318, 0.5661, 62441
3319, 0.5656, 62460
3320, 0.5672, 62479
3321, 0.5645, 62498
3322, 0.5668, 62517
3323, 0.5624, 62536
3324, 0.5653, 62555
3325, 0.567, 62574
3326, 0.5654, 62593
3327, 0.5652, 62612
3328, 0.5622, 62631
3329, 0.5691, 62650
3330, 0.5676, 62669
3331, 0.564, 62688
3332, 0.5631, 62707
3333, 0.561, 62726
3334, 0.5736, 62745
3335, 0.5707, 62764
3336, 0.5637, 62783
3337, 0.5568, 62802
3338, 0.5603, 62821
3339, 0.5713, 62840
3340, 0.5738, 62859
3341, 0.566, 62878
3342, 0.5561, 62897
3343, 0.5567, 62917
3344, 0.5674, 62935
3345, 0.5717, 62954
3346, 0.5679, 62973
3347, 0.5579, 62993
3348, 0.5549, 63011
3349, 0.5625, 63030
3350, 0.5695, 63050
3351, 0.5686, 63069
3352, 0.5648, 63088
3353, 0.5568, 63107
3354, 0.5592, 63126
3355, 0.5672, 63145
3356, 0.5661, 63164
3357, 0.5668, 63183
3358, 0.5584, 63201
3359, 0.5612, 63220
3360, 0.5681, 63239
3361, 0.5636, 63258
3362, 0.563, 63277
3363, 0.5564, 63296
3364, 0.5643, 63315
3365, 0.5707, 63333
3366, 0.562, 63352
3367, 0.557, 63371
3368, 0.5549, 63389
3369, 0.5687, 63408
3370, 0.573, 63427
3371, 0.5623, 63446
3372, 0.5539, 63464
3373, 0.555, 63483
3374, 0.5703, 63502
3375, 0.5688, 63521
3376, 0.5588, 63540
3377, 0.556, 63559
3378, 0.5614, 63577
3379, 0.5678, 63596
3380, 0.5653, 63615
3381, 0.5628, 63634
3382, 0.5638, 63653
3383, 0.5613, 63672
3384, 0.5638, 63692
3385, 0.565, 63711
3386, 0.5658, 63730
3387, 0.5661, 63749
3388, 0.5601, 63768
3389, 0.5656, 63787
3390, 0.5697, 63805
3391, 0.5669, 63825
3392, 0.5636, 63844
3393, 0.5614, 63863
3394, 0.5692, 63882
3395, 0.5713, 63901
3396, 0.5643, 63920
3397, 0.5606, 63939
3398, 0.5673, 63958
3399, 0.576, 63976
3400, 0.5741, 63996
3401, 0.5625, 64015
3402, 0.5588, 64034
3403, 0.5714, 64053
3404, 0.5747, 64072
3405, 0.5682, 64091
3406, 0.5612, 64110
3407, 0.5648, 64129
3408, 0.573, 64147
3409, 0.5688, 64166
3410, 0.5628, 64185
3411, 0.5594, 64204
3412, 0.5692, 64223
3413, 0.576, 64242
3414, 0.5697, 64261
3415, 0.5618, 64281
3416, 0.5574, 64300
3417, 0.566, 64319
3418, 0.5723, 64338
3419, 0.5715, 64357
3420, 0.5674, 64376
3421, 0.5652, 64395
3422, 0.5592, 64414
3423, 0.5561, 64433
3424, 0.5674, 64452
3425, 0.5705, 64470
3426, 0.5679, 64489
3427, 0.5614, 64509
3428, 0.5548, 64528
3429, 0.5594, 64546
3430, 0.5642, 64566
3431, 0.5666, 64585
3432, 0.5667, 64604
3433, 0.5585, 64623
3434, 0.5545, 64642
3435, 0.5579, 64661
3436, 0.5651, 64681
3437, 0.5714, 64700
3438, 0.5602, 64718
3439, 0.5544, 64737
3440, 0.5552, 64756
3441, 0.5641, 64775
3442, 0.5685, 64794
3443, 0.5626, 64813
3444, 0.5618, 64832
3445, 0.559, 64852
3446, 0.5589, 64870
3447, 0.5648, 64890
3448, 0.57, 64909
3449, 0.5608, 64928
3450, 0.5541, 64947
3451, 0.5626, 64966
3452, 0.5744, 64985
3453, 0.5694, 65003
3454, 0.5522, 65023
3455, 0.5527, 65042
3456, 0.5784, 65061
3457, 0.5779, 65080
3458, 0.5657, 65099
3459, 0.5572, 65118
3460, 0.5645, 65137
3461, 0.5778, 65156
3462, 0.5716, 65175
3463, 0.5638, 65194
3464, 0.5656, 65214
3465, 0.5685, 65233
3466, 0.5704, 65252
3467, 0.573, 65271
3468, 0.5658, 65290
3469, 0.5632, 65309
3470, 0.5649, 65328
3471, 0.5717, 65347
3472, 0.5757, 65366
3473, 0.5661, 65385
3474, 0.5616, 65404
3475, 0.5655, 65423
3476, 0.575, 65442
3477, 0.5762, 65462
3478, 0.5664, 65481
3479, 0.5647, 65503
3480, 0.5698, 65522
3481, 0.5744, 65542
3482, 0.5713, 65560
3483, 0.5686, 65580
3484, 0.57, 65599
3485, 0.5724, 65618
3486, 0.574, 65638
3487, 0.5673, 65657
3488, 0.5674, 65676
3489, 0.5698, 65695
3490, 0.5733, 65715
3491, 0.5783, 65734
3492, 0.5653, 65753
3493, 0.5663, 65772
3494, 0.5649, 65791
3495, 0.5741, 65810
3496, 0.5802, 65830
3497, 0.5662, 65848
3498, 0.5646, 65868
3499, 0.5619, 65887
3500, 0.5721, 65906
3501, 0.5798, 65925
3502, 0.5686, 65944
3503, 0.564, 65963
3504, 0.5612, 65982
3505, 0.5752, 66001
3506, 0.5777, 66020
3507, 0.5713, 66039
3508, 0.5666, 66058
3509, 0.5637, 66077
3510, 0.5732, 66097
3511, 0.573, 66116
3512, 0.5727, 66135
3513, 0.569, 66155
3514, 0.5671, 66173
3515, 0.5746, 66193
3516, 0.5719, 66212
3517, 0.5735, 66231
3518, 0.5693, 66250
3519, 0.5686, 66269
3520, 0.571, 66289
3521, 0.5697, 66308
3522, 0.574, 66327
3523, 0.5742, 66346
3524, 0.5718, 66366
3525, 0.5658, 66385
3526, 0.5672, 66404
3527, 0.5709, 66423
3528, 0.577, 66443
3529, 0.572, 66462
3530, 0.5678, 66481
3531, 0.5648, 66501
3532, 0.5722, 66520
3533, 0.5737, 66539
3534, 0.565, 66558
3535, 0.5633, 66578
3536, 0.5669, 66597
3537, 0.5787, 66616
3538, 0.5763, 66635
3539, 0.5578, 66655
3540, 0.5551, 66674
3541, 0.5614, 66693
3542, 0.5786, 66713
3543, 0.5756, 66732
3544, 0.5614, 66751
3545, 0.5628, 66770
3546, 0.5643, 66789
3547, 0.5704, 66808
3548, 0.5703, 66827
3549, 0.5646, 66846
3550, 0.5745, 66865
3551, 0.5673, 66885
3552, 0.5649, 66904
3553, 0.5638, 66922
3554, 0.5676, 66942
3555, 0.5738, 66960
3556, 0.5679, 66980
3557, 0.5665, 66999
3558, 0.5696, 67018
3559, 0.5682, 67037
3560, 0.5615, 67057
3561, 0.563, 67076
3562, 0.5711, 67095
3563, 0.58, 67114
3564, 0.571, 67133
3565, 0.5529, 67152
3566, 0.5596, 67171
3567, 0.5726, 67190
3568, 0.5804, 67210
3569, 0.5676, 67229
3570, 0.5572, 67248
3571, 0.5622, 67268
3572, 0.5637, 67287
3573, 0.5672, 67306
3574, 0.569, 67325
3575, 0.5678, 67345
3576, 0.5628, 67364
3577, 0.5601, 67383
3578, 0.5656, 67402
3579, 0.5703, 67422
3580, 0.5664, 67441
3581, 0.5622, 67460
3582, 0.5673, 67480
3583, 0.5735, 67499
3584, 0.5668, 67519
3585, 0.5647, 67538
3586, 0.5675, 67557
3587, 0.5745, 67577
3588, 0.5675, 67596
3589, 0.5625, 67615
3590, 0.5692, 67634
3591, 0.5768, 67654
3592, 0.5692, 67672
3593, 0.5657, 67691
3594, 0.5602, 67710
3595, 0.5731, 67730
3596, 0.574, 67749
3597, 0.5657, 67769
3598, 0.5644, 67788
3599, 0.5583, 67807
3600, 0.5732, 67826
3601, 0.5749, 67845
3602, 0.5684, 67864
3603, 0.5631, 67883
3604, 0.5608, 67902
3605, 0.5731, 67921
3606, 0.5824, 67941
3607, 0.5704, 67960
3608, 0.5615, 67979
3609, 0.5616, 67998
3610, 0.5769, 68018
3611, 0.579, 68037
3612, 0.5703, 68056
3613, 0.564, 68075
3614, 0.5667, 68094
3615, 0.5766, 68113
3616, 0.5769, 68132
3617, 0.568, 68152
3618, 0.5724, 68171
3619, 0.575, 68190
3620, 0.5752, 68209
3621, 0.5711, 68228
3622, 0.569, 68247
3623, 0.577, 68266
3624, 0.58, 68285
3625, 0.5762, 68304
3626, 0.5686, 68323
3627, 0.5699, 68342
3628, 0.5731, 68361
3629, 0.5795, 68380
3630, 0.578, 68399
3631, 0.5731, 68419
3632, 0.5695, 68438
3633, 0.5653, 68457
3634, 0.572, 68476
3635, 0.5791, 68496
3636, 0.5764, 68515
3637, 0.5695, 68534
3638, 0.5613, 68553
3639, 0.5658, 68574
3640, 0.5736, 68593
3641, 0.5774, 68612
3642, 0.5696, 68631
3643, 0.5636, 68651
3644, 0.5676, 68670
3645, 0.5702, 68689
3646, 0.5733, 68708
3647, 0.5692, 68727
3648, 0.5718, 68746
3649, 0.5704, 68766
3650, 0.5661, 68785
3651, 0.5658, 68805
3652, 0.5673, 68824
3653, 0.5777, 68844
3654, 0.5733, 68863
3655, 0.5627, 68882
3656, 0.5642, 68901
3657, 0.5697, 68920
3658, 0.5754, 68939
3659, 0.5703, 68958
3660, 0.5616, 68977
3661, 0.5681, 68996
3662, 0.5703, 69015
3663, 0.5769, 69035
3664, 0.572, 69055
3665, 0.5654, 69074
3666, 0.5661, 69093
3667, 0.5721, 69113
3668, 0.5801, 69132
3669, 0.5742, 69151
3670, 0.5611, 69171
3671, 0.5663, 69190
3672, 0.5772, 69210
3673, 0.5759, 69229
3674, 0.5726, 69249
3675, 0.5638, 69268
3676, 0.5728, 69287
3677, 0.5787, 69306
3678, 0.5707, 69325
3679, 0.5691, 69344
3680, 0.5706, 69363
3681, 0.5769, 69382
3682, 0.5769, 69402
3683, 0.5695, 69421
3684, 0.5746, 69441
3685, 0.5809, 69460
3686, 0.5759, 69480
3687, 0.5711, 69499
3688, 0.568, 69518
3689, 0.5788, 69537
3690, 0.5834, 69557
3691, 0.5738, 69576
3692, 0.5706, 69595
3693, 0.5711, 69614
3694, 0.5785, 69633
3695, 0.5845, 69653
3696, 0.5757, 69672
3697, 0.5741, 69691
3698, 0.5729, 69711
3699, 0.572, 69731
3700, 0.5757, 69750
3701, 0.5766, 69769
3702, 0.5768, 69788
3703, 0.5733, 69807
3704, 0.5715, 69826
3705, 0.5692, 69845
3706, 0.571, 69864
3707, 0.5749, 69884
3708, 0.5754, 69903
3709, 0.5741, 69922
3710, 0.5709, 69941
3711, 0.5688, 69960
3712, 0.5687, 69980
3713, 0.578, 69999
3714, 0.5797, 70019
3715, 0.5733, 70038
3716, 0.5657, 70058
3717, 0.566, 70076
3718, 0.5781, 70095
3719, 0.5823, 70114
3720, 0.5747, 70134
3721, 0.5642, 70153
3722, 0.5653, 70172
3723, 0.5763, 70191
3724, 0.5788, 70210
3725, 0.5748, 70230
3726, 0.5651, 70249
3727, 0.5709, 70268
3728, 0.5753, 70287
3729, 0.5734, 70307
3730, 0.5723, 70326
3731, 0.5718, 70345
3732, 0.5778, 70364
3733, 0.5742, 70383
3734, 0.5681, 70402
3735, 0.5713, 70421
3736, 0.5783, 70440
3737, 0.5818, 70459
3738, 0.5719, 70478
3739, 0.5639, 70498
3740, 0.5732, 70517
3741, 0.5816, 70536
3742, 0.582, 70555
3743, 0.569, 70574
3744, 0.5662, 70593
3745, 0.5726, 70612
3746, 0.5822, 70631
3747, 0.5797, 70650
3748, 0.5707, 70669
3749, 0.5706, 70689
3750, 0.5745, 70708
3751, 0.5793, 70727
3752, 0.5784, 70746
3753, 0.5731, 70766
3754, 0.5727, 70785
3755, 0.5758, 70804
3756, 0.5752, 70823
3757, 0.574, 70843
3758, 0.576, 70862
3759, 0.5773, 70881
3760, 0.5775, 70900
3761, 0.5723, 70919
3762, 0.5699, 70939
3763, 0.5781, 70959
3764, 0.5801, 70978
3765, 0.5788, 70997
3766, 0.5702, 71017
3767, 0.5674, 71036
3768, 0.5792, 71055
3769, 0.5817, 71074
3770, 0.5805, 71093
3771, 0.571, 71112
3772, 0.5666, 71131
3773, 0.5757, 71150
3774, 0.582, 71169
3775, 0.5778, 71188
3776, 0.5705, 71208
3777, 0.5715, 71227
3778, 0.579, 71246
3779, 0.5817, 71265
3780, 0.5759, 71285
3781, 0.5719, 71304
3782, 0.5744, 71323
3783, 0.578, 71342
3784, 0.5788, 71361
3785, 0.575, 71380
3786, 0.5776, 71399
3787, 0.5778, 71418
3788, 0.5726, 71438
3789, 0.573, 71457
3790, 0.5756, 71476
3791, 0.5835, 71496
3792, 0.5786, 71515
3793, 0.5702, 71534
3794, 0.5714, 71553
3795, 0.5777, 71573
3796, 0.5859, 71592
3797, 0.579, 71611
3798, 0.5711, 71630
3799, 0.5715, 71649
3800, 0.5792, 71669
3801, 0.5837, 71688
3802, 0.5824, 71707
3803, 0.5757, 71726
3804, 0.5741, 71744
3805, 0.5764, 71764
3806, 0.5758, 71783
3807, 0.5832, 71802
3808, 0.5795, 71821
3809, 0.575, 71840
3810, 0.5726, 71860
3811, 0.5714, 71879
3812, 0.5837, 71897
3813, 0.5815, 71917
3814, 0.573, 71936
3815, 0.57, 71955
3816, 0.5744, 71974
3817, 0.5822, 71993
3818, 0.5779, 72013
3819, 0.5717, 72032
3820, 0.5746, 72050
3821, 0.579, 72069
3822, 0.5795, 72089
3823, 0.5747, 72108
3824, 0.5754, 72127
3825, 0.5791, 72146
3826, 0.5771, 72166
3827, 0.5736, 72185
3828, 0.5777, 72205
3829, 0.5815, 72224
3830, 0.5803, 72243
3831, 0.5737, 72262
3832, 0.5707, 72281
3833, 0.5854, 72300
3834, 0.585, 72320
3835, 0.5758, 72339
3836, 0.5732, 72358
3837, 0.5761, 72378
3838, 0.5856, 72397
3839, 0.5804, 72417
3840, 0.5741, 72436
3841, 0.5766, 72455
3842, 0.5805, 72474
3843, 0.5851, 72492
3844, 0.5775, 72511
3845, 0.5783, 72530
3846, 0.5821, 72549
3847, 0.5788, 72569
3848, 0.5762, 72588
3849, 0.5795, 72607
3850, 0.585, 72626
3851, 0.5835, 72645
3852, 0.5718, 72663
3853, 0.5742, 72682
3854, 0.5839, 72702
3855, 0.5885, 72721
3856, 0.582, 72740
3857, 0.5679, 72759
3858, 0.5778, 72777
3859, 0.5857, 72797
3860, 0.585, 72816
3861, 0.5744, 72834
3862, 0.5753, 72854
3863, 0.5827, 72873
3864, 0.5818, 72892
3865, 0.5797, 72911
3866, 0.5797, 72930
3867, 0.5824, 72950
3868, 0.5791, 72969
3869, 0.5775, 72988
3870, 0.5826, 73007
3871, 0.5861, 73026
3872, 0.5816, 73045
3873, 0.5765, 73064
3874, 0.5755, 73084
3875, 0.5869, 73103
3876, 0.5895, 73122
3877, 0.58, 73141
3878, 0.5754, 73161
3879, 0.5784, 73180
3880, 0.5889, 73199
3881, 0.5884, 73218
3882, 0.5774, 73237
3883, 0.5772, 73257
3884, 0.5804, 73276
3885, 0.5858, 73295
3886, 0.5866, 73314
3887, 0.5812, 73333
3888, 0.5824, 73352
3889, 0.5801, 73371
3890, 0.5802, 73390
3891, 0.5835, 73409
3892, 0.5857, 73428
3893, 0.5841, 73447
3894, 0.5744, 73466
3895, 0.5742, 73485
3896, 0.5865, 73504
3897, 0.5897, 73523
3898, 0.5845, 73542
3899, 0.5713, 73562
3900, 0.574, 73581
3901, 0.5892, 73600
3902, 0.5904, 73619
3903, 0.5823, 73638
3904, 0.5735, 73657
3905, 0.5802, 73676
3906, 0.5858, 73696
3907, 0.588, 73715
3908, 0.5824, 73734
3909, 0.5794, 73753
3910, 0.58, 73772
3911, 0.5793, 73791
3912, 0.5875, 73810
3913, 0.5853, 73829
3914, 0.5834, 73848
3915, 0.5823, 73867
3916, 0.575, 73886
3917, 0.5837, 73906
3918, 0.5874, 73924
3919, 0.5877, 73943
3920, 0.5828, 73962
3921, 0.5718, 73981
3922, 0.583, 74000
3923, 0.5897, 74019
3924, 0.5911, 74038
3925, 0.5809, 74057
3926, 0.5704, 74077
3927, 0.5829, 74096
3928, 0.5907, 74115
3929, 0.5903, 74135
3930, 0.579, 74154
3931, 0.5744, 74173
3932, 0.5848, 74192
3933, 0.5916, 74211
3934, 0.5881, 74231
3935, 0.5799, 74249
3936, 0.5764, 74268
3937, 0.5862, 74287
3938, 0.5894, 74306
3939, 0.5826, 74325
3940, 0.582, 74344
3941, 0.582, 74363
3942, 0.5847, 74382
3943, 0.5844, 74401
3944, 0.5864, 74421
3945, 0.5848, 74440
3946, 0.5887, 74459
3947, 0.582, 74478
3948, 0.5829, 74497
3949, 0.586, 74517
3950, 0.5846, 74536
3951, 0.5814, 74555
3952, 0.5725, 74574
3953, 0.5745, 74593
3954, 0.5799, 74613
3955, 0.5884, 74632
3956, 0.5842, 74651
3957, 0.5809, 74670
3958, 0.5807, 74689
3959, 0.5884, 74708
3960, 0.5874, 74728
3961, 0.5794, 74747
3962, 0.5699, 74766
3963, 0.5746, 74785
3964, 0.5721, 74805
3965, 0.5691, 74824
3966, 0.5713, 74843
3967, 0.5798, 74862
3968, 0.5889, 74882
3969, 0.5832, 74901
3970, 0.5619, 74920
3971, 0.553, 74939
3972, 0.5634, 74958
3973, 0.5828, 74977
3974, 0.585, 74996
3975, 0.5693, 75015
3976, 0.5605, 75034
3977, 0.5631, 75053
3978, 0.5659, 75072
3979, 0.5832, 75091
3980, 0.5744, 75110
3981, 0.5632, 75129
3982, 0.5675, 75148
3983, 0.5734, 75167
3984, 0.5795, 75187
3985, 0.5694, 75206
3986, 0.5598, 75225
3987, 0.5726, 75244
3988, 0.5711, 75263
3989, 0.5734, 75282
3990, 0.572, 75301
3991, 0.5701, 75320
3992, 0.5669, 75339
3993, 0.5749, 75358
3994, 0.5809, 75377
3995, 0.5747, 75396
3996, 0.5654, 75416
3997, 0.5685, 75435
3998, 0.5889, 75454
3999, 0.5848, 75473
4000, 0.5678, 75492
4001, 0.5678, 75511
4002, 0.5793, 75530
4003, 0.5918, 75550
4004, 0.5836, 75568
4005, 0.5726, 75587
4006, 0.5764, 75607
4007, 0.5823, 75626
4008, 0.5847, 75645
4009, 0.5821, 75664
4010, 0.5817, 75683
4011, 0.5806, 75702
4012, 0.5826, 75722
4013, 0.5852, 75741
4014, 0.5858, 75760
4015, 0.5808, 75779
4016, 0.5767, 75798
4017, 0.5836, 75817
4018, 0.5926, 75836
4019, 0.5887, 75855
4020, 0.5799, 75875
4021, 0.5731, 75893
4022, 0.5811, 75913
4023, 0.5872, 75932
4024, 0.584, 75951
4025, 0.5791, 75970
4026, 0.5798, 75989
4027, 0.5852, 76008
4028, 0.5855, 76027
4029, 0.5736, 76046
4030, 0.5684, 76065
4031, 0.5783, 76085
4032, 0.5904, 76104
4033, 0.5861, 76123
4034, 0.5758, 76142
4035, 0.5687, 76162
4036, 0.5746, 76181
4037, 0.5874, 76199
4038, 0.586, 76219
4039, 0.5788, 76238
4040, 0.5739, 76257
4041, 0.5742, 76276
4042, 0.5812, 76295
4043, 0.5804, 76314
4044, 0.5818, 76333
4045, 0.5797, 76353
4046, 0.5819, 76372
4047, 0.5799, 76391
4048, 0.5753, 76410
4049, 0.5724, 76429
4050, 0.5824, 76448
4051, 0.5866, 76468
4052, 0.5804, 76487
4053, 0.5685, 76506
4054, 0.5692, 76525
4055, 0.5871, 76544
4056, 0.5875, 76562
4057, 0.5811, 76581
4058, 0.5714, 76600
4059, 0.5723, 76620
4060, 0.5832, 76639
4061, 0.5839, 76658
4062, 0.5805, 76677
4063, 0.5782, 76696
4064, 0.5749, 76715
4065, 0.58, 76734
4066, 0.5778, 76753
4067, 0.5829, 76772
4068, 0.5782, 76791
4069, 0.5741, 76810
4070, 0.5797, 76830
4071, 0.5766, 76849
4072, 0.581, 76868
4073, 0.5832, 76887
4074, 0.5804, 76907
4075, 0.579, 76926
4076, 0.5725, 76945
4077, 0.5815, 76965
4078, 0.5899, 76984
4079, 0.584, 77003
4080, 0.5727, 77022
4081, 0.5707, 77042
4082, 0.5854, 77061
4083, 0.5923, 77080
4084, 0.5805, 77099
4085, 0.5705, 77119
4086, 0.5758, 77138
4087, 0.5903, 77157
4088, 0.5897, 77177
4089, 0.5789, 77196
4090, 0.5755, 77216
4091, 0.5846, 77234
4092, 0.5892, 77254
4093, 0.585, 77273
4094, 0.581, 77292
4095, 0.5853, 77311
4096, 0.5875, 77330
4097, 0.5846, 77349
4098, 0.5814, 77368
4099, 0.5841, 77387
4100, 0.5915, 77406
4101, 0.5913, 77425
4102, 0.5833, 77444
4103, 0.5761, 77464
4104, 0.5846, 77483
4105, 0.5939, 77502
4106, 0.5906, 77521
4107, 0.5862, 77541
4108, 0.5784, 77560
4109, 0.5814, 77579
4110, 0.5852, 77598
4111, 0.5881, 77617
4112, 0.5881, 77636
4113, 0.583, 77655
4114, 0.5757, 77674
4115, 0.5808, 77694
4116, 0.5867, 77713
4117, 0.5881, 77732
4118, 0.5867, 77751
4119, 0.5784, 77770
4120, 0.5811, 77788
4121, 0.5869, 77807
4122, 0.5835, 77826
4123, 0.5848, 77846
4124, 0.5824, 77865
4125, 0.5863, 77883
4126, 0.583, 77903
4127, 0.5782, 77921
4128, 0.5838, 77940
4129, 0.5894, 77960
4130, 0.5862, 77979
4131, 0.5777, 77998
4132, 0.5742, 78017
4133, 0.5879, 78036
4134, 0.5928, 78056
4135, 0.5842, 78075
4136, 0.5727, 78094
4137, 0.5735, 78113
4138, 0.5916, 78132
4139, 0.5918, 78151
4140, 0.5773, 78170
4141, 0.575, 78189
4142, 0.5849, 78209
4143, 0.5923, 78228
4144, 0.5894, 78247
4145, 0.5763, 78266
4146, 0.5806, 78286
4147, 0.5853, 78305
4148, 0.5891, 78324
4149, 0.5864, 78343
4150, 0.5845, 78362
4151, 0.583, 78381
4152, 0.5839, 78400
4153, 0.5866, 78419
4154, 0.5898, 78438
4155, 0.5894, 78458
4156, 0.5817, 78477
4157, 0.5822, 78497
4158, 0.588, 78516
4159, 0.5942, 78534
4160, 0.5908, 78554
4161, 0.5819, 78573
4162, 0.5826, 78592
4163, 0.5904, 78611
4164, 0.589, 78630
4165, 0.5881, 78649
4166, 0.5831, 78668
4167, 0.5899, 78687
4168, 0.5902, 78706
4169, 0.5845, 78726
4170, 0.5853, 78745
4171, 0.5886, 78764
4172, 0.5924, 78783
4173, 0.5848, 78802
4174, 0.5794, 78821
4175, 0.5846, 78840
4176, 0.5925, 78860
4177, 0.5918, 78879
4178, 0.5874, 78897
4179, 0.5822, 78917
4180, 0.5858, 78935
4181, 0.5899, 78955
4182, 0.5896, 78973
4183, 0.5915, 78992
4184, 0.5881, 79011
4185, 0.5818, 79031
4186, 0.5836, 79050
4187, 0.5823, 79070
4188, 0.5954, 79089
4189, 0.5921, 79109
4190, 0.5816, 79127
4191, 0.5816, 79147
4192, 0.5826, 79166
4193, 0.5949, 79185
4194, 0.5926, 79204
4195, 0.5797, 79223
4196, 0.5843, 79243
4197, 0.5859, 79261
4198, 0.593, 79280
4199, 0.5901, 79299
4200, 0.5777, 79318
4201, 0.5876, 79337
4202, 0.5857, 79356
4203, 0.5875, 79375
4204, 0.5871, 79394
4205, 0.5826, 79413
4206, 0.5885, 79432
4207, 0.5833, 79451
4208, 0.5844, 79470
4209, 0.5882, 79489
4210, 0.588, 79508
4211, 0.59, 79527
4212, 0.5846, 79546
4213, 0.5847, 79565
4214, 0.5872, 79584
4215, 0.5874, 79604
4216, 0.5905, 79623
4217, 0.5884, 79642
4218, 0.5921, 79661
4219, 0.5883, 79680
4220, 0.5847, 79699
4221, 0.5826, 79718
4222, 0.5917, 79738
4223, 0.5929, 79757
4224, 0.5905, 79776
4225, 0.5839, 79795
4226, 0.5797, 79814
4227, 0.5888, 79834
4228, 0.5948, 79853
4229, 0.5894, 79872
4230, 0.5832, 79892
4231, 0.5816, 79911
4232, 0.5843, 79930
4233, 0.5903, 79949
4234, 0.5889, 79968
4235, 0.591, 79987
4236, 0.5898, 80006
4237, 0.5858, 80025
4238, 0.5823, 80044
4239, 0.5821, 80063
4240, 0.5915, 80082
4241, 0.595, 80101
4242, 0.5884, 80121
4243, 0.5808, 80140
4244, 0.581, 80159
4245, 0.5898, 80179
4246, 0.5928, 80198
4247, 0.5849, 80217
4248, 0.5802, 80237
4249, 0.583, 80256
4250, 0.5848, 80275
4251, 0.5924, 80294
4252, 0.5867, 80313
4253, 0.5881, 80333
4254, 0.5836, 80352
4255, 0.5764, 80371
4256, 0.5845, 80390
4257, 0.5832, 80409
4258, 0.5894, 80428
4259, 0.5873, 80447
4260, 0.5786, 80466
4261, 0.5853, 80485
4262, 0.5825, 80505
4263, 0.5873, 80525
4264, 0.5848, 80544
4265, 0.5803, 80563
4266, 0.5902, 80582
4267, 0.5901, 80601
4268, 0.5888, 80620
4269, 0.5854, 80639
4270, 0.5801, 80658
4271, 0.583, 80678
4272, 0.5892, 80697
4273, 0.5881, 80716
4274, 0.5925, 80735
4275, 0.5826, 80754
4276, 0.5821, 80773
4277, 0.5899, 80792
4278, 0.5838, 80811
4279, 0.5827, 80830
4280, 0.5759, 80849
4281, 0.5872, 80868
4282, 0.5964, 80888
4283, 0.5897, 80907
4284, 0.5749, 80926
4285, 0.5672, 80945
4286, 0.5871, 80964
4287, 0.5964, 80983
4288, 0.589, 81002
4289, 0.5793, 81022
4290, 0.5786, 81041
4291, 0.5847, 81060
4292, 0.5888, 81080
4293, 0.5793, 81099
4294, 0.5833, 81119
4295, 0.5942, 81138
4296, 0.594, 81157
4297, 0.5779, 81176
4298, 0.5735, 81195
4299, 0.5834, 81214
4300, 0.5923, 81233
4301, 0.5896, 81253
4302, 0.5846, 81272
4303, 0.5799, 81291
4304, 0.5815, 81311
4305, 0.5841, 81330
4306, 0.591, 81348
4307, 0.5896, 81368
4308, 0.5802, 81387
4309, 0.5756, 81407
4310, 0.5816, 81426
4311, 0.5857, 81445
4312, 0.5903, 81464
4313, 0.5843, 81483
4314, 0.5775, 81502
4315, 0.5807, 81521
4316, 0.58, 81541
4317, 0.5903, 81560
4318, 0.5815, 81579
4319, 0.5719, 81599
4320, 0.581, 81618
4321, 0.5898, 81637
4322, 0.5919, 81657
4323, 0.5774, 81676
4324, 0.5657, 81696
4325, 0.59, 81715
4326, 0.5984, 81734
4327, 0.5804, 81753
4328, 0.5759, 81772
4329, 0.581, 81791
4330, 0.5985, 81811
4331, 0.5921, 81831
4332, 0.5715, 81850
4333, 0.5841, 81869
4334, 0.5901, 81888
4335, 0.5868, 81907
4336, 0.5851, 81926
4337, 0.5854, 81946
4338, 0.5901, 81965
4339, 0.5888, 81984
4340, 0.5835, 82004
4341, 0.5943, 82023
4342, 0.5935, 82043
4343, 0.5837, 82062
4344, 0.5892, 82081
4345, 0.5915, 82100
4346, 0.5988, 82120
4347, 0.5938, 82139
4348, 0.5865, 82158
4349, 0.5937, 82177
4350, 0.5971, 82197
4351, 0.5963, 82216
4352, 0.5937, 82235
4353, 0.5884, 82255
4354, 0.5949, 82274
4355, 0.5984, 82293
4356, 0.5943, 82312
4357, 0.5956, 82331
4358, 0.5916, 82350
4359, 0.5961, 82369
4360, 0.5982, 82388
4361, 0.596, 82407
4362, 0.5982, 82426
4363, 0.5931, 82445
4364, 0.5914, 82465
4365, 0.5948, 82484
4366, 0.5949, 82503
4367, 0.5995, 82523
4368, 0.5967, 82542
4369, 0.5896, 82561
4370, 0.593, 82580
4371, 0.5972, 82599
4372, 0.6021, 82619
4373, 0.5977, 82638
4374, 0.5908, 82657
4375, 0.592, 82676
4376, 0.5978, 82696
4377, 0.5986, 82715
4378, 0.5981, 82734
4379, 0.5922, 82754
4380, 0.5925, 82774
4381, 0.5968, 82793
4382, 0.5927, 82812
4383, 0.5955, 82830
4384, 0.5903, 82849
4385, 0.5947, 82868
4386, 0.6003, 82887
4387, 0.5914, 82906
4388, 0.594, 82925
4389, 0.5895, 82944
4390, 0.5942, 82963
4391, 0.5963, 82982
4392, 0.593, 83002
4393, 0.5902, 83021
4394, 0.5909, 83040
4395, 0.5935, 83059
4396, 0.599, 83078
4397, 0.5935, 83097
4398, 0.588, 83117
4399, 0.5872, 83136
4400, 0.5849, 83155
4401, 0.5969, 83174
4402, 0.595, 83194
4403, 0.5942, 83213
4404, 0.5861, 83232
4405, 0.5823, 83251
4406, 0.5906, 83270
4407, 0.5937, 83288
4408, 0.593, 83308
4409, 0.5827, 83327
4410, 0.5818, 83346
4411, 0.5977, 83365
4412, 0.5944, 83384
4413, 0.5883, 83403
4414, 0.5845, 83422
4415, 0.5849, 83441
4416, 0.5933, 83460
4417, 0.59, 83479
4418, 0.5849, 83498
4419, 0.595, 83517
4420, 0.592, 83536
4421, 0.5888, 83555
4422, 0.586, 83574
4423, 0.5829, 83593
4424, 0.5892, 83612
4425, 0.5877, 83631
4426, 0.5821, 83650
4427, 0.5887, 83668
4428, 0.5926, 83687
4429, 0.5915, 83706
4430, 0.5795, 83725
4431, 0.5732, 83744
4432, 0.5878, 83763
4433, 0.6004, 83782
4434, 0.5975, 83801
4435, 0.5861, 83820
4436, 0.5759, 83839
4437, 0.5834, 83858
4438, 0.5895, 83877
4439, 0.5864, 83896
4440, 0.5938, 83916
4441, 0.5946, 83935
4442, 0.5873, 83954
4443, 0.5833, 83973
4444, 0.5764, 83991
4445, 0.5932, 84010
4446, 0.5958, 84029
4447, 0.5864, 84048
4448, 0.5862, 84067
4449, 0.5835, 84086
4450, 0.5882, 84105
4451, 0.584, 84125
4452, 0.5833, 84143
4453, 0.5965, 84163
4454, 0.5915, 84182
4455, 0.58, 84201
4456, 0.5786, 84220
4457, 0.5853, 84239
4458, 0.596, 84258
4459, 0.5933, 84277
4460, 0.5821, 84296
4461, 0.5795, 84314
4462, 0.5826, 84334
4463, 0.5923, 84353
4464, 0.5971, 84371
4465, 0.5835, 84390
4466, 0.5781, 84409
4467, 0.5847, 84429
4468, 0.5935, 84448
4469, 0.5998, 84467
4470, 0.5852, 84486
4471, 0.5776, 84505
4472, 0.5909, 84524
4473, 0.6006, 84543
4474, 0.5934, 84562
4475, 0.5836, 84581
4476, 0.5879, 84600
4477, 0.5957, 84619
4478, 0.5967, 84638
4479, 0.5892, 84657
4480, 0.5913, 84676
4481, 0.5965, 84695
4482, 0.5969, 84715
4483, 0.595, 84734
4484, 0.5932, 84753
4485, 0.5975, 84772
4486, 0.6008, 84791
4487, 0.5967, 84810
4488, 0.5973, 84830
4489, 0.5934, 84849
4490, 0.5998, 84868
4491, 0.602, 84887
4492, 0.5956, 84906
4493, 0.5978, 84925
4494, 0.5913, 84944
4495, 0.5953, 84963
4496, 0.6029, 84983
4497, 0.5994, 85002
4498, 0.601, 85021
4499, 0.592, 85040
4500, 0.5919, 85060
4501, 0.6005, 85079
4502, 0.599, 85098
4503, 0.5998, 85117
4504, 0.596, 85136
4505, 0.5931, 85155
4506, 0.6016, 85174
4507, 0.599, 85193
4508, 0.5973, 85212
4509, 0.5934, 85231
4510, 0.5916, 85250
4511, 0.6033, 85269
4512, 0.6029, 85288
4513, 0.5958, 85308
4514, 0.5941, 85327
4515, 0.5894, 85346
4516, 0.598, 85364
4517, 0.5992, 85383
4518, 0.5964, 85402
4519, 0.596, 85422
4520, 0.5921, 85441
4521, 0.5952, 85460
4522, 0.5964, 85479
4523, 0.591, 85498
4524, 0.5922, 85517
4525, 0.5972, 85536
4526, 0.5952, 85555
4527, 0.5996, 85574
4528, 0.5891, 85593
4529, 0.5863, 85612
4530, 0.5881, 85631
4531, 0.5918, 85650
4532, 0.6011, 85669
4533, 0.5958, 85688
4534, 0.5913, 85707
4535, 0.5894, 85726
4536, 0.5884, 85745
4537, 0.5975, 85764
4538, 0.5957, 85783
4539, 0.597, 85802
4540, 0.5969, 85821
4541, 0.5906, 85840
4542, 0.5927, 85859
4543, 0.5916, 85878
4544, 0.5942, 85898
4545, 0.5998, 85917
4546, 0.5979, 85936
4547, 0.5971, 85955
4548, 0.592, 85974
4549, 0.5848, 85993
4550, 0.5927, 86012
4551, 0.5985, 86031
4552, 0.6017, 86049
4553, 0.5968, 86068
4554, 0.5843, 86087
4555, 0.5878, 86107
4556, 0.5943, 86126
4557, 0.599, 86145
4558, 0.5972, 86165
4559, 0.59, 86183
4560, 0.5885, 86202
4561, 0.5931, 86221
4562, 0.5893, 86240
4563, 0.5962, 86259
4564, 0.5941, 86278
4565, 0.5941, 86297
4566, 0.5915, 86316
4567, 0.5815, 86335
4568, 0.5932, 86355
4569, 0.5978, 86374
4570, 0.5979, 86393
4571, 0.5897, 86412
4572, 0.5807, 86432
4573, 0.5865, 86451
4574, 0.5949, 86470
4575, 0.5974, 86489
4576, 0.594, 86508
4577, 0.5853, 86527
4578, 0.5834, 86545
4579, 0.5932, 86564
4580, 0.5966, 86584
4581, 0.5998, 86603
4582, 0.5904, 86622
4583, 0.5821, 86641
4584, 0.5918, 86660
4585, 0.5988, 86679
4586, 0.6026, 86698
4587, 0.5906, 86717
4588, 0.5777, 86736
4589, 0.5918, 86755
4590, 0.6005, 86775
4591, 0.5995, 86794
4592, 0.5905, 86813
4593, 0.5819, 86832
4594, 0.5949, 86851
4595, 0.6029, 86870
4596, 0.5947, 86889
4597, 0.5931, 86908
4598, 0.5925, 86927
4599, 0.5954, 86946
4600, 0.5996, 86965
4601, 0.5922, 86984
4602, 0.5968, 87003
4603, 0.5976, 87023
4604, 0.5941, 87042
4605, 0.5983, 87060
4606, 0.5929, 87080
4607, 0.599, 87099
4608, 0.5996, 87118
4609, 0.5953, 87137
4610, 0.5972, 87156
4611, 0.5935, 87175
4612, 0.5969, 87194
4613, 0.5999, 87213
4614, 0.5992, 87233
4615, 0.5989, 87251
4616, 0.5923, 87270
4617, 0.598, 87290
4618, 0.6015, 87309
4619, 0.601, 87329
4620, 0.5979, 87348
4621, 0.5941, 87367
4622, 0.5951, 87386
4623, 0.6044, 87407
4624, 0.6021, 87427
4625, 0.5984, 87446
4626, 0.596, 87465
4627, 0.5937, 87484
4628, 0.6012, 87503
4629, 0.5999, 87523
4630, 0.6005, 87542
4631, 0.5966, 87561
4632, 0.597, 87580
4633, 0.601, 87599
4634, 0.5969, 87618
4635, 0.5989, 87637
4636, 0.5998, 87656
4637, 0.5999, 87676
4638, 0.6058, 87695
4639, 0.5981, 87714
4640, 0.5951, 87733
4641, 0.5927, 87753
4642, 0.5985, 87772
4643, 0.6042, 87791
4644, 0.6024, 87810
4645, 0.6002, 87829
4646, 0.5938, 87848
4647, 0.5973, 87867
4648, 0.6014, 87887
4649, 0.6031, 87906
4650, 0.5995, 87925
4651, 0.593, 87944
4652, 0.5969, 87963
4653, 0.598, 87982
4654, 0.6008, 88001
4655, 0.5997, 88020
4656, 0.6014, 88040
4657, 0.5992, 88058
4658, 0.5973, 88078
4659, 0.5946, 88097
4660, 0.592, 88116
4661, 0.5966, 88136
4662, 0.6008, 88155
4663, 0.6026, 88174
4664, 0.5987, 88193
4665, 0.5895, 88212
4666, 0.5904, 88231
4667, 0.5985, 88250
4668, 0.5982, 88269
4669, 0.5925, 88288
4670, 0.5818, 88307
4671, 0.5918, 88326
4672, 0.6037, 88345
4673, 0.6008, 88365
4674, 0.5921, 88384
4675, 0.5849, 88403
4676, 0.5891, 88422
4677, 0.5945, 88441
4678, 0.5984, 88461
4679, 0.5998, 88479
4680, 0.5984, 88498
4681, 0.5956, 88518
4682, 0.5882, 88537
4683, 0.5864, 88556
4684, 0.5981, 88576
4685, 0.6014, 88595
4686, 0.5972, 88614
4687, 0.5877, 88633
4688, 0.5889, 88653
4689, 0.5927, 88671
4690, 0.597, 88690
4691, 0.5917, 88710
4692, 0.5906, 88729
4693, 0.6007, 88748
4694, 0.597, 88767
4695, 0.5859, 88786
4696, 0.5838, 88805
4697, 0.5904, 88824
4698, 0.6027, 88843
4699, 0.5983, 88863
4700, 0.5861, 88882
4701, 0.5866, 88902
4702, 0.5902, 88921
4703, 0.5959, 88940
4704, 0.5953, 88959
4705, 0.592, 88978
4706, 0.5919, 88998
4707, 0.5917, 89017
4708, 0.5992, 89037
4709, 0.5978, 89056
4710, 0.5908, 89075
4711, 0.5935, 89095
4712, 0.5974, 89114
4713, 0.6017, 89133
4714, 0.5962, 89152
4715, 0.5863, 89171
4716, 0.5973, 89190
4717, 0.5995, 89210
4718, 0.603, 89229
4719, 0.5964, 89248
4720, 0.5863, 89267
4721, 0.5982, 89286
4722, 0.6003, 89305
4723, 0.5993, 89324
4724, 0.5987, 89343
4725, 0.5897, 89362
4726, 0.5997, 89381
4727, 0.5982, 89401
4728, 0.593, 89420
4729, 0.6002, 89439
4730, 0.598, 89457
4731, 0.6021, 89477
4732, 0.5946, 89496
4733, 0.5904, 89515
4734, 0.5986, 89534
4735, 0.604, 89553
4736, 0.601, 89572
4737, 0.595, 89591
4738, 0.5943, 89611
4739, 0.6018, 89630
4740, 0.5984, 89650
4741, 0.5952, 89668
4742, 0.6018, 89687
4743, 0.6039, 89707
4744, 0.6002, 89726
4745, 0.5907, 89745
4746, 0.585, 89764
4747, 0.6038, 89783
4748, 0.6094, 89803
4749, 0.6009, 89822
4750, 0.5876, 89842
4751, 0.584, 89861
4752, 0.6028, 89880
4753, 0.6034, 89899
4754, 0.5962, 89918
4755, 0.5886, 89937
4756, 0.593, 89956
4757, 0.5993, 89976
4758, 0.5974, 89995
4759, 0.5928, 90014
4760, 0.5927, 90033
4761, 0.5978, 90052
4762, 0.595, 90071
4763, 0.5977, 90090
4764, 0.5996, 90109
4765, 0.5983, 90128
4766, 0.5962, 90148
4767, 0.5914, 90167
4768, 0.603, 90186
4769, 0.6048, 90205
4770, 0.6014, 90224
4771, 0.5984, 90244
4772, 0.5879, 90263
4773, 0.6003, 90282
4774, 0.6053, 90302
4775, 0.6019, 90322
4776, 0.6036, 90341
4777, 0.5963, 90360
4778, 0.6012, 90379
4779, 0.6049, 90399
4780, 0.5987, 90418
4781, 0.6002, 90436
4782, 0.5976, 90455
4783, 0.6013, 90474
4784, 0.6026, 90493
4785, 0.5963, 90512
4786, 0.5989, 90531
4787, 0.5965, 90550
4788, 0.598, 90569
4789, 0.6008, 90588
4790, 0.5949, 90607
4791, 0.5968, 90627
4792, 0.5983, 90646
4793, 0.597, 90665
4794, 0.5979, 90684
4795, 0.5881, 90703
4796, 0.5919, 90722
4797, 0.5988, 90741
4798, 0.6043, 90760
4799, 0.5996, 90779
4800, 0.5878, 90798
4801, 0.59, 90817
4802, 0.5913, 90836
4803, 0.6012, 90855
4804, 0.6023, 90874
4805, 0.5966, 90893
4806, 0.5953, 90912
4807, 0.5885, 90931
4808, 0.5908, 90950
4809, 0.6016, 90969
4810, 0.6051, 90988
4811, 0.598, 91008
4812, 0.5952, 91027
4813, 0.5954, 91046
4814, 0.5997, 91065
4815, 0.6017, 91082
4816, 0.5905, 91097
4817, 0.5981, 91112
4818, 0.6067, 91127
4819, 0.6035, 91142
4820, 0.6024, 91157
4821, 0.5904, 91173
4822, 0.5929, 91188
4823, 0.6019, 91203
4824, 0.605, 91218
4825, 0.6076, 91233
4826, 0.601, 91248
4827, 0.5915, 91263
4828, 0.5902, 91278
4829, 0.5967, 91293
4830, 0.6043, 91308
4831, 0.606, 91324
4832, 0.5946, 91339
4833, 0.5886, 91354
4834, 0.594, 91370
4835, 0.5993, 91385
4836, 0.6012, 91400
4837, 0.5892, 91415
4838, 0.5927, 91431
4839, 0.6056, 91446
4840, 0.6005, 91461
4841, 0.5924, 91476
4842, 0.5857, 91492
4843, 0.5982, 91506
4844, 0.6098, 91521
4845, 0.5984, 91537
4846, 0.5922, 91552
4847, 0.5906, 91567
4848, 0.5998, 91584
4849, 0.6024, 91600
4850, 0.5909, 91615
4851, 0.6053, 91631
4852, 0.6027, 91648
4853, 0.6025, 91663
4854, 0.5976, 91678
4855, 0.5888, 91694
4856, 0.6031, 91716
4857, 0.6058, 91746
4858, 0.6037, 91793
4859, 0.6042, 91841
4860, 0.5968, 91890
4861, 0.5971, 91938
4862, 0.6008, 91987
4863, 0.6009, 92048
4864, 0.6094, 92103
4865, 0.6012, 92151
4866, 0.5993, 92200
4867, 0.5997, 92247
4868, 0.5989, 92293
4869, 0.6039, 92338
4870, 0.5992, 92384
4871, 0.5996, 92430
4872, 0.6034, 92478
4873, 0.6022, 92526
4874, 0.6, 92573
4875, 0.5882, 92622
4876, 0.5966, 92670
4877, 0.6048, 92716
4878, 0.61, 92763
4879, 0.5991, 92811
4880, 0.5898, 92855
4881, 0.596, 92902
4882, 0.5997, 92948
4883, 0.6117, 92997
4884, 0.6017, 93046
4885, 0.5966, 93092
4886, 0.5996, 93140
4887, 0.5938, 93189
4888, 0.6033, 93237
4889, 0.6026, 93285
4890, 0.6082, 93329
4891, 0.6028, 93378
4892, 0.5933, 93427
4893, 0.5978, 93474
4894, 0.5994, 93520
4895, 0.6054, 93566
4896, 0.608, 93615
4897, 0.5972, 93663
4898, 0.5998, 93708
4899, 0.5928, 93757
4900, 0.5937, 93806
4901, 0.6057, 93852
4902, 0.6028, 93899
4903, 0.6067, 93946
4904, 0.5937, 93995
4905, 0.59, 94044
4906, 0.6036, 94088
4907, 0.607, 94135
4908, 0.6076, 94182
4909, 0.5936, 94227
4910, 0.5939, 94274
4911, 0.6028, 94321
4912, 0.6069, 94369
4913, 0.602, 94417
4914, 0.598, 94466
4915, 0.6, 94512
4916, 0.6046, 94562
4917, 0.6048, 94612
4918, 0.5996, 94660
4919, 0.6025, 94708
4920, 0.6013, 94755
4921, 0.604, 94801
4922, 0.6051, 94847
4923, 0.6036, 94895
4924, 0.5997, 94943
4925, 0.5992, 94992
4926, 0.5955, 95039
4927, 0.6075, 95085
4928, 0.6089, 95131
4929, 0.5993, 95179
4930, 0.5969, 95226
4931, 0.5941, 95273
4932, 0.6062, 95319
4933, 0.6042, 95367
4934, 0.6015, 95412
4935, 0.603, 95459
4936, 0.5968, 95507
4937, 0.6032, 95554
4938, 0.6018, 95603
4939, 0.6082, 95651
4940, 0.6065, 95697
4941, 0.6003, 95745
4942, 0.6021, 95792
4943, 0.6004, 95839
4944, 0.6045, 95887
4945, 0.604, 95934
4946, 0.5991, 95982
4947, 0.6065, 96029
4948, 0.6059, 96077
4949, 0.6038, 96125
4950, 0.6015, 96172
4951, 0.5986, 96223
4952, 0.6067, 96269
4953, 0.6092, 96315
4954, 0.6034, 96362
4955, 0.6037, 96410
4956, 0.6005, 96458
4957, 0.6058, 96508
4958, 0.6047, 96555
4959, 0.6023, 96602
4960, 0.6041, 96649
4961, 0.61, 96698
4962, 0.6076, 96745
4963, 0.6024, 96791
4964, 0.5982, 96838
4965, 0.5991, 96886
4966, 0.6052, 96934
4967, 0.6059, 96981
4968, 0.6085, 97029
4969, 0.6022, 97077
4970, 0.6033, 97126
4971, 0.5997, 97174
4972, 0.5966, 97221
4973, 0.5983, 97272
4974, 0.6051, 97319
4975, 0.612, 97366
4976, 0.6062, 97414
4977, 0.5948, 97463
4978, 0.5954, 97510
4979, 0.6035, 97558
4980, 0.611, 97604
4981, 0.612, 97653
4982, 0.5983, 97699
4983, 0.5998, 97744
4984, 0.6051, 97791
4985, 0.6051, 97837
4986, 0.6022, 97883
4987, 0.5944, 97932
4988, 0.6067, 97979
4989, 0.6123, 98024
4990, 0.6047, 98072
4991, 0.6007, 98117
4992, 0.5909, 98165
4993, 0.6007, 98213
4994, 0.6136, 98259
4995, 0.607, 98306
4996, 0.6039, 98354
4997, 0.5945, 98404
4998, 0.5986, 98450
4999, 0.6066, 98500
5000, 0.6039, 98546
